t strain*1e23
-0.94335 -5.4
-0.9431 -5.4
-0.94286 -5.4
-0.94262 -5.3
-0.94237 -5.2
-0.94213 -5.2
-0.94188 -5.1
-0.94164 -5.0
-0.94139 -4.9
-0.94115 -4.8
-0.94091 -4.7
-0.94066 -4.6
-0.94042 -4.4
-0.94017 -4.3
-0.93993 -4.2
-0.93969 -4.0
-0.93944 -3.9
-0.9392 -3.7
-0.93895 -3.5
-0.93871 -3.4
-0.93847 -3.2
-0.93822 -3.0
-0.93798 -2.8
-0.93773 -2.7
-0.93749 -2.5
-0.93724 -2.3
-0.937 -2.1
-0.93676 -1.9
-0.93651 -1.7
-0.93627 -1.5
-0.93602 -1.3
-0.93578 -1.1
-0.93554 -0.9
-0.93529 -0.6
-0.93505 -0.4
-0.9348 -0.2
-0.93456 0.0
-0.93431 0.2
-0.93407 0.4
-0.93383 0.6
-0.93358 0.9
-0.93334 1.1
-0.93309 1.3
-0.93285 1.5
-0.93261 1.7
-0.93236 1.9
-0.93212 2.1
-0.93187 2.3
-0.93163 2.5
-0.93139 2.7
-0.93114 2.9
-0.9309 3.0
-0.93065 3.2
-0.93041 3.4
-0.93016 3.6
-0.92992 3.7
-0.92968 3.9
-0.92943 4.0
-0.92919 4.2
-0.92894 4.3
-0.9287 4.4
-0.92846 4.6
-0.92821 4.7
-0.92797 4.8
-0.92772 4.9
-0.92748 5.0
-0.92723 5.1
-0.92699 5.2
-0.92675 5.3
-0.9265 5.3
-0.92626 5.4
-0.92601 5.4
-0.92577 5.5
-0.92553 5.5
-0.92528 5.5
-0.92504 5.6
-0.92479 5.6
-0.92455 5.6
-0.9243 5.6
-0.92406 5.6
-0.92382 5.5
-0.92357 5.5
-0.92333 5.5
-0.92308 5.4
-0.92284 5.4
-0.9226 5.3
-0.92235 5.2
-0.92211 5.1
-0.92186 5.1
-0.92162 5.0
-0.92138 4.9
-0.92113 4.8
-0.92089 4.6
-0.92064 4.5
-0.9204 4.4
-0.92015 4.2
-0.91991 4.1
-0.91967 4.0
-0.91942 3.8
-0.91918 3.6
-0.91893 3.5
-0.91869 3.3
-0.91845 3.1
-0.9182 2.9
-0.91796 2.8
-0.91771 2.6
-0.91747 2.4
-0.91722 2.2
-0.91698 2.0
-0.91674 1.8
-0.91649 1.6
-0.91625 1.4
-0.916 1.1
-0.91576 0.9
-0.91552 0.7
-0.91527 0.5
-0.91503 0.3
-0.91478 0.0
-0.91454 -0.1
-0.9143 -0.4
-0.91405 -0.6
-0.91381 -0.8
-0.91356 -1.0
-0.91332 -1.2
-0.91307 -1.4
-0.91283 -1.6
-0.91259 -1.8
-0.91234 -2.0
-0.9121 -2.2
-0.91185 -2.4
-0.91161 -2.6
-0.91137 -2.8
-0.91112 -3.0
-0.91088 -3.2
-0.91063 -3.4
-0.91039 -3.5
-0.91014 -3.7
-0.9099 -3.9
-0.90966 -4.0
-0.90941 -4.2
-0.90917 -4.3
-0.90892 -4.4
-0.90868 -4.6
-0.90844 -4.7
-0.90819 -4.8
-0.90795 -4.9
-0.9077 -5.0
-0.90746 -5.1
-0.90722 -5.2
-0.90697 -5.3
-0.90673 -5.3
-0.90648 -5.4
-0.90624 -5.5
-0.90599 -5.5
-0.90575 -5.5
-0.90551 -5.6
-0.90526 -5.6
-0.90502 -5.6
-0.90477 -5.6
-0.90453 -5.6
-0.90429 -5.6
-0.90404 -5.6
-0.9038 -5.5
-0.90355 -5.5
-0.90331 -5.4
-0.90306 -5.4
-0.90282 -5.3
-0.90258 -5.2
-0.90233 -5.2
-0.90209 -5.1
-0.90184 -5.0
-0.9016 -4.9
-0.90136 -4.8
-0.90111 -4.6
-0.90087 -4.5
-0.90062 -4.4
-0.90038 -4.2
-0.90014 -4.1
-0.89989 -4.0
-0.89965 -3.8
-0.8994 -3.6
-0.89916 -3.5
-0.89891 -3.3
-0.89867 -3.1
-0.89843 -2.9
-0.89818 -2.7
-0.89794 -2.5
-0.89769 -2.3
-0.89745 -2.1
-0.89721 -1.9
-0.89696 -1.7
-0.89672 -1.5
-0.89647 -1.3
-0.89623 -1.1
-0.89598 -0.9
-0.89574 -0.7
-0.8955 -0.4
-0.89525 -0.2
-0.89501 0.0
-0.89476 0.2
-0.89452 0.4
-0.89428 0.6
-0.89403 0.9
-0.89379 1.1
-0.89354 1.3
-0.8933 1.5
-0.89305 1.7
-0.89281 1.9
-0.89257 2.1
-0.89232 2.3
-0.89208 2.5
-0.89183 2.7
-0.89159 2.9
-0.89135 3.1
-0.8911 3.3
-0.89086 3.5
-0.89061 3.6
-0.89037 3.8
-0.89013 4.0
-0.88988 4.1
-0.88964 4.3
-0.88939 4.4
-0.88915 4.5
-0.8889 4.7
-0.88866 4.8
-0.88842 4.9
-0.88817 5.0
-0.88793 5.1
-0.88768 5.2
-0.88744 5.3
-0.8872 5.3
-0.88695 5.4
-0.88671 5.5
-0.88646 5.5
-0.88622 5.6
-0.88597 5.6
-0.88573 5.6
-0.88549 5.6
-0.88524 5.6
-0.885 5.6
-0.88475 5.6
-0.88451 5.6
-0.88427 5.6
-0.88402 5.5
-0.88378 5.5
-0.88353 5.4
-0.88329 5.4
-0.88305 5.3
-0.8828 5.2
-0.88256 5.1
-0.88231 5.0
-0.88207 4.9
-0.88182 4.8
-0.88158 4.7
-0.88134 4.6
-0.88109 4.4
-0.88085 4.3
-0.8806 4.2
-0.88036 4.0
-0.88012 3.9
-0.87987 3.7
-0.87963 3.5
-0.87938 3.3
-0.87914 3.2
-0.87889 3.0
-0.87865 2.8
-0.87841 2.6
-0.87816 2.4
-0.87792 2.2
-0.87767 2.0
-0.87743 1.8
-0.87719 1.6
-0.87694 1.3
-0.8767 1.1
-0.87645 0.9
-0.87621 0.7
-0.87597 0.5
-0.87572 0.3
-0.87548 0.0
-0.87523 -0.2
-0.87499 -0.4
-0.87474 -0.6
-0.8745 -0.9
-0.87426 -1.1
-0.87401 -1.3
-0.87377 -1.5
-0.87352 -1.7
-0.87328 -1.9
-0.87304 -2.1
-0.87279 -2.3
-0.87255 -2.5
-0.8723 -2.7
-0.87206 -2.9
-0.87181 -3.1
-0.87157 -3.3
-0.87133 -3.5
-0.87108 -3.7
-0.87084 -3.8
-0.87059 -4.0
-0.87035 -4.1
-0.87011 -4.3
-0.86986 -4.4
-0.86962 -4.6
-0.86937 -4.7
-0.86913 -4.8
-0.86889 -4.9
-0.86864 -5.0
-0.8684 -5.1
-0.86815 -5.2
-0.86791 -5.3
-0.86766 -5.4
-0.86742 -5.4
-0.86718 -5.5
-0.86693 -5.5
-0.86669 -5.6
-0.86644 -5.6
-0.8662 -5.6
-0.86596 -5.7
-0.86571 -5.7
-0.86547 -5.7
-0.86522 -5.6
-0.86498 -5.6
-0.86473 -5.6
-0.86449 -5.5
-0.86425 -5.5
-0.864 -5.4
-0.86376 -5.4
-0.86351 -5.3
-0.86327 -5.2
-0.86303 -5.1
-0.86278 -5.0
-0.86254 -4.9
-0.86229 -4.8
-0.86205 -4.7
-0.8618 -4.6
-0.86156 -4.4
-0.86132 -4.3
-0.86107 -4.1
-0.86083 -4.0
-0.86058 -3.8
-0.86034 -3.6
-0.8601 -3.5
-0.85985 -3.3
-0.85961 -3.1
-0.85936 -2.9
-0.85912 -2.7
-0.85888 -2.5
-0.85863 -2.3
-0.85839 -2.1
-0.85814 -1.9
-0.8579 -1.7
-0.85765 -1.5
-0.85741 -1.2
-0.85717 -1.0
-0.85692 -0.8
-0.85668 -0.6
-0.85643 -0.4
-0.85619 -0.1
-0.85595 0.0
-0.8557 0.3
-0.85546 0.5
-0.85521 0.8
-0.85497 1.0
-0.85472 1.2
-0.85448 1.4
-0.85424 1.6
-0.85399 1.9
-0.85375 2.1
-0.8535 2.3
-0.85326 2.5
-0.85302 2.7
-0.85277 2.9
-0.85253 3.1
-0.85228 3.3
-0.85204 3.4
-0.8518 3.6
-0.85155 3.8
-0.85131 4.0
-0.85106 4.1
-0.85082 4.3
-0.85057 4.4
-0.85033 4.6
-0.85009 4.7
-0.84984 4.8
-0.8496 4.9
-0.84935 5.0
-0.84911 5.1
-0.84887 5.2
-0.84862 5.3
-0.84838 5.4
-0.84813 5.5
-0.84789 5.5
-0.84764 5.6
-0.8474 5.6
-0.84716 5.6
-0.84691 5.7
-0.84667 5.7
-0.84642 5.7
-0.84618 5.7
-0.84594 5.7
-0.84569 5.6
-0.84545 5.6
-0.8452 5.6
-0.84496 5.5
-0.84472 5.5
-0.84447 5.4
-0.84423 5.3
-0.84398 5.3
-0.84374 5.2
-0.84349 5.1
-0.84325 5.0
-0.84301 4.8
-0.84276 4.7
-0.84252 4.6
-0.84227 4.4
-0.84203 4.3
-0.84179 4.1
-0.84154 4.0
-0.8413 3.8
-0.84105 3.7
-0.84081 3.5
-0.84056 3.3
-0.84032 3.1
-0.84008 2.9
-0.83983 2.7
-0.83959 2.5
-0.83934 2.3
-0.8391 2.1
-0.83886 1.9
-0.83861 1.7
-0.83837 1.4
-0.83812 1.2
-0.83788 1.0
-0.83764 0.8
-0.83739 0.6
-0.83715 0.3
-0.8369 0.0
-0.83666 -0.1
-0.83641 -0.4
-0.83617 -0.6
-0.83593 -0.8
-0.83568 -1.0
-0.83544 -1.3
-0.83519 -1.5
-0.83495 -1.7
-0.83471 -1.9
-0.83446 -2.1
-0.83422 -2.3
-0.83397 -2.6
-0.83373 -2.8
-0.83348 -3.0
-0.83324 -3.1
-0.833 -3.3
-0.83275 -3.5
-0.83251 -3.7
-0.83226 -3.9
-0.83202 -4.0
-0.83178 -4.2
-0.83153 -4.3
-0.83129 -4.5
-0.83104 -4.6
-0.8308 -4.8
-0.83055 -4.9
-0.83031 -5.0
-0.83007 -5.1
-0.82982 -5.2
-0.82958 -5.3
-0.82933 -5.4
-0.82909 -5.4
-0.82885 -5.5
-0.8286 -5.6
-0.82836 -5.6
-0.82811 -5.7
-0.82787 -5.7
-0.82763 -5.7
-0.82738 -5.7
-0.82714 -5.7
-0.82689 -5.7
-0.82665 -5.7
-0.8264 -5.7
-0.82616 -5.6
-0.82592 -5.6
-0.82567 -5.5
-0.82543 -5.5
-0.82518 -5.4
-0.82494 -5.3
-0.8247 -5.2
-0.82445 -5.1
-0.82421 -5.0
-0.82396 -4.9
-0.82372 -4.8
-0.82347 -4.7
-0.82323 -4.5
-0.82299 -4.4
-0.82274 -4.2
-0.8225 -4.1
-0.82225 -3.9
-0.82201 -3.7
-0.82177 -3.6
-0.82152 -3.4
-0.82128 -3.2
-0.82103 -3.0
-0.82079 -2.8
-0.82055 -2.6
-0.8203 -2.4
-0.82006 -2.2
-0.81981 -2.0
-0.81957 -1.7
-0.81932 -1.5
-0.81908 -1.3
-0.81884 -1.1
-0.81859 -0.8
-0.81835 -0.6
-0.8181 -0.4
-0.81786 -0.1
-0.81762 0.0
-0.81737 0.3
-0.81713 0.5
-0.81688 0.8
-0.81664 1.0
-0.81639 1.2
-0.81615 1.5
-0.81591 1.7
-0.81566 1.9
-0.81542 2.1
-0.81517 2.3
-0.81493 2.5
-0.81469 2.7
-0.81444 2.9
-0.8142 3.1
-0.81395 3.3
-0.81371 3.5
-0.81347 3.7
-0.81322 3.9
-0.81298 4.0
-0.81273 4.2
-0.81249 4.4
-0.81224 4.5
-0.812 4.6
-0.81176 4.8
-0.81151 4.9
-0.81127 5.0
-0.81102 5.1
-0.81078 5.2
-0.81054 5.3
-0.81029 5.4
-0.81005 5.5
-0.8098 5.5
-0.80956 5.6
-0.80931 5.7
-0.80907 5.7
-0.80883 5.7
-0.80858 5.7
-0.80834 5.7
-0.80809 5.7
-0.80785 5.7
-0.80761 5.7
-0.80736 5.7
-0.80712 5.7
-0.80687 5.6
-0.80663 5.5
-0.80639 5.5
-0.80614 5.4
-0.8059 5.3
-0.80565 5.2
-0.80541 5.1
-0.80516 5.0
-0.80492 4.9
-0.80468 4.8
-0.80443 4.7
-0.80419 4.5
-0.80394 4.4
-0.8037 4.2
-0.80346 4.0
-0.80321 3.9
-0.80297 3.7
-0.80272 3.5
-0.80248 3.3
-0.80223 3.1
-0.80199 2.9
-0.80175 2.7
-0.8015 2.5
-0.80126 2.3
-0.80101 2.1
-0.80077 1.9
-0.80053 1.7
-0.80028 1.4
-0.80004 1.2
-0.79979 1.0
-0.79955 0.7
-0.7993 0.5
-0.79906 0.3
-0.79882 0.0
-0.79857 -0.2
-0.79833 -0.4
-0.79808 -0.7
-0.79784 -0.9
-0.7976 -1.1
-0.79735 -1.3
-0.79711 -1.6
-0.79686 -1.8
-0.79662 -2.0
-0.79638 -2.2
-0.79613 -2.5
-0.79589 -2.7
-0.79564 -2.9
-0.7954 -3.1
-0.79515 -3.3
-0.79491 -3.5
-0.79467 -3.6
-0.79442 -3.8
-0.79418 -4.0
-0.79393 -4.2
-0.79369 -4.3
-0.79345 -4.5
-0.7932 -4.6
-0.79296 -4.8
-0.79271 -4.9
-0.79247 -5.0
-0.79222 -5.1
-0.79198 -5.2
-0.79174 -5.3
-0.79149 -5.4
-0.79125 -5.5
-0.791 -5.6
-0.79076 -5.6
-0.79052 -5.7
-0.79027 -5.7
-0.79003 -5.7
-0.78978 -5.8
-0.78954 -5.8
-0.7893 -5.8
-0.78905 -5.8
-0.78881 -5.8
-0.78856 -5.7
-0.78832 -5.7
-0.78807 -5.6
-0.78783 -5.6
-0.78759 -5.5
-0.78734 -5.5
-0.7871 -5.4
-0.78685 -5.3
-0.78661 -5.2
-0.78637 -5.1
-0.78612 -5.0
-0.78588 -4.8
-0.78563 -4.7
-0.78539 -4.6
-0.78514 -4.4
-0.7849 -4.2
-0.78466 -4.1
-0.78441 -3.9
-0.78417 -3.7
-0.78392 -3.6
-0.78368 -3.4
-0.78344 -3.2
-0.78319 -3.0
-0.78295 -2.8
-0.7827 -2.5
-0.78246 -2.3
-0.78222 -2.1
-0.78197 -1.9
-0.78173 -1.7
-0.78148 -1.4
-0.78124 -1.2
-0.78099 -1.0
-0.78075 -0.7
-0.78051 -0.5
-0.78026 -0.3
-0.78002 0.0
-0.77977 0.2
-0.77953 0.4
-0.77929 0.7
-0.77904 0.9
-0.7788 1.2
-0.77855 1.4
-0.77831 1.6
-0.77806 1.8
-0.77782 2.1
-0.77758 2.3
-0.77733 2.5
-0.77709 2.7
-0.77684 2.9
-0.7766 3.1
-0.77636 3.3
-0.77611 3.5
-0.77587 3.7
-0.77562 3.9
-0.77538 4.1
-0.77514 4.2
-0.77489 4.4
-0.77465 4.5
-0.7744 4.7
-0.77416 4.8
-0.77391 5.0
-0.77367 5.1
-0.77343 5.2
-0.77318 5.3
-0.77294 5.4
-0.77269 5.5
-0.77245 5.5
-0.77221 5.6
-0.77196 5.7
-0.77172 5.7
-0.77147 5.8
-0.77123 5.8
-0.77098 5.8
-0.77074 5.8
-0.7705 5.8
-0.77025 5.8
-0.77001 5.8
-0.76976 5.7
-0.76952 5.7
-0.76928 5.7
-0.76903 5.6
-0.76879 5.5
-0.76854 5.4
-0.7683 5.4
-0.76805 5.3
-0.76781 5.2
-0.76757 5.0
-0.76732 4.9
-0.76708 4.8
-0.76683 4.6
-0.76659 4.5
-0.76635 4.3
-0.7661 4.2
-0.76586 4.0
-0.76561 3.8
-0.76537 3.6
-0.76513 3.5
-0.76488 3.3
-0.76464 3.1
-0.76439 2.9
-0.76415 2.6
-0.7639 2.4
-0.76366 2.2
-0.76342 2.0
-0.76317 1.8
-0.76293 1.5
-0.76268 1.3
-0.76244 1.1
-0.7622 0.8
-0.76195 0.6
-0.76171 0.3
-0.76146 0.0
-0.76122 -0.1
-0.76097 -0.4
-0.76073 -0.6
-0.76049 -0.9
-0.76024 -1.1
-0.76 -1.3
-0.75975 -1.6
-0.75951 -1.8
-0.75927 -2.0
-0.75902 -2.3
-0.75878 -2.5
-0.75853 -2.7
-0.75829 -2.9
-0.75805 -3.1
-0.7578 -3.3
-0.75756 -3.5
-0.75731 -3.7
-0.75707 -3.9
-0.75682 -4.1
-0.75658 -4.2
-0.75634 -4.4
-0.75609 -4.6
-0.75585 -4.7
-0.7556 -4.8
-0.75536 -5.0
-0.75512 -5.1
-0.75487 -5.2
-0.75463 -5.3
-0.75438 -5.4
-0.75414 -5.5
-0.75389 -5.6
-0.75365 -5.6
-0.75341 -5.7
-0.75316 -5.7
-0.75292 -5.8
-0.75267 -5.8
-0.75243 -5.8
-0.75219 -5.8
-0.75194 -5.8
-0.7517 -5.8
-0.75145 -5.8
-0.75121 -5.8
-0.75097 -5.7
-0.75072 -5.7
-0.75048 -5.6
-0.75023 -5.5
-0.74999 -5.5
-0.74974 -5.4
-0.7495 -5.3
-0.74926 -5.2
-0.74901 -5.1
-0.74877 -4.9
-0.74852 -4.8
-0.74828 -4.6
-0.74804 -4.5
-0.74779 -4.3
-0.74755 -4.2
-0.7473 -4.0
-0.74706 -3.8
-0.74681 -3.6
-0.74657 -3.4
-0.74633 -3.2
-0.74608 -3.0
-0.74584 -2.8
-0.74559 -2.6
-0.74535 -2.4
-0.74511 -2.2
-0.74486 -1.9
-0.74462 -1.7
-0.74437 -1.5
-0.74413 -1.2
-0.74389 -1.0
-0.74364 -0.7
-0.7434 -0.5
-0.74315 -0.3
-0.74291 0.0
-0.74266 0.2
-0.74242 0.5
-0.74218 0.7
-0.74193 1.0
-0.74169 1.2
-0.74144 1.4
-0.7412 1.7
-0.74096 1.9
-0.74071 2.1
-0.74047 2.4
-0.74022 2.6
-0.73998 2.8
-0.73973 3.0
-0.73949 3.2
-0.73925 3.4
-0.739 3.6
-0.73876 3.8
-0.73851 4.0
-0.73827 4.2
-0.73803 4.3
-0.73778 4.5
-0.73754 4.7
-0.73729 4.8
-0.73705 4.9
-0.7368 5.1
-0.73656 5.2
-0.73632 5.3
-0.73607 5.4
-0.73583 5.5
-0.73558 5.6
-0.73534 5.6
-0.7351 5.7
-0.73485 5.8
-0.73461 5.8
-0.73436 5.8
-0.73412 5.9
-0.73388 5.9
-0.73363 5.9
-0.73339 5.9
-0.73314 5.8
-0.7329 5.8
-0.73265 5.8
-0.73241 5.7
-0.73217 5.7
-0.73192 5.6
-0.73168 5.5
-0.73143 5.4
-0.73119 5.3
-0.73095 5.2
-0.7307 5.1
-0.73046 5.0
-0.73021 4.8
-0.72997 4.7
-0.72972 4.5
-0.72948 4.4
-0.72924 4.2
-0.72899 4.0
-0.72875 3.9
-0.7285 3.7
-0.72826 3.5
-0.72802 3.3
-0.72777 3.1
-0.72753 2.8
-0.72728 2.6
-0.72704 2.4
-0.7268 2.2
-0.72655 1.9
-0.72631 1.7
-0.72606 1.5
-0.72582 1.2
-0.72557 1.0
-0.72533 0.7
-0.72509 0.5
-0.72484 0.2
-0.7246 0.0
-0.72435 -0.2
-0.72411 -0.5
-0.72387 -0.7
-0.72362 -1.0
-0.72338 -1.2
-0.72313 -1.5
-0.72289 -1.7
-0.72264 -1.9
-0.7224 -2.2
-0.72216 -2.4
-0.72191 -2.6
-0.72167 -2.9
-0.72142 -3.1
-0.72118 -3.3
-0.72094 -3.5
-0.72069 -3.7
-0.72045 -3.9
-0.7202 -4.1
-0.71996 -4.2
-0.71972 -4.4
-0.71947 -4.6
-0.71923 -4.7
-0.71898 -4.9
-0.71874 -5.0
-0.71849 -5.1
-0.71825 -5.3
-0.71801 -5.4
-0.71776 -5.5
-0.71752 -5.6
-0.71727 -5.6
-0.71703 -5.7
-0.71679 -5.8
-0.71654 -5.8
-0.7163 -5.9
-0.71605 -5.9
-0.71581 -5.9
-0.71556 -5.9
-0.71532 -5.9
-0.71508 -5.9
-0.71483 -5.9
-0.71459 -5.8
-0.71434 -5.8
-0.7141 -5.7
-0.71386 -5.7
-0.71361 -5.6
-0.71337 -5.5
-0.71312 -5.4
-0.71288 -5.3
-0.71264 -5.2
-0.71239 -5.1
-0.71215 -4.9
-0.7119 -4.8
-0.71166 -4.6
-0.71141 -4.5
-0.71117 -4.3
-0.71093 -4.1
-0.71068 -4.0
-0.71044 -3.8
-0.71019 -3.6
-0.70995 -3.4
-0.70971 -3.2
-0.70946 -3.0
-0.70922 -2.7
-0.70897 -2.5
-0.70873 -2.3
-0.70848 -2.0
-0.70824 -1.8
-0.708 -1.6
-0.70775 -1.3
-0.70751 -1.1
-0.70726 -0.8
-0.70702 -0.6
-0.70678 -0.3
-0.70653 0.0
-0.70629 0.2
-0.70604 0.4
-0.7058 0.7
-0.70555 0.9
-0.70531 1.2
-0.70507 1.4
-0.70482 1.7
-0.70458 1.9
-0.70433 2.1
-0.70409 2.4
-0.70385 2.6
-0.7036 2.8
-0.70336 3.0
-0.70311 3.3
-0.70287 3.5
-0.70263 3.7
-0.70238 3.9
-0.70214 4.1
-0.70189 4.2
-0.70165 4.4
-0.7014 4.6
-0.70116 4.7
-0.70092 4.9
-0.70067 5.0
-0.70043 5.1
-0.70018 5.3
-0.69994 5.4
-0.6997 5.5
-0.69945 5.6
-0.69921 5.7
-0.69896 5.7
-0.69872 5.8
-0.69847 5.8
-0.69823 5.9
-0.69799 5.9
-0.69774 5.9
-0.6975 5.9
-0.69725 5.9
-0.69701 5.9
-0.69677 5.9
-0.69652 5.9
-0.69628 5.8
-0.69603 5.8
-0.69579 5.7
-0.69555 5.6
-0.6953 5.5
-0.69506 5.4
-0.69481 5.3
-0.69457 5.2
-0.69432 5.1
-0.69408 5.0
-0.69384 4.8
-0.69359 4.7
-0.69335 4.5
-0.6931 4.3
-0.69286 4.1
-0.69262 4.0
-0.69237 3.8
-0.69213 3.6
-0.69188 3.4
-0.69164 3.1
-0.69139 2.9
-0.69115 2.7
-0.69091 2.5
-0.69066 2.2
-0.69042 2.0
-0.69017 1.8
-0.68993 1.5
-0.68969 1.3
-0.68944 1.0
-0.6892 0.8
-0.68895 0.5
-0.68871 0.3
-0.68847 0.0
-0.68822 -0.3
-0.68798 -0.5
-0.68773 -0.8
-0.68749 -1.0
-0.68724 -1.3
-0.687 -1.5
-0.68676 -1.8
-0.68651 -2.0
-0.68627 -2.2
-0.68602 -2.5
-0.68578 -2.7
-0.68554 -2.9
-0.68529 -3.2
-0.68505 -3.4
-0.6848 -3.6
-0.68456 -3.8
-0.68431 -4.0
-0.68407 -4.2
-0.68383 -4.3
-0.68358 -4.5
-0.68334 -4.7
-0.68309 -4.8
-0.68285 -5.0
-0.68261 -5.1
-0.68236 -5.2
-0.68212 -5.4
-0.68187 -5.5
-0.68163 -5.6
-0.68139 -5.7
-0.68114 -5.7
-0.6809 -5.8
-0.68065 -5.9
-0.68041 -5.9
-0.68016 -5.9
-0.67992 -6.0
-0.67968 -6.0
-0.67943 -6.0
-0.67919 -6.0
-0.67894 -5.9
-0.6787 -5.9
-0.67846 -5.9
-0.67821 -5.8
-0.67797 -5.8
-0.67772 -5.7
-0.67748 -5.6
-0.67723 -5.5
-0.67699 -5.4
-0.67675 -5.3
-0.6765 -5.1
-0.67626 -5.0
-0.67601 -4.9
-0.67577 -4.7
-0.67553 -4.5
-0.67528 -4.4
-0.67504 -4.2
-0.67479 -4.0
-0.67455 -3.8
-0.6743 -3.6
-0.67406 -3.4
-0.67382 -3.2
-0.67357 -3.0
-0.67333 -2.7
-0.67308 -2.5
-0.67284 -2.3
-0.6726 -2.0
-0.67235 -1.8
-0.67211 -1.5
-0.67186 -1.3
-0.67162 -1.0
-0.67138 -0.8
-0.67113 -0.5
-0.67089 -0.3
-0.67064 0.0
-0.6704 0.3
-0.67015 0.5
-0.66991 0.8
-0.66967 1.0
-0.66942 1.3
-0.66918 1.5
-0.66893 1.8
-0.66869 2.0
-0.66845 2.3
-0.6682 2.5
-0.66796 2.8
-0.66771 3.0
-0.66747 3.2
-0.66722 3.4
-0.66698 3.6
-0.66674 3.8
-0.66649 4.0
-0.66625 4.2
-0.666 4.4
-0.66576 4.6
-0.66552 4.7
-0.66527 4.9
-0.66503 5.0
-0.66478 5.2
-0.66454 5.3
-0.6643 5.4
-0.66405 5.5
-0.66381 5.6
-0.66356 5.7
-0.66332 5.8
-0.66307 5.9
-0.66283 5.9
-0.66259 6.0
-0.66234 6.0
-0.6621 6.0
-0.66185 6.0
-0.66161 6.0
-0.66137 6.0
-0.66112 6.0
-0.66088 5.9
-0.66063 5.9
-0.66039 5.8
-0.66014 5.8
-0.6599 5.7
-0.65966 5.6
-0.65941 5.5
-0.65917 5.4
-0.65892 5.2
-0.65868 5.1
-0.65844 5.0
-0.65819 4.8
-0.65795 4.7
-0.6577 4.5
-0.65746 4.3
-0.65722 4.1
-0.65697 3.9
-0.65673 3.7
-0.65648 3.5
-0.65624 3.3
-0.65599 3.1
-0.65575 2.8
-0.65551 2.6
-0.65526 2.4
-0.65502 2.1
-0.65477 1.9
-0.65453 1.6
-0.65429 1.4
-0.65404 1.1
-0.6538 0.9
-0.65355 0.6
-0.65331 0.3
-0.65306 0.0
-0.65282 -0.2
-0.65258 -0.5
-0.65233 -0.7
-0.65209 -1.0
-0.65184 -1.2
-0.6516 -1.5
-0.65136 -1.7
-0.65111 -2.0
-0.65087 -2.2
-0.65062 -2.5
-0.65038 -2.7
-0.65014 -3.0
-0.64989 -3.2
-0.64965 -3.4
-0.6494 -3.6
-0.64916 -3.8
-0.64891 -4.0
-0.64867 -4.2
-0.64843 -4.4
-0.64818 -4.6
-0.64794 -4.8
-0.64769 -4.9
-0.64745 -5.1
-0.64721 -5.2
-0.64696 -5.3
-0.64672 -5.5
-0.64647 -5.6
-0.64623 -5.7
-0.64598 -5.8
-0.64574 -5.8
-0.6455 -5.9
-0.64525 -5.9
-0.64501 -6.0
-0.64476 -6.0
-0.64452 -6.0
-0.64428 -6.1
-0.64403 -6.0
-0.64379 -6.0
-0.64354 -6.0
-0.6433 -6.0
-0.64305 -5.9
-0.64281 -5.9
-0.64257 -5.8
-0.64232 -5.7
-0.64208 -5.6
-0.64183 -5.5
-0.64159 -5.4
-0.64135 -5.3
-0.6411 -5.1
-0.64086 -5.0
-0.64061 -4.8
-0.64037 -4.7
-0.64013 -4.5
-0.63988 -4.3
-0.63964 -4.1
-0.63939 -3.9
-0.63915 -3.7
-0.6389 -3.5
-0.63866 -3.3
-0.63842 -3.0
-0.63817 -2.8
-0.63793 -2.6
-0.63768 -2.3
-0.63744 -2.1
-0.6372 -1.8
-0.63695 -1.6
-0.63671 -1.3
-0.63646 -1.0
-0.63622 -0.8
-0.63597 -0.5
-0.63573 -0.2
-0.63549 0.0
-0.63524 0.3
-0.635 0.6
-0.63475 0.8
-0.63451 1.1
-0.63427 1.3
-0.63402 1.6
-0.63378 1.9
-0.63353 2.1
-0.63329 2.4
-0.63305 2.6
-0.6328 2.9
-0.63256 3.1
-0.63231 3.3
-0.63207 3.5
-0.63182 3.7
-0.63158 4.0
-0.63134 4.2
-0.63109 4.3
-0.63085 4.5
-0.6306 4.7
-0.63036 4.9
-0.63012 5.0
-0.62987 5.2
-0.62963 5.3
-0.62938 5.4
-0.62914 5.6
-0.62889 5.7
-0.62865 5.8
-0.62841 5.8
-0.62816 5.9
-0.62792 6.0
-0.62767 6.0
-0.62743 6.1
-0.62719 6.1
-0.62694 6.1
-0.6267 6.1
-0.62645 6.1
-0.62621 6.1
-0.62597 6.0
-0.62572 6.0
-0.62548 5.9
-0.62523 5.8
-0.62499 5.8
-0.62474 5.7
-0.6245 5.6
-0.62426 5.4
-0.62401 5.3
-0.62377 5.2
-0.62352 5.0
-0.62328 4.9
-0.62304 4.7
-0.62279 4.5
-0.62255 4.4
-0.6223 4.2
-0.62206 4.0
-0.62181 3.7
-0.62157 3.5
-0.62133 3.3
-0.62108 3.1
-0.62084 2.8
-0.62059 2.6
-0.62035 2.3
-0.62011 2.1
-0.61986 1.8
-0.61962 1.6
-0.61937 1.3
-0.61913 1.1
-0.61889 0.8
-0.61864 0.5
-0.6184 0.2
-0.61815 0.0
-0.61791 -0.3
-0.61766 -0.6
-0.61742 -0.8
-0.61718 -1.1
-0.61693 -1.4
-0.61669 -1.6
-0.61644 -1.9
-0.6162 -2.2
-0.61596 -2.4
-0.61571 -2.7
-0.61547 -2.9
-0.61522 -3.1
-0.61498 -3.4
-0.61473 -3.6
-0.61449 -3.8
-0.61425 -4.0
-0.614 -4.2
-0.61376 -4.4
-0.61351 -4.6
-0.61327 -4.8
-0.61303 -4.9
-0.61278 -5.1
-0.61254 -5.2
-0.61229 -5.4
-0.61205 -5.5
-0.6118 -5.6
-0.61156 -5.7
-0.61132 -5.8
-0.61107 -5.9
-0.61083 -6.0
-0.61058 -6.0
-0.61034 -6.1
-0.6101 -6.1
-0.60985 -6.1
-0.60961 -6.1
-0.60936 -6.1
-0.60912 -6.1
-0.60888 -6.1
-0.60863 -6.0
-0.60839 -6.0
-0.60814 -5.9
-0.6079 -5.8
-0.60765 -5.8
-0.60741 -5.7
-0.60717 -5.5
-0.60692 -5.4
-0.60668 -5.3
-0.60643 -5.1
-0.60619 -5.0
-0.60595 -4.8
-0.6057 -4.7
-0.60546 -4.5
-0.60521 -4.3
-0.60497 -4.1
-0.60472 -3.9
-0.60448 -3.6
-0.60424 -3.4
-0.60399 -3.2
-0.60375 -3.0
-0.6035 -2.7
-0.60326 -2.5
-0.60302 -2.2
-0.60277 -1.9
-0.60253 -1.7
-0.60228 -1.4
-0.60204 -1.1
-0.6018 -0.9
-0.60155 -0.6
-0.60131 -0.3
-0.60106 0.0
-0.60082 0.2
-0.60057 0.5
-0.60033 0.8
-0.60009 1.1
-0.59984 1.3
-0.5996 1.6
-0.59935 1.9
-0.59911 2.1
-0.59887 2.4
-0.59862 2.6
-0.59838 2.9
-0.59813 3.1
-0.59789 3.4
-0.59764 3.6
-0.5974 3.8
-0.59716 4.0
-0.59691 4.2
-0.59667 4.4
-0.59642 4.6
-0.59618 4.8
-0.59594 5.0
-0.59569 5.1
-0.59545 5.3
-0.5952 5.4
-0.59496 5.5
-0.59472 5.7
-0.59447 5.8
-0.59423 5.9
-0.59398 5.9
-0.59374 6.0
-0.59349 6.1
-0.59325 6.1
-0.59301 6.1
-0.59276 6.2
-0.59252 6.2
-0.59227 6.2
-0.59203 6.1
-0.59179 6.1
-0.59154 6.1
-0.5913 6.0
-0.59105 5.9
-0.59081 5.9
-0.59056 5.8
-0.59032 5.7
-0.59008 5.6
-0.58983 5.4
-0.58959 5.3
-0.58934 5.1
-0.5891 5.0
-0.58886 4.8
-0.58861 4.6
-0.58837 4.4
-0.58812 4.3
-0.58788 4.0
-0.58764 3.8
-0.58739 3.6
-0.58715 3.4
-0.5869 3.1
-0.58666 2.9
-0.58641 2.6
-0.58617 2.4
-0.58593 2.1
-0.58568 1.9
-0.58544 1.6
-0.58519 1.3
-0.58495 1.0
-0.58471 0.8
-0.58446 0.5
-0.58422 0.2
-0.58397 0.0
-0.58373 -0.4
-0.58348 -0.6
-0.58324 -0.9
-0.583 -1.2
-0.58275 -1.5
-0.58251 -1.7
-0.58226 -2.0
-0.58202 -2.3
-0.58178 -2.5
-0.58153 -2.8
-0.58129 -3.0
-0.58104 -3.3
-0.5808 -3.5
-0.58055 -3.7
-0.58031 -4.0
-0.58007 -4.2
-0.57982 -4.4
-0.57958 -4.6
-0.57933 -4.8
-0.57909 -4.9
-0.57885 -5.1
-0.5786 -5.3
-0.57836 -5.4
-0.57811 -5.5
-0.57787 -5.7
-0.57763 -5.8
-0.57738 -5.9
-0.57714 -6.0
-0.57689 -6.0
-0.57665 -6.1
-0.5764 -6.1
-0.57616 -6.2
-0.57592 -6.2
-0.57567 -6.2
-0.57543 -6.2
-0.57518 -6.2
-0.57494 -6.2
-0.5747 -6.1
-0.57445 -6.1
-0.57421 -6.0
-0.57396 -5.9
-0.57372 -5.8
-0.57347 -5.7
-0.57323 -5.6
-0.57299 -5.5
-0.57274 -5.3
-0.5725 -5.2
-0.57225 -5.0
-0.57201 -4.9
-0.57177 -4.7
-0.57152 -4.5
-0.57128 -4.3
-0.57103 -4.1
-0.57079 -3.9
-0.57055 -3.6
-0.5703 -3.4
-0.57006 -3.2
-0.56981 -2.9
-0.56957 -2.7
-0.56932 -2.4
-0.56908 -2.1
-0.56884 -1.9
-0.56859 -1.6
-0.56835 -1.3
-0.5681 -1.0
-0.56786 -0.7
-0.56762 -0.5
-0.56737 -0.2
-0.56713 0.1
-0.56688 0.4
-0.56664 0.7
-0.56639 1.0
-0.56615 1.2
-0.56591 1.5
-0.56566 1.8
-0.56542 2.1
-0.56517 2.3
-0.56493 2.6
-0.56469 2.9
-0.56444 3.1
-0.5642 3.4
-0.56395 3.6
-0.56371 3.8
-0.56347 4.0
-0.56322 4.3
-0.56298 4.5
-0.56273 4.7
-0.56249 4.8
-0.56224 5.0
-0.562 5.2
-0.56176 5.3
-0.56151 5.5
-0.56127 5.6
-0.56102 5.7
-0.56078 5.8
-0.56054 5.9
-0.56029 6.0
-0.56005 6.1
-0.5598 6.2
-0.55956 6.2
-0.55931 6.2
-0.55907 6.2
-0.55883 6.3
-0.55858 6.2
-0.55834 6.2
-0.55809 6.2
-0.55785 6.1
-0.55761 6.1
-0.55736 6.0
-0.55712 5.9
-0.55687 5.8
-0.55663 5.7
-0.55639 5.6
-0.55614 5.4
-0.5559 5.3
-0.55565 5.1
-0.55541 5.0
-0.55516 4.8
-0.55492 4.6
-0.55468 4.4
-0.55443 4.2
-0.55419 4.0
-0.55394 3.7
-0.5537 3.5
-0.55346 3.3
-0.55321 3.0
-0.55297 2.7
-0.55272 2.5
-0.55248 2.2
-0.55223 1.9
-0.55199 1.7
-0.55175 1.4
-0.5515 1.1
-0.55126 0.8
-0.55101 0.5
-0.55077 0.2
-0.55053 0.0
-0.55028 -0.3
-0.55004 -0.6
-0.54979 -0.9
-0.54955 -1.2
-0.5493 -1.5
-0.54906 -1.8
-0.54882 -2.1
-0.54857 -2.3
-0.54833 -2.6
-0.54808 -2.9
-0.54784 -3.1
-0.5476 -3.4
-0.54735 -3.6
-0.54711 -3.8
-0.54686 -4.1
-0.54662 -4.3
-0.54638 -4.5
-0.54613 -4.7
-0.54589 -4.9
-0.54564 -5.1
-0.5454 -5.2
-0.54515 -5.4
-0.54491 -5.5
-0.54467 -5.7
-0.54442 -5.8
-0.54418 -5.9
-0.54393 -6.0
-0.54369 -6.1
-0.54345 -6.1
-0.5432 -6.2
-0.54296 -6.2
-0.54271 -6.3
-0.54247 -6.3
-0.54222 -6.3
-0.54198 -6.3
-0.54174 -6.3
-0.54149 -6.2
-0.54125 -6.2
-0.541 -6.1
-0.54076 -6.0
-0.54052 -5.9
-0.54027 -5.8
-0.54003 -5.7
-0.53978 -5.6
-0.53954 -5.4
-0.5393 -5.3
-0.53905 -5.1
-0.53881 -4.9
-0.53856 -4.8
-0.53832 -4.6
-0.53807 -4.3
-0.53783 -4.1
-0.53759 -3.9
-0.53734 -3.7
-0.5371 -3.4
-0.53685 -3.2
-0.53661 -2.9
-0.53637 -2.6
-0.53612 -2.4
-0.53588 -2.1
-0.53563 -1.8
-0.53539 -1.5
-0.53514 -1.3
-0.5349 -1.0
-0.53466 -0.7
-0.53441 -0.4
-0.53417 0.0
-0.53392 0.2
-0.53368 0.5
-0.53344 0.8
-0.53319 1.1
-0.53295 1.4
-0.5327 1.7
-0.53246 2.0
-0.53222 2.2
-0.53197 2.5
-0.53173 2.8
-0.53148 3.0
-0.53124 3.3
-0.53099 3.6
-0.53075 3.8
-0.53051 4.0
-0.53026 4.3
-0.53002 4.5
-0.52977 4.7
-0.52953 4.9
-0.52929 5.1
-0.52904 5.2
-0.5288 5.4
-0.52855 5.5
-0.52831 5.7
-0.52806 5.8
-0.52782 5.9
-0.52758 6.0
-0.52733 6.1
-0.52709 6.2
-0.52684 6.2
-0.5266 6.3
-0.52636 6.3
-0.52611 6.3
-0.52587 6.3
-0.52562 6.3
-0.52538 6.3
-0.52514 6.3
-0.52489 6.2
-0.52465 6.1
-0.5244 6.1
-0.52416 6.0
-0.52391 5.9
-0.52367 5.7
-0.52343 5.6
-0.52318 5.5
-0.52294 5.3
-0.52269 5.1
-0.52245 5.0
-0.52221 4.8
-0.52196 4.6
-0.52172 4.4
-0.52147 4.1
-0.52123 3.9
-0.52098 3.7
-0.52074 3.4
-0.5205 3.2
-0.52025 2.9
-0.52001 2.6
-0.51976 2.4
-0.51952 2.1
-0.51928 1.8
-0.51903 1.5
-0.51879 1.2
-0.51854 0.9
-0.5183 0.6
-0.51805 0.3
-0.51781 0.0
-0.51757 -0.3
-0.51732 -0.6
-0.51708 -0.9
-0.51683 -1.2
-0.51659 -1.5
-0.51635 -1.8
-0.5161 -2.1
-0.51586 -2.3
-0.51561 -2.6
-0.51537 -2.9
-0.51513 -3.2
-0.51488 -3.4
-0.51464 -3.7
-0.51439 -3.9
-0.51415 -4.1
-0.5139 -4.4
-0.51366 -4.6
-0.51342 -4.8
-0.51317 -5.0
-0.51293 -5.2
-0.51268 -5.3
-0.51244 -5.5
-0.5122 -5.7
-0.51195 -5.8
-0.51171 -5.9
-0.51146 -6.0
-0.51122 -6.1
-0.51097 -6.2
-0.51073 -6.3
-0.51049 -6.3
-0.51024 -6.3
-0.51 -6.4
-0.50975 -6.4
-0.50951 -6.4
-0.50927 -6.4
-0.50902 -6.3
-0.50878 -6.3
-0.50853 -6.2
-0.50829 -6.1
-0.50805 -6.0
-0.5078 -5.9
-0.50756 -5.8
-0.50731 -5.7
-0.50707 -5.6
-0.50682 -5.4
-0.50658 -5.2
-0.50634 -5.0
-0.50609 -4.9
-0.50585 -4.7
-0.5056 -4.4
-0.50536 -4.2
-0.50512 -4.0
-0.50487 -3.7
-0.50463 -3.5
-0.50438 -3.2
-0.50414 -3.0
-0.50389 -2.7
-0.50365 -2.4
-0.50341 -2.1
-0.50316 -1.8
-0.50292 -1.5
-0.50267 -1.2
-0.50243 -0.9
-0.50219 -0.6
-0.50194 -0.3
-0.5017 0.0
-0.50145 0.3
-0.50121 0.6
-0.50097 0.9
-0.50072 1.2
-0.50048 1.5
-0.50023 1.8
-0.49999 2.1
-0.49974 2.4
-0.4995 2.7
-0.49926 2.9
-0.49901 3.2
-0.49877 3.5
-0.49852 3.7
-0.49828 4.0
-0.49804 4.2
-0.49779 4.4
-0.49755 4.7
-0.4973 4.9
-0.49706 5.1
-0.49681 5.2
-0.49657 5.4
-0.49633 5.6
-0.49608 5.7
-0.49584 5.9
-0.49559 6.0
-0.49535 6.1
-0.49511 6.2
-0.49486 6.3
-0.49462 6.3
-0.49437 6.4
-0.49413 6.4
-0.49389 6.4
-0.49364 6.4
-0.4934 6.4
-0.49315 6.4
-0.49291 6.4
-0.49266 6.3
-0.49242 6.2
-0.49218 6.1
-0.49193 6.1
-0.49169 5.9
-0.49144 5.8
-0.4912 5.7
-0.49096 5.5
-0.49071 5.4
-0.49047 5.2
-0.49022 5.0
-0.48998 4.8
-0.48973 4.6
-0.48949 4.4
-0.48925 4.1
-0.489 3.9
-0.48876 3.6
-0.48851 3.4
-0.48827 3.1
-0.48803 2.8
-0.48778 2.5
-0.48754 2.2
-0.48729 1.9
-0.48705 1.7
-0.4868 1.3
-0.48656 1.0
-0.48632 0.7
-0.48607 0.4
-0.48583 0.1
-0.48558 -0.2
-0.48534 -0.5
-0.4851 -0.8
-0.48485 -1.1
-0.48461 -1.4
-0.48436 -1.7
-0.48412 -2.0
-0.48388 -2.3
-0.48363 -2.6
-0.48339 -2.9
-0.48314 -3.2
-0.4829 -3.5
-0.48265 -3.7
-0.48241 -4.0
-0.48217 -4.2
-0.48192 -4.4
-0.48168 -4.7
-0.48143 -4.9
-0.48119 -5.1
-0.48095 -5.3
-0.4807 -5.4
-0.48046 -5.6
-0.48021 -5.8
-0.47997 -5.9
-0.47972 -6.0
-0.47948 -6.1
-0.47924 -6.2
-0.47899 -6.3
-0.47875 -6.4
-0.4785 -6.4
-0.47826 -6.5
-0.47802 -6.5
-0.47777 -6.5
-0.47753 -6.5
-0.47728 -6.4
-0.47704 -6.4
-0.4768 -6.3
-0.47655 -6.3
-0.47631 -6.2
-0.47606 -6.1
-0.47582 -6.0
-0.47557 -5.8
-0.47533 -5.7
-0.47509 -5.5
-0.47484 -5.4
-0.4746 -5.2
-0.47435 -5.0
-0.47411 -4.8
-0.47387 -4.6
-0.47362 -4.3
-0.47338 -4.1
-0.47313 -3.8
-0.47289 -3.6
-0.47264 -3.3
-0.4724 -3.0
-0.47216 -2.7
-0.47191 -2.5
-0.47167 -2.2
-0.47142 -1.9
-0.47118 -1.5
-0.47094 -1.2
-0.47069 -0.9
-0.47045 -0.6
-0.4702 -0.3
-0.46996 0.0
-0.46972 0.3
-0.46947 0.7
-0.46923 1.0
-0.46898 1.3
-0.46874 1.6
-0.46849 1.9
-0.46825 2.2
-0.46801 2.5
-0.46776 2.8
-0.46752 3.1
-0.46727 3.4
-0.46703 3.6
-0.46679 3.9
-0.46654 4.1
-0.4663 4.4
-0.46605 4.6
-0.46581 4.8
-0.46556 5.0
-0.46532 5.2
-0.46508 5.4
-0.46483 5.6
-0.46459 5.8
-0.46434 5.9
-0.4641 6.0
-0.46386 6.1
-0.46361 6.2
-0.46337 6.3
-0.46312 6.4
-0.46288 6.5
-0.46264 6.5
-0.46239 6.5
-0.46215 6.5
-0.4619 6.5
-0.46166 6.5
-0.46141 6.5
-0.46117 6.4
-0.46093 6.3
-0.46068 6.2
-0.46044 6.1
-0.46019 6.0
-0.45995 5.9
-0.45971 5.7
-0.45946 5.6
-0.45922 5.4
-0.45897 5.2
-0.45873 5.0
-0.45848 4.8
-0.45824 4.6
-0.458 4.4
-0.45775 4.1
-0.45751 3.9
-0.45726 3.6
-0.45702 3.3
-0.45678 3.0
-0.45653 2.7
-0.45629 2.4
-0.45604 2.1
-0.4558 1.8
-0.45555 1.5
-0.45531 1.2
-0.45507 0.9
-0.45482 0.6
-0.45458 0.2
-0.45433 0.0
-0.45409 -0.4
-0.45385 -0.7
-0.4536 -1.1
-0.45336 -1.4
-0.45311 -1.7
-0.45287 -2.0
-0.45263 -2.3
-0.45238 -2.6
-0.45214 -2.9
-0.45189 -3.2
-0.45165 -3.5
-0.4514 -3.7
-0.45116 -4.0
-0.45092 -4.3
-0.45067 -4.5
-0.45043 -4.7
-0.45018 -5.0
-0.44994 -5.2
-0.4497 -5.4
-0.44945 -5.5
-0.44921 -5.7
-0.44896 -5.9
-0.44872 -6.0
-0.44847 -6.1
-0.44823 -6.2
-0.44799 -6.3
-0.44774 -6.4
-0.4475 -6.5
-0.44725 -6.5
-0.44701 -6.6
-0.44677 -6.6
-0.44652 -6.6
-0.44628 -6.6
-0.44603 -6.5
-0.44579 -6.5
-0.44555 -6.4
-0.4453 -6.3
-0.44506 -6.2
-0.44481 -6.1
-0.44457 -6.0
-0.44432 -5.8
-0.44408 -5.7
-0.44384 -5.5
-0.44359 -5.3
-0.44335 -5.1
-0.4431 -4.9
-0.44286 -4.7
-0.44262 -4.4
-0.44237 -4.2
-0.44213 -3.9
-0.44188 -3.7
-0.44164 -3.4
-0.44139 -3.1
-0.44115 -2.8
-0.44091 -2.5
-0.44066 -2.2
-0.44042 -1.9
-0.44017 -1.6
-0.43993 -1.3
-0.43969 -0.9
-0.43944 -0.6
-0.4392 -0.3
-0.43895 0.0
-0.43871 0.4
-0.43847 0.7
-0.43822 1.0
-0.43798 1.4
-0.43773 1.7
-0.43749 2.0
-0.43724 2.3
-0.437 2.6
-0.43676 2.9
-0.43651 3.2
-0.43627 3.5
-0.43602 3.8
-0.43578 4.1
-0.43554 4.3
-0.43529 4.6
-0.43505 4.8
-0.4348 5.0
-0.43456 5.2
-0.43431 5.4
-0.43407 5.6
-0.43383 5.8
-0.43358 5.9
-0.43334 6.1
-0.43309 6.2
-0.43285 6.3
-0.43261 6.4
-0.43236 6.5
-0.43212 6.5
-0.43187 6.6
-0.43163 6.6
-0.43139 6.6
-0.43114 6.6
-0.4309 6.6
-0.43065 6.6
-0.43041 6.5
-0.43016 6.4
-0.42992 6.3
-0.42968 6.2
-0.42943 6.1
-0.42919 6.0
-0.42894 5.8
-0.4287 5.7
-0.42846 5.5
-0.42821 5.3
-0.42797 5.1
-0.42772 4.8
-0.42748 4.6
-0.42723 4.4
-0.42699 4.1
-0.42675 3.8
-0.4265 3.6
-0.42626 3.3
-0.42601 3.0
-0.42577 2.7
-0.42553 2.4
-0.42528 2.0
-0.42504 1.7
-0.42479 1.4
-0.42455 1.1
-0.4243 0.7
-0.42406 0.4
-0.42382 0.0
-0.42357 -0.3
-0.42333 -0.6
-0.42308 -1.0
-0.42284 -1.3
-0.4226 -1.6
-0.42235 -2.0
-0.42211 -2.3
-0.42186 -2.6
-0.42162 -2.9
-0.42138 -3.2
-0.42113 -3.5
-0.42089 -3.8
-0.42064 -4.1
-0.4204 -4.3
-0.42015 -4.6
-0.41991 -4.8
-0.41967 -5.0
-0.41942 -5.3
-0.41918 -5.5
-0.41893 -5.6
-0.41869 -5.8
-0.41845 -6.0
-0.4182 -6.1
-0.41796 -6.3
-0.41771 -6.4
-0.41747 -6.5
-0.41722 -6.5
-0.41698 -6.6
-0.41674 -6.6
-0.41649 -6.7
-0.41625 -6.7
-0.416 -6.7
-0.41576 -6.6
-0.41552 -6.6
-0.41527 -6.5
-0.41503 -6.5
-0.41478 -6.4
-0.41454 -6.3
-0.4143 -6.1
-0.41405 -6.0
-0.41381 -5.8
-0.41356 -5.7
-0.41332 -5.5
-0.41307 -5.3
-0.41283 -5.1
-0.41259 -4.8
-0.41234 -4.6
-0.4121 -4.3
-0.41185 -4.1
-0.41161 -3.8
-0.41137 -3.5
-0.41112 -3.2
-0.41088 -2.9
-0.41063 -2.6
-0.41039 -2.3
-0.41014 -1.9
-0.4099 -1.6
-0.40966 -1.3
-0.40941 -0.9
-0.40917 -0.6
-0.40892 -0.2
-0.40868 0.1
-0.40844 0.5
-0.40819 0.8
-0.40795 1.1
-0.4077 1.5
-0.40746 1.8
-0.40722 2.1
-0.40697 2.5
-0.40673 2.8
-0.40648 3.1
-0.40624 3.4
-0.40599 3.7
-0.40575 4.0
-0.40551 4.2
-0.40526 4.5
-0.40502 4.8
-0.40477 5.0
-0.40453 5.2
-0.40429 5.4
-0.40404 5.6
-0.4038 5.8
-0.40355 6.0
-0.40331 6.1
-0.40306 6.3
-0.40282 6.4
-0.40258 6.5
-0.40233 6.6
-0.40209 6.6
-0.40184 6.7
-0.4016 6.7
-0.40136 6.7
-0.40111 6.7
-0.40087 6.7
-0.40062 6.7
-0.40038 6.6
-0.40014 6.5
-0.39989 6.4
-0.39965 6.3
-0.3994 6.2
-0.39916 6.1
-0.39891 5.9
-0.39867 5.7
-0.39843 5.5
-0.39818 5.3
-0.39794 5.1
-0.39769 4.9
-0.39745 4.6
-0.39721 4.3
-0.39696 4.1
-0.39672 3.8
-0.39647 3.5
-0.39623 3.2
-0.39598 2.9
-0.39574 2.6
-0.3955 2.2
-0.39525 1.9
-0.39501 1.6
-0.39476 1.2
-0.39452 0.9
-0.39428 0.5
-0.39403 0.2
-0.39379 -0.2
-0.39354 -0.5
-0.3933 -0.9
-0.39305 -1.2
-0.39281 -1.6
-0.39257 -1.9
-0.39232 -2.3
-0.39208 -2.6
-0.39183 -2.9
-0.39159 -3.2
-0.39135 -3.5
-0.3911 -3.8
-0.39086 -4.1
-0.39061 -4.4
-0.39037 -4.7
-0.39013 -4.9
-0.38988 -5.1
-0.38964 -5.4
-0.38939 -5.6
-0.38915 -5.8
-0.3889 -6.0
-0.38866 -6.1
-0.38842 -6.3
-0.38817 -6.4
-0.38793 -6.5
-0.38768 -6.6
-0.38744 -6.7
-0.3872 -6.7
-0.38695 -6.8
-0.38671 -6.8
-0.38646 -6.8
-0.38622 -6.8
-0.38597 -6.7
-0.38573 -6.7
-0.38549 -6.6
-0.38524 -6.5
-0.385 -6.4
-0.38475 -6.3
-0.38451 -6.1
-0.38427 -6.0
-0.38402 -5.8
-0.38378 -5.6
-0.38353 -5.4
-0.38329 -5.2
-0.38305 -5.0
-0.3828 -4.7
-0.38256 -4.4
-0.38231 -4.2
-0.38207 -3.9
-0.38182 -3.6
-0.38158 -3.3
-0.38134 -2.9
-0.38109 -2.6
-0.38085 -2.3
-0.3806 -1.9
-0.38036 -1.6
-0.38012 -1.2
-0.37987 -0.9
-0.37963 -0.5
-0.37938 -0.2
-0.37914 0.2
-0.37889 0.5
-0.37865 0.9
-0.37841 1.3
-0.37816 1.6
-0.37792 2.0
-0.37767 2.3
-0.37743 2.6
-0.37719 3.0
-0.37694 3.3
-0.3767 3.6
-0.37645 3.9
-0.37621 4.2
-0.37597 4.5
-0.37572 4.7
-0.37548 5.0
-0.37523 5.2
-0.37499 5.5
-0.37474 5.7
-0.3745 5.9
-0.37426 6.0
-0.37401 6.2
-0.37377 6.4
-0.37352 6.5
-0.37328 6.6
-0.37304 6.7
-0.37279 6.8
-0.37255 6.8
-0.3723 6.8
-0.37206 6.9
-0.37181 6.8
-0.37157 6.8
-0.37133 6.8
-0.37108 6.7
-0.37084 6.6
-0.37059 6.5
-0.37035 6.4
-0.37011 6.3
-0.36986 6.1
-0.36962 6.0
-0.36937 5.8
-0.36913 5.6
-0.36889 5.3
-0.36864 5.1
-0.3684 4.8
-0.36815 4.6
-0.36791 4.3
-0.36766 4.0
-0.36742 3.7
-0.36718 3.4
-0.36693 3.1
-0.36669 2.7
-0.36644 2.4
-0.3662 2.1
-0.36596 1.7
-0.36571 1.3
-0.36547 1.0
-0.36522 0.6
-0.36498 0.3
-0.36473 -0.1
-0.36449 -0.5
-0.36425 -0.8
-0.364 -1.2
-0.36376 -1.6
-0.36351 -1.9
-0.36327 -2.3
-0.36303 -2.6
-0.36278 -3.0
-0.36254 -3.3
-0.36229 -3.6
-0.36205 -3.9
-0.3618 -4.2
-0.36156 -4.5
-0.36132 -4.8
-0.36107 -5.0
-0.36083 -5.3
-0.36058 -5.5
-0.36034 -5.7
-0.3601 -5.9
-0.35985 -6.1
-0.35961 -6.3
-0.35936 -6.4
-0.35912 -6.6
-0.35888 -6.7
-0.35863 -6.8
-0.35839 -6.8
-0.35814 -6.9
-0.3579 -6.9
-0.35765 -6.9
-0.35741 -6.9
-0.35717 -6.9
-0.35692 -6.8
-0.35668 -6.8
-0.35643 -6.7
-0.35619 -6.6
-0.35595 -6.4
-0.3557 -6.3
-0.35546 -6.1
-0.35521 -5.9
-0.35497 -5.7
-0.35472 -5.5
-0.35448 -5.3
-0.35424 -5.1
-0.35399 -4.8
-0.35375 -4.5
-0.3535 -4.2
-0.35326 -3.9
-0.35302 -3.6
-0.35277 -3.3
-0.35253 -2.9
-0.35228 -2.6
-0.35204 -2.3
-0.3518 -1.9
-0.35155 -1.5
-0.35131 -1.2
-0.35106 -0.8
-0.35082 -0.4
-0.35057 0.0
-0.35033 0.3
-0.35009 0.7
-0.34984 1.1
-0.3496 1.5
-0.34935 1.8
-0.34911 2.2
-0.34887 2.5
-0.34862 2.9
-0.34838 3.2
-0.34813 3.6
-0.34789 3.9
-0.34764 4.2
-0.3474 4.5
-0.34716 4.8
-0.34691 5.0
-0.34667 5.3
-0.34642 5.5
-0.34618 5.7
-0.34594 6.0
-0.34569 6.1
-0.34545 6.3
-0.3452 6.5
-0.34496 6.6
-0.34472 6.7
-0.34447 6.8
-0.34423 6.9
-0.34398 6.9
-0.34374 7.0
-0.34349 7.0
-0.34325 7.0
-0.34301 6.9
-0.34276 6.9
-0.34252 6.8
-0.34227 6.7
-0.34203 6.6
-0.34179 6.5
-0.34154 6.3
-0.3413 6.2
-0.34105 6.0
-0.34081 5.8
-0.34056 5.5
-0.34032 5.3
-0.34008 5.1
-0.33983 4.8
-0.33959 4.5
-0.33934 4.2
-0.3391 3.9
-0.33886 3.6
-0.33861 3.2
-0.33837 2.9
-0.33812 2.5
-0.33788 2.2
-0.33764 1.8
-0.33739 1.4
-0.33715 1.0
-0.3369 0.7
-0.33666 0.3
-0.33641 -0.1
-0.33617 -0.5
-0.33593 -0.9
-0.33568 -1.3
-0.33544 -1.6
-0.33519 -2.0
-0.33495 -2.4
-0.33471 -2.7
-0.33446 -3.1
-0.33422 -3.4
-0.33397 -3.8
-0.33373 -4.1
-0.33348 -4.4
-0.33324 -4.7
-0.333 -5.0
-0.33275 -5.2
-0.33251 -5.5
-0.33226 -5.7
-0.33202 -5.9
-0.33178 -6.1
-0.33153 -6.3
-0.33129 -6.5
-0.33104 -6.6
-0.3308 -6.7
-0.33055 -6.8
-0.33031 -6.9
-0.33007 -7.0
-0.32982 -7.0
-0.32958 -7.0
-0.32933 -7.0
-0.32909 -7.0
-0.32885 -7.0
-0.3286 -6.9
-0.32836 -6.8
-0.32811 -6.7
-0.32787 -6.6
-0.32763 -6.4
-0.32738 -6.2
-0.32714 -6.0
-0.32689 -5.8
-0.32665 -5.6
-0.3264 -5.4
-0.32616 -5.1
-0.32592 -4.8
-0.32567 -4.5
-0.32543 -4.2
-0.32518 -3.9
-0.32494 -3.6
-0.3247 -3.2
-0.32445 -2.9
-0.32421 -2.5
-0.32396 -2.1
-0.32372 -1.8
-0.32347 -1.4
-0.32323 -1.0
-0.32299 -0.6
-0.32274 -0.2
-0.3225 0.2
-0.32225 0.6
-0.32201 1.0
-0.32177 1.4
-0.32152 1.8
-0.32128 2.1
-0.32103 2.5
-0.32079 2.9
-0.32055 3.2
-0.3203 3.6
-0.32006 3.9
-0.31981 4.2
-0.31957 4.6
-0.31932 4.8
-0.31908 5.1
-0.31884 5.4
-0.31859 5.6
-0.31835 5.9
-0.3181 6.1
-0.31786 6.3
-0.31762 6.5
-0.31737 6.6
-0.31713 6.8
-0.31688 6.9
-0.31664 7.0
-0.31639 7.0
-0.31615 7.1
-0.31591 7.1
-0.31566 7.1
-0.31542 7.1
-0.31517 7.0
-0.31493 7.0
-0.31469 6.9
-0.31444 6.8
-0.3142 6.7
-0.31395 6.5
-0.31371 6.3
-0.31347 6.2
-0.31322 5.9
-0.31298 5.7
-0.31273 5.5
-0.31249 5.2
-0.31224 4.9
-0.312 4.6
-0.31176 4.3
-0.31151 4.0
-0.31127 3.6
-0.31102 3.3
-0.31078 2.9
-0.31054 2.6
-0.31029 2.2
-0.31005 1.8
-0.3098 1.4
-0.30956 1.0
-0.30931 0.6
-0.30907 0.2
-0.30883 -0.2
-0.30858 -0.6
-0.30834 -1.0
-0.30809 -1.4
-0.30785 -1.8
-0.30761 -2.2
-0.30736 -2.6
-0.30712 -3.0
-0.30687 -3.3
-0.30663 -3.7
-0.30639 -4.0
-0.30614 -4.3
-0.3059 -4.7
-0.30565 -5.0
-0.30541 -5.3
-0.30516 -5.5
-0.30492 -5.8
-0.30468 -6.0
-0.30443 -6.2
-0.30419 -6.4
-0.30394 -6.6
-0.3037 -6.7
-0.30346 -6.9
-0.30321 -7.0
-0.30297 -7.1
-0.30272 -7.1
-0.30248 -7.2
-0.30223 -7.2
-0.30199 -7.2
-0.30175 -7.1
-0.3015 -7.1
-0.30126 -7.0
-0.30101 -6.9
-0.30077 -6.8
-0.30053 -6.6
-0.30028 -6.5
-0.30004 -6.3
-0.29979 -6.1
-0.29955 -5.9
-0.2993 -5.6
-0.29906 -5.3
-0.29882 -5.1
-0.29857 -4.8
-0.29833 -4.4
-0.29808 -4.1
-0.29784 -3.8
-0.2976 -3.4
-0.29735 -3.0
-0.29711 -2.7
-0.29686 -2.3
-0.29662 -1.9
-0.29638 -1.5
-0.29613 -1.1
-0.29589 -0.7
-0.29564 -0.3
-0.2954 0.2
-0.29515 0.6
-0.29491 1.0
-0.29467 1.4
-0.29442 1.8
-0.29418 2.2
-0.29393 2.6
-0.29369 3.0
-0.29345 3.4
-0.2932 3.7
-0.29296 4.1
-0.29271 4.4
-0.29247 4.7
-0.29222 5.0
-0.29198 5.3
-0.29174 5.6
-0.29149 5.9
-0.29125 6.1
-0.291 6.3
-0.29076 6.5
-0.29052 6.7
-0.29027 6.8
-0.29003 7.0
-0.28978 7.1
-0.28954 7.2
-0.2893 7.2
-0.28905 7.2
-0.28881 7.3
-0.28856 7.2
-0.28832 7.2
-0.28807 7.1
-0.28783 7.1
-0.28759 6.9
-0.28734 6.8
-0.2871 6.7
-0.28685 6.5
-0.28661 6.3
-0.28637 6.1
-0.28612 5.8
-0.28588 5.5
-0.28563 5.3
-0.28539 5.0
-0.28514 4.6
-0.2849 4.3
-0.28466 4.0
-0.28441 3.6
-0.28417 3.2
-0.28392 2.9
-0.28368 2.5
-0.28344 2.1
-0.28319 1.6
-0.28295 1.2
-0.2827 0.8
-0.28246 0.4
-0.28222 0.0
-0.28197 -0.5
-0.28173 -0.9
-0.28148 -1.3
-0.28124 -1.7
-0.28099 -2.1
-0.28075 -2.5
-0.28051 -2.9
-0.28026 -3.3
-0.28002 -3.7
-0.27977 -4.1
-0.27953 -4.4
-0.27929 -4.7
-0.27904 -5.1
-0.2788 -5.4
-0.27855 -5.6
-0.27831 -5.9
-0.27806 -6.2
-0.27782 -6.4
-0.27758 -6.6
-0.27733 -6.8
-0.27709 -6.9
-0.27684 -7.0
-0.2766 -7.2
-0.27636 -7.2
-0.27611 -7.3
-0.27587 -7.3
-0.27562 -7.3
-0.27538 -7.3
-0.27514 -7.3
-0.27489 -7.2
-0.27465 -7.1
-0.2744 -7.0
-0.27416 -6.8
-0.27391 -6.7
-0.27367 -6.5
-0.27343 -6.3
-0.27318 -6.0
-0.27294 -5.8
-0.27269 -5.5
-0.27245 -5.2
-0.27221 -4.9
-0.27196 -4.6
-0.27172 -4.2
-0.27147 -3.9
-0.27123 -3.5
-0.27098 -3.1
-0.27074 -2.7
-0.2705 -2.3
-0.27025 -1.9
-0.27001 -1.4
-0.26976 -1.0
-0.26952 -0.6
-0.26928 -0.1
-0.26903 0.3
-0.26879 0.7
-0.26854 1.2
-0.2683 1.6
-0.26805 2.0
-0.26781 2.4
-0.26757 2.8
-0.26732 3.2
-0.26708 3.6
-0.26683 4.0
-0.26659 4.4
-0.26635 4.7
-0.2661 5.1
-0.26586 5.4
-0.26561 5.7
-0.26537 5.9
-0.26513 6.2
-0.26488 6.4
-0.26464 6.6
-0.26439 6.8
-0.26415 7.0
-0.2639 7.1
-0.26366 7.2
-0.26342 7.3
-0.26317 7.4
-0.26293 7.4
-0.26268 7.4
-0.26244 7.4
-0.2622 7.3
-0.26195 7.3
-0.26171 7.2
-0.26146 7.1
-0.26122 6.9
-0.26097 6.7
-0.26073 6.5
-0.26049 6.3
-0.26024 6.1
-0.26 5.8
-0.25975 5.5
-0.25951 5.2
-0.25927 4.9
-0.25902 4.5
-0.25878 4.2
-0.25853 3.8
-0.25829 3.4
-0.25805 3.0
-0.2578 2.6
-0.25756 2.2
-0.25731 1.7
-0.25707 1.3
-0.25682 0.8
-0.25658 0.4
-0.25634 0.0
-0.25609 -0.5
-0.25585 -0.9
-0.2556 -1.4
-0.25536 -1.8
-0.25512 -2.3
-0.25487 -2.7
-0.25463 -3.1
-0.25438 -3.5
-0.25414 -3.9
-0.25389 -4.3
-0.25365 -4.6
-0.25341 -5.0
-0.25316 -5.3
-0.25292 -5.6
-0.25267 -5.9
-0.25243 -6.2
-0.25219 -6.4
-0.25194 -6.7
-0.2517 -6.8
-0.25145 -7.0
-0.25121 -7.2
-0.25097 -7.3
-0.25072 -7.4
-0.25048 -7.4
-0.25023 -7.5
-0.24999 -7.5
-0.24974 -7.5
-0.2495 -7.4
-0.24926 -7.4
-0.24901 -7.3
-0.24877 -7.1
-0.24852 -7.0
-0.24828 -6.8
-0.24804 -6.6
-0.24779 -6.4
-0.24755 -6.1
-0.2473 -5.8
-0.24706 -5.5
-0.24681 -5.2
-0.24657 -4.9
-0.24633 -4.5
-0.24608 -4.2
-0.24584 -3.8
-0.24559 -3.4
-0.24535 -2.9
-0.24511 -2.5
-0.24486 -2.1
-0.24462 -1.6
-0.24437 -1.2
-0.24413 -0.7
-0.24389 -0.3
-0.24364 0.2
-0.2434 0.7
-0.24315 1.1
-0.24291 1.6
-0.24266 2.0
-0.24242 2.5
-0.24218 2.9
-0.24193 3.3
-0.24169 3.7
-0.24144 4.1
-0.2412 4.5
-0.24096 4.9
-0.24071 5.2
-0.24047 5.6
-0.24022 5.9
-0.23998 6.2
-0.23973 6.4
-0.23949 6.6
-0.23925 6.9
-0.239 7.0
-0.23876 7.2
-0.23851 7.3
-0.23827 7.4
-0.23803 7.5
-0.23778 7.6
-0.23754 7.6
-0.23729 7.6
-0.23705 7.5
-0.2368 7.5
-0.23656 7.4
-0.23632 7.2
-0.23607 7.1
-0.23583 6.9
-0.23558 6.7
-0.23534 6.5
-0.2351 6.2
-0.23485 5.9
-0.23461 5.6
-0.23436 5.3
-0.23412 4.9
-0.23388 4.6
-0.23363 4.2
-0.23339 3.8
-0.23314 3.4
-0.2329 2.9
-0.23265 2.5
-0.23241 2.0
-0.23217 1.6
-0.23192 1.1
-0.23168 0.6
-0.23143 0.2
-0.23119 -0.3
-0.23095 -0.8
-0.2307 -1.3
-0.23046 -1.7
-0.23021 -2.2
-0.22997 -2.7
-0.22972 -3.1
-0.22948 -3.5
-0.22924 -3.9
-0.22899 -4.3
-0.22875 -4.7
-0.2285 -5.1
-0.22826 -5.4
-0.22802 -5.8
-0.22777 -6.1
-0.22753 -6.4
-0.22728 -6.6
-0.22704 -6.8
-0.2268 -7.1
-0.22655 -7.2
-0.22631 -7.4
-0.22606 -7.5
-0.22582 -7.6
-0.22557 -7.6
-0.22533 -7.7
-0.22509 -7.7
-0.22484 -7.6
-0.2246 -7.6
-0.22435 -7.5
-0.22411 -7.4
-0.22387 -7.2
-0.22362 -7.0
-0.22338 -6.8
-0.22313 -6.6
-0.22289 -6.3
-0.22264 -6.0
-0.2224 -5.7
-0.22216 -5.4
-0.22191 -5.0
-0.22167 -4.6
-0.22142 -4.2
-0.22118 -3.8
-0.22094 -3.4
-0.22069 -3.0
-0.22045 -2.5
-0.2202 -2.0
-0.21996 -1.6
-0.21972 -1.1
-0.21947 -0.6
-0.21923 0.0
-0.21898 0.4
-0.21874 0.9
-0.21849 1.4
-0.21825 1.9
-0.21801 2.3
-0.21776 2.8
-0.21752 3.2
-0.21727 3.7
-0.21703 4.1
-0.21679 4.5
-0.21654 4.9
-0.2163 5.3
-0.21605 5.6
-0.21581 6.0
-0.21556 6.3
-0.21532 6.6
-0.21508 6.8
-0.21483 7.0
-0.21459 7.2
-0.21434 7.4
-0.2141 7.5
-0.21386 7.6
-0.21361 7.7
-0.21337 7.8
-0.21312 7.8
-0.21288 7.7
-0.21264 7.7
-0.21239 7.6
-0.21215 7.5
-0.2119 7.3
-0.21166 7.2
-0.21141 7.0
-0.21117 6.7
-0.21093 6.5
-0.21068 6.2
-0.21044 5.8
-0.21019 5.5
-0.20995 5.1
-0.20971 4.7
-0.20946 4.3
-0.20922 3.9
-0.20897 3.5
-0.20873 3.0
-0.20848 2.5
-0.20824 2.1
-0.208 1.6
-0.20775 1.1
-0.20751 0.6
-0.20726 0.0
-0.20702 -0.4
-0.20678 -0.9
-0.20653 -1.4
-0.20629 -1.9
-0.20604 -2.4
-0.2058 -2.9
-0.20555 -3.4
-0.20531 -3.8
-0.20507 -4.3
-0.20482 -4.7
-0.20458 -5.1
-0.20433 -5.5
-0.20409 -5.8
-0.20385 -6.2
-0.2036 -6.5
-0.20336 -6.7
-0.20311 -7.0
-0.20287 -7.2
-0.20263 -7.4
-0.20238 -7.6
-0.20214 -7.7
-0.20189 -7.8
-0.20165 -7.8
-0.2014 -7.9
-0.20116 -7.9
-0.20092 -7.8
-0.20067 -7.7
-0.20043 -7.6
-0.20018 -7.5
-0.19994 -7.3
-0.1997 -7.1
-0.19945 -6.9
-0.19921 -6.6
-0.19896 -6.3
-0.19872 -6.0
-0.19847 -5.7
-0.19823 -5.3
-0.19799 -4.9
-0.19774 -4.5
-0.1975 -4.0
-0.19725 -3.6
-0.19701 -3.1
-0.19677 -2.6
-0.19652 -2.1
-0.19628 -1.6
-0.19603 -1.1
-0.19579 -0.6
-0.19555 0.0
-0.1953 0.5
-0.19506 1.0
-0.19481 1.5
-0.19457 2.0
-0.19432 2.5
-0.19408 3.0
-0.19384 3.5
-0.19359 4.0
-0.19335 4.4
-0.1931 4.8
-0.19286 5.2
-0.19262 5.6
-0.19237 6.0
-0.19213 6.3
-0.19188 6.6
-0.19164 6.9
-0.19139 7.2
-0.19115 7.4
-0.19091 7.6
-0.19066 7.7
-0.19042 7.8
-0.19017 7.9
-0.18993 8.0
-0.18969 8.0
-0.18944 7.9
-0.1892 7.9
-0.18895 7.8
-0.18871 7.7
-0.18847 7.5
-0.18822 7.3
-0.18798 7.1
-0.18773 6.8
-0.18749 6.5
-0.18724 6.2
-0.187 5.8
-0.18676 5.5
-0.18651 5.1
-0.18627 4.6
-0.18602 4.2
-0.18578 3.7
-0.18554 3.2
-0.18529 2.7
-0.18505 2.2
-0.1848 1.7
-0.18456 1.2
-0.18431 0.6
-0.18407 0.0
-0.18383 -0.5
-0.18358 -1.0
-0.18334 -1.5
-0.18309 -2.1
-0.18285 -2.6
-0.18261 -3.1
-0.18236 -3.6
-0.18212 -4.1
-0.18187 -4.5
-0.18163 -5.0
-0.18139 -5.4
-0.18114 -5.8
-0.1809 -6.2
-0.18065 -6.5
-0.18041 -6.8
-0.18016 -7.1
-0.17992 -7.3
-0.17968 -7.5
-0.17943 -7.7
-0.17919 -7.9
-0.17894 -8.0
-0.1787 -8.0
-0.17846 -8.1
-0.17821 -8.1
-0.17797 -8.0
-0.17772 -8.0
-0.17748 -7.8
-0.17723 -7.7
-0.17699 -7.5
-0.17675 -7.3
-0.1765 -7.0
-0.17626 -6.7
-0.17601 -6.4
-0.17577 -6.0
-0.17553 -5.7
-0.17528 -5.2
-0.17504 -4.8
-0.17479 -4.3
-0.17455 -3.9
-0.1743 -3.4
-0.17406 -2.9
-0.17382 -2.3
-0.17357 -1.8
-0.17333 -1.2
-0.17308 -0.7
-0.17284 -0.1
-0.1726 0.4
-0.17235 1.0
-0.17211 1.6
-0.17186 2.1
-0.17162 2.6
-0.17138 3.2
-0.17113 3.7
-0.17089 4.2
-0.17064 4.7
-0.1704 5.1
-0.17015 5.5
-0.16991 5.9
-0.16967 6.3
-0.16942 6.7
-0.16918 7.0
-0.16893 7.3
-0.16869 7.5
-0.16845 7.7
-0.1682 7.9
-0.16796 8.0
-0.16771 8.1
-0.16747 8.2
-0.16722 8.2
-0.16698 8.2
-0.16674 8.1
-0.16649 8.0
-0.16625 7.9
-0.166 7.7
-0.16576 7.5
-0.16552 7.2
-0.16527 6.9
-0.16503 6.6
-0.16478 6.2
-0.16454 5.9
-0.1643 5.4
-0.16405 5.0
-0.16381 4.5
-0.16356 4.0
-0.16332 3.5
-0.16307 3.0
-0.16283 2.4
-0.16259 1.9
-0.16234 1.3
-0.1621 0.7
-0.16185 0.2
-0.16161 -0.4
-0.16137 -1.0
-0.16112 -1.6
-0.16088 -2.1
-0.16063 -2.7
-0.16039 -3.3
-0.16014 -3.8
-0.1599 -4.3
-0.15966 -4.8
-0.15941 -5.3
-0.15917 -5.7
-0.15892 -6.1
-0.15868 -6.5
-0.15844 -6.9
-0.15819 -7.2
-0.15795 -7.5
-0.1577 -7.7
-0.15746 -7.9
-0.15722 -8.1
-0.15697 -8.2
-0.15673 -8.3
-0.15648 -8.3
-0.15624 -8.3
-0.15599 -8.3
-0.15575 -8.2
-0.15551 -8.1
-0.15526 -7.9
-0.15502 -7.7
-0.15477 -7.4
-0.15453 -7.2
-0.15429 -6.8
-0.15404 -6.5
-0.1538 -6.1
-0.15355 -5.7
-0.15331 -5.2
-0.15306 -4.7
-0.15282 -4.2
-0.15258 -3.7
-0.15233 -3.1
-0.15209 -2.6
-0.15184 -2.0
-0.1516 -1.4
-0.15136 -0.8
-0.15111 -0.2
-0.15087 0.4
-0.15062 1.0
-0.15038 1.6
-0.15014 2.2
-0.14989 2.8
-0.14965 3.4
-0.1494 3.9
-0.14916 4.4
-0.14891 4.9
-0.14867 5.4
-0.14843 5.9
-0.14818 6.3
-0.14794 6.7
-0.14769 7.1
-0.14745 7.4
-0.14721 7.7
-0.14696 7.9
-0.14672 8.1
-0.14647 8.3
-0.14623 8.4
-0.14598 8.4
-0.14574 8.5
-0.1455 8.4
-0.14525 8.4
-0.14501 8.3
-0.14476 8.1
-0.14452 7.9
-0.14428 7.7
-0.14403 7.4
-0.14379 7.1
-0.14354 6.7
-0.1433 6.3
-0.14305 5.9
-0.14281 5.4
-0.14257 4.9
-0.14232 4.4
-0.14208 3.8
-0.14183 3.3
-0.14159 2.7
-0.14135 2.1
-0.1411 1.5
-0.14086 0.8
-0.14061 0.2
-0.14037 -0.4
-0.14013 -1.1
-0.13988 -1.7
-0.13964 -2.3
-0.13939 -2.9
-0.13915 -3.5
-0.1389 -4.1
-0.13866 -4.6
-0.13842 -5.1
-0.13817 -5.6
-0.13793 -6.1
-0.13768 -6.5
-0.13744 -6.9
-0.1372 -7.3
-0.13695 -7.6
-0.13671 -7.9
-0.13646 -8.1
-0.13622 -8.3
-0.13597 -8.4
-0.13573 -8.5
-0.13549 -8.6
-0.13524 -8.6
-0.135 -8.5
-0.13475 -8.4
-0.13451 -8.3
-0.13427 -8.1
-0.13402 -7.9
-0.13378 -7.6
-0.13353 -7.3
-0.13329 -6.9
-0.13305 -6.5
-0.1328 -6.1
-0.13256 -5.6
-0.13231 -5.1
-0.13207 -4.5
-0.13182 -4.0
-0.13158 -3.4
-0.13134 -2.8
-0.13109 -2.1
-0.13085 -1.5
-0.1306 -0.8
-0.13036 -0.2
-0.13012 0.5
-0.12987 1.1
-0.12963 1.8
-0.12938 2.4
-0.12914 3.1
-0.12889 3.7
-0.12865 4.3
-0.12841 4.8
-0.12816 5.4
-0.12792 5.9
-0.12767 6.3
-0.12743 6.8
-0.12719 7.2
-0.12694 7.5
-0.1267 7.9
-0.12645 8.1
-0.12621 8.4
-0.12597 8.5
-0.12572 8.7
-0.12548 8.7
-0.12523 8.7
-0.12499 8.7
-0.12474 8.6
-0.1245 8.5
-0.12426 8.3
-0.12401 8.1
-0.12377 7.8
-0.12352 7.5
-0.12328 7.1
-0.12304 6.7
-0.12279 6.2
-0.12255 5.7
-0.1223 5.2
-0.12206 4.6
-0.12181 4.0
-0.12157 3.4
-0.12133 2.8
-0.12108 2.1
-0.12084 1.5
-0.12059 0.8
-0.12035 0.0
-0.12011 -0.6
-0.11986 -1.3
-0.11962 -2.0
-0.11937 -2.6
-0.11913 -3.3
-0.11889 -3.9
-0.11864 -4.5
-0.1184 -5.1
-0.11815 -5.7
-0.11791 -6.2
-0.11766 -6.7
-0.11742 -7.1
-0.11718 -7.5
-0.11693 -7.9
-0.11669 -8.2
-0.11644 -8.4
-0.1162 -8.6
-0.11596 -8.8
-0.11571 -8.9
-0.11547 -8.9
-0.11522 -8.9
-0.11498 -8.8
-0.11473 -8.7
-0.11449 -8.5
-0.11425 -8.3
-0.114 -8.0
-0.11376 -7.7
-0.11351 -7.3
-0.11327 -6.8
-0.11303 -6.4
-0.11278 -5.8
-0.11254 -5.3
-0.11229 -4.7
-0.11205 -4.1
-0.1118 -3.4
-0.11156 -2.7
-0.11132 -2.1
-0.11107 -1.3
-0.11083 -0.6
-0.11058 0.0
-0.11034 0.8
-0.1101 1.5
-0.10985 2.2
-0.10961 2.9
-0.10936 3.6
-0.10912 4.3
-0.10888 4.9
-0.10863 5.5
-0.10839 6.1
-0.10814 6.6
-0.1079 7.1
-0.10765 7.5
-0.10741 7.9
-0.10717 8.2
-0.10692 8.5
-0.10668 8.7
-0.10643 8.9
-0.10619 9.0
-0.10595 9.1
-0.1057 9.1
-0.10546 9.0
-0.10521 8.9
-0.10497 8.7
-0.10472 8.5
-0.10448 8.2
-0.10424 7.8
-0.10399 7.4
-0.10375 6.9
-0.1035 6.4
-0.10326 5.9
-0.10302 5.3
-0.10277 4.6
-0.10253 4.0
-0.10228 3.3
-0.10204 2.6
-0.1018 1.9
-0.10155 1.1
-0.10131 0.4
-0.10106 -0.4
-0.10082 -1.2
-0.10057 -1.9
-0.10033 -2.6
-0.10009 -3.4
-0.09984 -4.1
-0.0996 -4.7
-0.09935 -5.4
-0.09911 -6.0
-0.09887 -6.6
-0.09862 -7.1
-0.09838 -7.6
-0.09813 -8.0
-0.09789 -8.3
-0.09764 -8.6
-0.0974 -8.9
-0.09716 -9.1
-0.09691 -9.2
-0.09667 -9.3
-0.09642 -9.3
-0.09618 -9.2
-0.09594 -9.1
-0.09569 -8.9
-0.09545 -8.6
-0.0952 -8.3
-0.09496 -7.9
-0.09472 -7.4
-0.09447 -6.9
-0.09423 -6.4
-0.09398 -5.8
-0.09374 -5.2
-0.09349 -4.5
-0.09325 -3.8
-0.09301 -3.0
-0.09276 -2.3
-0.09252 -1.5
-0.09227 -0.7
-0.09203 0.0
-0.09179 0.9
-0.09154 1.7
-0.0913 2.5
-0.09105 3.2
-0.09081 4.0
-0.09056 4.7
-0.09032 5.4
-0.09008 6.0
-0.08983 6.6
-0.08959 7.2
-0.08934 7.7
-0.0891 8.1
-0.08886 8.5
-0.08861 8.9
-0.08837 9.1
-0.08812 9.3
-0.08788 9.4
-0.08764 9.5
-0.08739 9.5
-0.08715 9.4
-0.0869 9.2
-0.08666 9.0
-0.08641 8.7
-0.08617 8.3
-0.08593 7.9
-0.08568 7.4
-0.08544 6.8
-0.08519 6.2
-0.08495 5.6
-0.08471 4.9
-0.08446 4.1
-0.08422 3.4
-0.08397 2.6
-0.08373 1.7
-0.08348 0.9
-0.08324 0.0
-0.083 -0.8
-0.08275 -1.6
-0.08251 -2.5
-0.08226 -3.3
-0.08202 -4.1
-0.08178 -4.8
-0.08153 -5.5
-0.08129 -6.2
-0.08104 -6.9
-0.0808 -7.4
-0.08055 -8.0
-0.08031 -8.4
-0.08007 -8.8
-0.07982 -9.2
-0.07958 -9.4
-0.07933 -9.6
-0.07909 -9.7
-0.07885 -9.7
-0.0786 -9.7
-0.07836 -9.5
-0.07811 -9.3
-0.07787 -9.0
-0.07763 -8.7
-0.07738 -8.2
-0.07714 -7.7
-0.07689 -7.2
-0.07665 -6.5
-0.0764 -5.8
-0.07616 -5.1
-0.07592 -4.3
-0.07567 -3.5
-0.07543 -2.7
-0.07518 -1.8
-0.07494 -0.9
-0.0747 0.0
-0.07445 0.9
-0.07421 1.8
-0.07396 2.7
-0.07372 3.5
-0.07347 4.4
-0.07323 5.2
-0.07299 5.9
-0.07274 6.6
-0.0725 7.3
-0.07225 7.9
-0.07201 8.4
-0.07177 8.9
-0.07152 9.2
-0.07128 9.5
-0.07103 9.8
-0.07079 9.9
-0.07055 10.0
-0.0703 9.9
-0.07006 9.8
-0.06981 9.6
-0.06957 9.3
-0.06932 8.9
-0.06908 8.5
-0.06884 7.9
-0.06859 7.3
-0.06835 6.7
-0.0681 5.9
-0.06786 5.1
-0.06762 4.3
-0.06737 3.4
-0.06713 2.5
-0.06688 1.6
-0.06664 0.6
-0.06639 -0.3
-0.06615 -1.3
-0.06591 -2.3
-0.06566 -3.2
-0.06542 -4.1
-0.06517 -5.0
-0.06493 -5.8
-0.06469 -6.6
-0.06444 -7.3
-0.0642 -8.0
-0.06395 -8.5
-0.06371 -9.0
-0.06347 -9.5
-0.06322 -9.8
-0.06298 -10.0
-0.06273 -10.2
-0.06249 -10.2
-0.06224 -10.2
-0.062 -10.0
-0.06176 -9.8
-0.06151 -9.5
-0.06127 -9.1
-0.06102 -8.5
-0.06078 -7.9
-0.06054 -7.3
-0.06029 -6.5
-0.06005 -5.7
-0.0598 -4.8
-0.05956 -3.9
-0.05931 -2.9
-0.05907 -2.0
-0.05883 -0.9
-0.05858 0.0
-0.05834 1.1
-0.05809 2.2
-0.05785 3.2
-0.05761 4.1
-0.05736 5.1
-0.05712 6.0
-0.05687 6.8
-0.05663 7.6
-0.05639 8.3
-0.05614 8.9
-0.0559 9.4
-0.05565 9.8
-0.05541 10.2
-0.05516 10.4
-0.05492 10.5
-0.05468 10.5
-0.05443 10.4
-0.05419 10.2
-0.05394 9.9
-0.0537 9.5
-0.05346 9.0
-0.05321 8.4
-0.05297 7.7
-0.05272 6.9
-0.05248 6.0
-0.05223 5.1
-0.05199 4.1
-0.05175 3.0
-0.0515 1.9
-0.05126 0.8
-0.05101 -0.3
-0.05077 -1.4
-0.05053 -2.5
-0.05028 -3.6
-0.05004 -4.6
-0.04979 -5.6
-0.04955 -6.6
-0.0493 -7.5
-0.04906 -8.2
-0.04882 -8.9
-0.04857 -9.6
-0.04833 -10.1
-0.04808 -10.4
-0.04784 -10.7
-0.0476 -10.9
-0.04735 -10.9
-0.04711 -10.8
-0.04686 -10.6
-0.04662 -10.2
-0.04638 -9.8
-0.04613 -9.2
-0.04589 -8.5
-0.04564 -7.7
-0.0454 -6.8
-0.04515 -5.8
-0.04491 -4.8
-0.04467 -3.7
-0.04442 -2.5
-0.04418 -1.3
-0.04393 -0.1
-0.04369 1.1
-0.04345 2.3
-0.0432 3.5
-0.04296 4.6
-0.04271 5.7
-0.04247 6.8
-0.04222 7.7
-0.04198 8.6
-0.04174 9.4
-0.04149 10.0
-0.04125 10.5
-0.041 10.9
-0.04076 11.2
-0.04052 11.3
-0.04027 11.3
-0.04003 11.1
-0.03978 10.8
-0.03954 10.3
-0.0393 9.7
-0.03905 9.0
-0.03881 8.2
-0.03856 7.2
-0.03832 6.1
-0.03807 5.0
-0.03783 3.8
-0.03759 2.5
-0.03734 1.2
-0.0371 -0.2
-0.03685 -1.5
-0.03661 -2.8
-0.03637 -4.1
-0.03612 -5.4
-0.03588 -6.6
-0.03563 -7.7
-0.03539 -8.7
-0.03514 -9.5
-0.0349 -10.3
-0.03466 -10.9
-0.03441 -11.4
-0.03417 -11.7
-0.03392 -11.8
-0.03368 -11.7
-0.03344 -11.5
-0.03319 -11.2
-0.03295 -10.6
-0.0327 -9.9
-0.03246 -9.0
-0.03222 -8.0
-0.03197 -6.9
-0.03173 -5.7
-0.03148 -4.3
-0.03124 -2.9
-0.03099 -1.5
-0.03075 0.0
-0.03051 1.5
-0.03026 3.0
-0.03002 4.5
-0.02977 5.8
-0.02953 7.2
-0.02929 8.4
-0.02904 9.4
-0.0288 10.4
-0.02855 11.1
-0.02831 11.7
-0.02806 12.1
-0.02782 12.3
-0.02758 12.3
-0.02733 12.1
-0.02709 11.7
-0.02684 11.1
-0.0266 10.3
-0.02636 9.3
-0.02611 8.1
-0.02587 6.8
-0.02562 5.4
-0.02538 3.8
-0.02514 2.2
-0.02489 0.5
-0.02465 -1.2
-0.0244 -2.9
-0.02416 -4.5
-0.02391 -6.1
-0.02367 -7.6
-0.02343 -9.0
-0.02318 -10.2
-0.02294 -11.2
-0.02269 -12.0
-0.02245 -12.6
-0.02221 -13.0
-0.02196 -13.1
-0.02172 -12.9
-0.02147 -12.5
-0.02123 -11.8
-0.02098 -10.9
-0.02074 -9.8
-0.0205 -8.4
-0.02025 -6.8
-0.02001 -5.1
-0.01976 -3.3
-0.01952 -1.4
-0.01928 0.6
-0.01903 2.6
-0.01879 4.5
-0.01854 6.4
-0.0183 8.1
-0.01805 9.7
-0.01781 11.1
-0.01757 12.2
-0.01732 13.1
-0.01708 13.7
-0.01683 13.9
-0.01659 13.9
-0.01635 13.4
-0.0161 12.7
-0.01586 11.6
-0.01561 10.2
-0.01537 8.6
-0.01513 6.7
-0.01488 4.6
-0.01464 2.3
-0.01439 0.0
-0.01415 -2.4
-0.0139 -4.7
-0.01366 -7.0
-0.01342 -9.1
-0.01317 -10.9
-0.01293 -12.5
-0.01268 -13.8
-0.01244 -14.6
-0.0122 -15.0
-0.01195 -15.0
-0.01171 -14.5
-0.01146 -13.6
-0.01122 -12.2
-0.01097 -10.4
-0.01073 -8.2
-0.01049 -5.6
-0.01024 -2.9
-0.01 0.0
-0.00975 3.0
-0.00951 5.9
-0.00927 8.7
-0.00902 11.2
-0.00878 13.3
-0.00853 15.0
-0.00829 16.1
-0.00805 16.6
-0.0078 16.4
-0.00756 15.5
-0.00731 13.9
-0.00707 11.7
-0.00682 8.8
-0.00658 5.5
-0.00634 1.8
-0.00609 -2.1
-0.00585 -6.0
-0.0056 -9.7
-0.00536 -13.0
-0.00512 -15.8
-0.00487 -17.7
-0.00463 -18.6
-0.00438 -18.4
-0.00414 -17.1
-0.00389 -14.6
-0.00365 -11.0
-0.00341 -6.4
-0.00316 -1.2
-0.00292 4.4
-0.00267 9.9
-0.00243 14.8
-0.00219 18.6
-0.00194 20.9
-0.0017 21.3
-0.00145 19.4
-0.00121 15.1
-0.00097 8.8
-0.00072 0.9
-0.00048 -7.7
-0.00023 -15.7
1e-05 -21.3
0.00026 -23.1
0.0005 -20.0
0.00074 -12.3
0.00099 -1.6
0.00123 9.3
0.00148 17.1
0.00172 19.4
0.00196 15.5
0.00221 7.2
0.00245 -2.5
0.0027 -10.1
0.00294 -13.1
0.00319 -11.2
0.00343 -5.6
0.00367 1.1
0.00392 6.2
0.00416 8.1
0.00441 6.6
0.00465 3.0
0.00489 -1.1
0.00514 -4.0
0.00538 -4.8
0.00563 -3.6
0.00587 -1.2
0.00611 1.2
0.00636 2.7
0.0066 2.8
0.00685 1.8
0.00709 0.3
0.00734 -1.0
0.00758 -1.7
0.00782 -1.6
0.00807 -0.9
0.00831 0.0
0.00856 0.8
0.0088 1.1
0.00904 0.9
0.00929 0.4
0.00953 -0.2
0.00978 -0.6
0.01002 -0.6
0.01027 -0.4
0.01051 -0.1
0.01075 0.2
0.011 0.4
0.01124 0.4
0.01149 0.2
0.01173 0.0
0.01197 -0.2
0.01222 -0.2
0.01246 -0.2
0.01271 0.0
0.01295 0.0
0.0132 0.1
0.01344 0.1
0.01368 0.1
0.01393 0.0
0.01417 0.0
0.01442 0.0
0.01466 0.0
0.0149 0.0
0.01515 0.0
0.01539 0.0
0.01564 0.0
0.01588 0.0
0.01612 0.0
0.01637 0.0
0.01661 0.0
0.01686 0.0
0.0171 0.0
0.01735 0.0
0.01759 0.0
0.01783 0.0
0.01808 0.0
0.01832 0.0
0.01857 0.0
0.01881 0.0
0.01905 0.0
0.0193 0.0
0.01954 0.0
0.01979 0.0
0.02003 0.0
0.02028 0.0
0.02052 0.0
0.02076 0.0
0.02101 0.0
0.02125 0.0
0.0215 0.0
0.02174 0.0
0.02198 0.0
0.02223 0.0
0.02247 0.0
0.02272 0.0
0.02296 0.0
0.0232 0.0
0.02345 0.0
0.02369 0.0
0.02394 0.0
0.02418 0.0
0.02443 0.0
0.02467 0.0
0.02491 0.0
0.02516 0.0
0.0254 0.0
0.02565 0.0
0.02589 0.0
0.02613 0.0
0.02638 0.0
0.02662 0.0
0.02687 0.0
0.02711 0.0
0.02736 0.0
0.0276 0.0
0.02784 0.0
0.02809 0.0
0.02833 0.0
0.02858 0.0
0.02882 0.0
0.02906 0.0
0.02931 0.0
0.02955 0.0
0.0298 0.0
0.03004 0.0
0.03028 0.0
0.03053 0.0
0.03077 0.0
0.03102 0.0
0.03126 0.0
0.03151 0.0
0.03175 0.0
0.03199 0.0
0.03224 0.0
0.03248 0.0
0.03273 0.0
0.03297 0.0
0.03321 0.0
0.03346 0.0
0.0337 0.0
0.03395 0.0
0.03419 0.0
0.03444 0.0
0.03468 0.0
0.03492 0.0
0.03517 0.0
0.03541 0.0
0.03566 0.0
0.0359 0.0
0.03614 0.0
0.03639 0.0
0.03663 0.0
0.03688 0.0
0.03712 0.0
0.03736 0.0
0.03761 0.0
0.03785 0.0
0.0381 0.0
0.03834 0.0
0.03859 0.0
0.03883 0.0
0.03907 0.0
0.03932 0.0
0.03956 0.0
0.03981 0.0
0.04005 0.0
0.04029 0.0
0.04054 0.0
0.04078 0.0
0.04103 0.0
0.04127 0.0
0.04152 0.0
0.04176 0.0
0.042 0.0
0.04225 0.0
0.04249 0.0
0.04274 0.0
0.04298 0.0
0.04322 0.0
0.04347 0.0
0.04371 0.0
0.04396 0.0
0.0442 0.0
0.04445 0.0
0.04469 0.0
0.04493 0.0
0.04518 0.0
0.04542 0.0
0.04567 0.0
0.04591 0.0
0.04615 0.0
0.0464 0.0
0.04664 0.0
0.04689 0.0
0.04713 0.0
0.04737 0.0
0.04762 0.0
0.04786 0.0
0.04811 0.0
0.04835 0.0
0.0486 0.0
0.04884 0.0
0.04908 0.0
0.04933 0.0
0.04957 0.0
0.04982 0.0
0.05006 0.0
0.0503 0.0
0.05055 0.0
0.05079 0.0
0.05104 0.0
0.05128 0.0
0.05153 0.0
0.05177 0.0
0.05201 0.0
0.05226 0.0
0.0525 0.0
0.05275 0.0
0.05299 0.0
0.05323 0.0
0.05348 0.0
0.05372 0.0
0.05397 0.0
0.05421 0.0
0.05445 0.0
0.0547 0.0
0.05494 0.0
0.05519 0.0
0.05543 0.0
0.05568 0.0
0.05592 0.0
0.05616 0.0
0.05641 0.0
0.05665 0.0
0.0569 0.0
0.05714 0.0
0.05738 0.0
0.05763 0.0
0.05787 0.0
0.05812 0.0
0.05836 0.0
0.05861 0.0
0.05885 0.0
0.05909 0.0
0.05934 0.0
0.05958 0.0
0.05983 0.0
0.06007 0.0
0.06031 0.0
0.06056 0.0
0.0608 0.0
0.06105 0.0
0.06129 0.0
0.06153 0.0
0.06178 0.0
0.06202 0.0
0.06227 0.0
0.06251 0.0
0.06276 0.0
0.063 0.0
0.06324 0.0
0.06349 0.0
0.06373 0.0
0.06398 0.0
0.06422 0.0
0.06446 0.0
0.06471 0.0
0.06495 0.0
0.0652 0.0
0.06544 0.0
0.06569 0.0
0.06593 0.0
0.06617 0.0
0.06642 0.0
0.06666 0.0
0.06691 0.0
0.06715 0.0
0.06739 0.0
0.06764 0.0
0.06788 0.0
0.06813 0.0
0.06837 0.0
0.06861 0.0
0.06886 0.0
0.0691 0.0
0.06935 0.0
0.06959 0.0
0.06984 0.0
0.07008 0.0
0.07032 0.0
0.07057 0.0
0.07081 0.0
0.07106 0.0
0.0713 0.0
0.07154 0.0
0.07179 0.0
0.07203 0.0
0.07228 0.0
0.07252 0.0
0.07277 0.0
0.07301 0.0
0.07325 0.0
0.0735 0.0
0.07374 0.0
0.07399 0.0
0.07423 0.0
0.07447 0.0
0.07472 0.0
0.07496 0.0
0.07521 0.0
0.07545 0.0
0.0757 0.0
0.07594 0.0
0.07618 0.0
0.07643 0.0
0.07667 0.0
0.07692 0.0
0.07716 0.0
0.0774 0.0
0.07765 0.0
0.07789 0.0
0.07814 0.0
0.07838 0.0
0.07862 0.0
0.07887 0.0
0.07911 0.0
0.07936 0.0
0.0796 0.0
0.07985 0.0
0.08009 0.0
0.08033 0.0
0.08058 0.0
0.08082 0.0
0.08107 0.0
0.08131 0.0
0.08155 0.0
0.0818 0.0
0.08204 0.0
0.08229 0.0
0.08253 0.0
0.08278 0.0
0.08302 0.0
0.08326 0.0
0.08351 0.0
0.08375 0.0
0.084 0.0
0.08424 0.0
0.08448 0.0
0.08473 0.0
0.08497 0.0
0.08522 0.0
0.08546 0.0
0.0857 0.0
0.08595 0.0
0.08619 0.0
0.08644 0.0
0.08668 0.0
0.08693 0.0
0.08717 0.0
0.08741 0.0
0.08766 0.0
0.0879 0.0
0.08815 0.0
0.08839 0.0
0.08863 0.0
0.08888 0.0
0.08912 0.0
0.08937 0.0
0.08961 0.0
0.08986 0.0
0.0901 0.0
0.09034 0.0
0.09059 0.0
0.09083 0.0
0.09108 0.0
0.09132 0.0
0.09156 0.0
0.09181 0.0
0.09205 0.0
0.0923 0.0
0.09254 0.0
0.09278 0.0
0.09303 0.0
0.09327 0.0
0.09352 0.0
