t strain*1e23
-0.41999 -7.0
-0.41975 -6.9
-0.41951 -6.8
-0.41926 -6.7
-0.41902 -6.6
-0.41877 -6.5
-0.41853 -6.4
-0.41829 -6.3
-0.41804 -6.1
-0.4178 -6.0
-0.41755 -5.8
-0.41731 -5.6
-0.41706 -5.5
-0.41682 -5.3
-0.41658 -5.1
-0.41633 -4.9
-0.41609 -4.7
-0.41584 -4.5
-0.4156 -4.2
-0.41536 -4.0
-0.41511 -3.8
-0.41487 -3.5
-0.41462 -3.3
-0.41438 -3.1
-0.41413 -2.8
-0.41389 -2.5
-0.41365 -2.3
-0.4134 -2.0
-0.41316 -1.7
-0.41291 -1.5
-0.41267 -1.2
-0.41243 -0.9
-0.41218 -0.6
-0.41194 -0.4
-0.41169 0.0
-0.41145 0.2
-0.41121 0.5
-0.41096 0.7
-0.41072 1.0
-0.41047 1.3
-0.41023 1.6
-0.40998 1.8
-0.40974 2.1
-0.4095 2.4
-0.40925 2.6
-0.40901 2.9
-0.40876 3.2
-0.40852 3.4
-0.40828 3.6
-0.40803 3.9
-0.40779 4.1
-0.40754 4.4
-0.4073 4.6
-0.40705 4.8
-0.40681 5.0
-0.40657 5.2
-0.40632 5.4
-0.40608 5.6
-0.40583 5.7
-0.40559 5.9
-0.40535 6.1
-0.4051 6.2
-0.40486 6.4
-0.40461 6.5
-0.40437 6.6
-0.40413 6.7
-0.40388 6.8
-0.40364 6.9
-0.40339 7.0
-0.40315 7.1
-0.4029 7.1
-0.40266 7.2
-0.40242 7.2
-0.40217 7.2
-0.40193 7.3
-0.40168 7.3
-0.40144 7.3
-0.4012 7.2
-0.40095 7.2
-0.40071 7.2
-0.40046 7.1
-0.40022 7.1
-0.39997 7.0
-0.39973 6.9
-0.39949 6.8
-0.39924 6.7
-0.399 6.6
-0.39875 6.5
-0.39851 6.3
-0.39827 6.2
-0.39802 6.0
-0.39778 5.9
-0.39753 5.7
-0.39729 5.5
-0.39705 5.3
-0.3968 5.1
-0.39656 4.9
-0.39631 4.7
-0.39607 4.5
-0.39582 4.3
-0.39558 4.0
-0.39534 3.8
-0.39509 3.5
-0.39485 3.3
-0.3946 3.0
-0.39436 2.8
-0.39412 2.5
-0.39387 2.2
-0.39363 2.0
-0.39338 1.7
-0.39314 1.4
-0.39289 1.1
-0.39265 0.8
-0.39241 0.6
-0.39216 0.3
-0.39192 0.0
-0.39167 -0.3
-0.39143 -0.6
-0.39119 -0.9
-0.39094 -1.2
-0.3907 -1.4
-0.39045 -1.7
-0.39021 -2.0
-0.38997 -2.3
-0.38972 -2.5
-0.38948 -2.8
-0.38923 -3.1
-0.38899 -3.3
-0.38874 -3.6
-0.3885 -3.8
-0.38826 -4.1
-0.38801 -4.3
-0.38777 -4.5
-0.38752 -4.8
-0.38728 -5.0
-0.38704 -5.2
-0.38679 -5.4
-0.38655 -5.6
-0.3863 -5.8
-0.38606 -5.9
-0.38581 -6.1
-0.38557 -6.3
-0.38533 -6.4
-0.38508 -6.5
-0.38484 -6.7
-0.38459 -6.8
-0.38435 -6.9
-0.38411 -7.0
-0.38386 -7.1
-0.38362 -7.1
-0.38337 -7.2
-0.38313 -7.3
-0.38288 -7.3
-0.38264 -7.3
-0.3824 -7.3
-0.38215 -7.3
-0.38191 -7.3
-0.38166 -7.3
-0.38142 -7.3
-0.38118 -7.2
-0.38093 -7.2
-0.38069 -7.1
-0.38044 -7.0
-0.3802 -7.0
-0.37996 -6.9
-0.37971 -6.8
-0.37947 -6.6
-0.37922 -6.5
-0.37898 -6.4
-0.37873 -6.2
-0.37849 -6.1
-0.37825 -5.9
-0.378 -5.7
-0.37776 -5.5
-0.37751 -5.3
-0.37727 -5.1
-0.37703 -4.9
-0.37678 -4.7
-0.37654 -4.5
-0.37629 -4.2
-0.37605 -4.0
-0.3758 -3.7
-0.37556 -3.5
-0.37532 -3.2
-0.37507 -2.9
-0.37483 -2.7
-0.37458 -2.4
-0.37434 -2.1
-0.3741 -1.8
-0.37385 -1.5
-0.37361 -1.3
-0.37336 -1.0
-0.37312 -0.7
-0.37288 -0.4
-0.37263 0.0
-0.37239 0.2
-0.37214 0.5
-0.3719 0.8
-0.37165 1.1
-0.37141 1.4
-0.37117 1.7
-0.37092 2.0
-0.37068 2.2
-0.37043 2.5
-0.37019 2.8
-0.36995 3.1
-0.3697 3.3
-0.36946 3.6
-0.36921 3.9
-0.36897 4.1
-0.36872 4.3
-0.36848 4.6
-0.36824 4.8
-0.36799 5.0
-0.36775 5.3
-0.3675 5.5
-0.36726 5.7
-0.36702 5.8
-0.36677 6.0
-0.36653 6.2
-0.36628 6.3
-0.36604 6.5
-0.3658 6.6
-0.36555 6.8
-0.36531 6.9
-0.36506 7.0
-0.36482 7.1
-0.36457 7.2
-0.36433 7.2
-0.36409 7.3
-0.36384 7.3
-0.3636 7.4
-0.36335 7.4
-0.36311 7.4
-0.36287 7.4
-0.36262 7.4
-0.36238 7.4
-0.36213 7.3
-0.36189 7.3
-0.36164 7.2
-0.3614 7.2
-0.36116 7.1
-0.36091 7.0
-0.36067 6.9
-0.36042 6.8
-0.36018 6.6
-0.35994 6.5
-0.35969 6.4
-0.35945 6.2
-0.3592 6.0
-0.35896 5.8
-0.35872 5.6
-0.35847 5.4
-0.35823 5.2
-0.35798 5.0
-0.35774 4.8
-0.35749 4.6
-0.35725 4.3
-0.35701 4.1
-0.35676 3.8
-0.35652 3.6
-0.35627 3.3
-0.35603 3.0
-0.35579 2.7
-0.35554 2.5
-0.3553 2.2
-0.35505 1.9
-0.35481 1.6
-0.35456 1.3
-0.35432 1.0
-0.35408 0.7
-0.35383 0.4
-0.35359 0.0
-0.35334 -0.2
-0.3531 -0.5
-0.35286 -0.8
-0.35261 -1.1
-0.35237 -1.4
-0.35212 -1.7
-0.35188 -2.0
-0.35163 -2.3
-0.35139 -2.6
-0.35115 -2.9
-0.3509 -3.2
-0.35066 -3.4
-0.35041 -3.7
-0.35017 -4.0
-0.34993 -4.2
-0.34968 -4.5
-0.34944 -4.7
-0.34919 -5.0
-0.34895 -5.2
-0.34871 -5.4
-0.34846 -5.6
-0.34822 -5.8
-0.34797 -6.0
-0.34773 -6.2
-0.34748 -6.3
-0.34724 -6.5
-0.347 -6.7
-0.34675 -6.8
-0.34651 -6.9
-0.34626 -7.0
-0.34602 -7.1
-0.34578 -7.2
-0.34553 -7.3
-0.34529 -7.4
-0.34504 -7.4
-0.3448 -7.5
-0.34455 -7.5
-0.34431 -7.5
-0.34407 -7.5
-0.34382 -7.5
-0.34358 -7.5
-0.34333 -7.4
-0.34309 -7.4
-0.34285 -7.3
-0.3426 -7.3
-0.34236 -7.2
-0.34211 -7.1
-0.34187 -7.0
-0.34163 -6.9
-0.34138 -6.7
-0.34114 -6.6
-0.34089 -6.4
-0.34065 -6.3
-0.3404 -6.1
-0.34016 -5.9
-0.33992 -5.7
-0.33967 -5.5
-0.33943 -5.3
-0.33918 -5.1
-0.33894 -4.8
-0.3387 -4.6
-0.33845 -4.3
-0.33821 -4.1
-0.33796 -3.8
-0.33772 -3.5
-0.33747 -3.3
-0.33723 -3.0
-0.33699 -2.7
-0.33674 -2.4
-0.3365 -2.1
-0.33625 -1.8
-0.33601 -1.5
-0.33577 -1.2
-0.33552 -0.9
-0.33528 -0.6
-0.33503 -0.2
-0.33479 0.0
-0.33455 0.4
-0.3343 0.7
-0.33406 1.0
-0.33381 1.3
-0.33357 1.6
-0.33332 1.9
-0.33308 2.2
-0.33284 2.5
-0.33259 2.8
-0.33235 3.1
-0.3321 3.4
-0.33186 3.7
-0.33162 4.0
-0.33137 4.2
-0.33113 4.5
-0.33088 4.7
-0.33064 5.0
-0.33039 5.2
-0.33015 5.4
-0.32991 5.7
-0.32966 5.9
-0.32942 6.1
-0.32917 6.2
-0.32893 6.4
-0.32869 6.6
-0.32844 6.7
-0.3282 6.9
-0.32795 7.0
-0.32771 7.1
-0.32747 7.2
-0.32722 7.3
-0.32698 7.4
-0.32673 7.5
-0.32649 7.5
-0.32624 7.6
-0.326 7.6
-0.32576 7.6
-0.32551 7.6
-0.32527 7.6
-0.32502 7.6
-0.32478 7.5
-0.32454 7.5
-0.32429 7.4
-0.32405 7.3
-0.3238 7.2
-0.32356 7.1
-0.32331 7.0
-0.32307 6.9
-0.32283 6.8
-0.32258 6.6
-0.32234 6.4
-0.32209 6.3
-0.32185 6.1
-0.32161 5.9
-0.32136 5.7
-0.32112 5.4
-0.32087 5.2
-0.32063 5.0
-0.32038 4.7
-0.32014 4.5
-0.3199 4.2
-0.31965 3.9
-0.31941 3.7
-0.31916 3.4
-0.31892 3.1
-0.31868 2.8
-0.31843 2.5
-0.31819 2.2
-0.31794 1.9
-0.3177 1.6
-0.31746 1.2
-0.31721 0.9
-0.31697 0.6
-0.31672 0.3
-0.31648 0.0
-0.31623 -0.4
-0.31599 -0.7
-0.31575 -1.0
-0.3155 -1.3
-0.31526 -1.7
-0.31501 -2.0
-0.31477 -2.3
-0.31453 -2.6
-0.31428 -2.9
-0.31404 -3.2
-0.31379 -3.5
-0.31355 -3.8
-0.3133 -4.1
-0.31306 -4.3
-0.31282 -4.6
-0.31257 -4.9
-0.31233 -5.1
-0.31208 -5.3
-0.31184 -5.6
-0.3116 -5.8
-0.31135 -6.0
-0.31111 -6.2
-0.31086 -6.4
-0.31062 -6.6
-0.31038 -6.7
-0.31013 -6.9
-0.30989 -7.0
-0.30964 -7.2
-0.3094 -7.3
-0.30915 -7.4
-0.30891 -7.5
-0.30867 -7.5
-0.30842 -7.6
-0.30818 -7.6
-0.30793 -7.7
-0.30769 -7.7
-0.30745 -7.7
-0.3072 -7.7
-0.30696 -7.7
-0.30671 -7.6
-0.30647 -7.6
-0.30622 -7.5
-0.30598 -7.4
-0.30574 -7.4
-0.30549 -7.3
-0.30525 -7.1
-0.305 -7.0
-0.30476 -6.9
-0.30452 -6.7
-0.30427 -6.5
-0.30403 -6.3
-0.30378 -6.2
-0.30354 -5.9
-0.3033 -5.7
-0.30305 -5.5
-0.30281 -5.3
-0.30256 -5.0
-0.30232 -4.8
-0.30207 -4.5
-0.30183 -4.2
-0.30159 -3.9
-0.30134 -3.7
-0.3011 -3.4
-0.30085 -3.1
-0.30061 -2.8
-0.30037 -2.4
-0.30012 -2.1
-0.29988 -1.8
-0.29963 -1.5
-0.29939 -1.1
-0.29914 -0.8
-0.2989 -0.5
-0.29866 -0.1
-0.29841 0.2
-0.29817 0.5
-0.29792 0.9
-0.29768 1.2
-0.29744 1.5
-0.29719 1.8
-0.29695 2.2
-0.2967 2.5
-0.29646 2.8
-0.29622 3.1
-0.29597 3.4
-0.29573 3.7
-0.29548 4.0
-0.29524 4.3
-0.29499 4.6
-0.29475 4.8
-0.29451 5.1
-0.29426 5.4
-0.29402 5.6
-0.29377 5.8
-0.29353 6.0
-0.29329 6.3
-0.29304 6.5
-0.2928 6.6
-0.29255 6.8
-0.29231 7.0
-0.29206 7.1
-0.29182 7.2
-0.29158 7.4
-0.29133 7.5
-0.29109 7.6
-0.29084 7.6
-0.2906 7.7
-0.29036 7.8
-0.29011 7.8
-0.28987 7.8
-0.28962 7.8
-0.28938 7.8
-0.28913 7.8
-0.28889 7.7
-0.28865 7.7
-0.2884 7.6
-0.28816 7.5
-0.28791 7.4
-0.28767 7.3
-0.28743 7.2
-0.28718 7.0
-0.28694 6.9
-0.28669 6.7
-0.28645 6.5
-0.28621 6.4
-0.28596 6.1
-0.28572 5.9
-0.28547 5.7
-0.28523 5.5
-0.28498 5.2
-0.28474 5.0
-0.2845 4.7
-0.28425 4.4
-0.28401 4.1
-0.28376 3.8
-0.28352 3.5
-0.28328 3.2
-0.28303 2.9
-0.28279 2.6
-0.28254 2.2
-0.2823 1.9
-0.28205 1.6
-0.28181 1.2
-0.28157 0.9
-0.28132 0.5
-0.28108 0.2
-0.28083 -0.1
-0.28059 -0.5
-0.28035 -0.8
-0.2801 -1.2
-0.27986 -1.5
-0.27961 -1.9
-0.27937 -2.2
-0.27913 -2.5
-0.27888 -2.9
-0.27864 -3.2
-0.27839 -3.5
-0.27815 -3.8
-0.2779 -4.1
-0.27766 -4.4
-0.27742 -4.7
-0.27717 -5.0
-0.27693 -5.2
-0.27668 -5.5
-0.27644 -5.7
-0.2762 -6.0
-0.27595 -6.2
-0.27571 -6.4
-0.27546 -6.6
-0.27522 -6.8
-0.27497 -7.0
-0.27473 -7.1
-0.27449 -7.3
-0.27424 -7.4
-0.274 -7.5
-0.27375 -7.6
-0.27351 -7.7
-0.27327 -7.8
-0.27302 -7.8
-0.27278 -7.9
-0.27253 -7.9
-0.27229 -7.9
-0.27205 -7.9
-0.2718 -7.9
-0.27156 -7.9
-0.27131 -7.8
-0.27107 -7.7
-0.27082 -7.7
-0.27058 -7.6
-0.27034 -7.4
-0.27009 -7.3
-0.26985 -7.2
-0.2696 -7.0
-0.26936 -6.8
-0.26912 -6.7
-0.26887 -6.5
-0.26863 -6.3
-0.26838 -6.0
-0.26814 -5.8
-0.26789 -5.5
-0.26765 -5.3
-0.26741 -5.0
-0.26716 -4.7
-0.26692 -4.5
-0.26667 -4.2
-0.26643 -3.8
-0.26619 -3.5
-0.26594 -3.2
-0.2657 -2.9
-0.26545 -2.5
-0.26521 -2.2
-0.26497 -1.9
-0.26472 -1.5
-0.26448 -1.2
-0.26423 -0.8
-0.26399 -0.4
-0.26374 0.0
-0.2635 0.3
-0.26326 0.6
-0.26301 1.0
-0.26277 1.3
-0.26252 1.7
-0.26228 2.0
-0.26204 2.4
-0.26179 2.7
-0.26155 3.1
-0.2613 3.4
-0.26106 3.7
-0.26081 4.0
-0.26057 4.3
-0.26033 4.6
-0.26008 4.9
-0.25984 5.2
-0.25959 5.5
-0.25935 5.7
-0.25911 6.0
-0.25886 6.2
-0.25862 6.4
-0.25837 6.7
-0.25813 6.9
-0.25788 7.0
-0.25764 7.2
-0.2574 7.4
-0.25715 7.5
-0.25691 7.6
-0.25666 7.7
-0.25642 7.8
-0.25618 7.9
-0.25593 8.0
-0.25569 8.0
-0.25544 8.0
-0.2552 8.0
-0.25496 8.0
-0.25471 8.0
-0.25447 8.0
-0.25422 7.9
-0.25398 7.8
-0.25373 7.7
-0.25349 7.6
-0.25325 7.5
-0.253 7.4
-0.25276 7.2
-0.25251 7.1
-0.25227 6.9
-0.25203 6.7
-0.25178 6.5
-0.25154 6.3
-0.25129 6.0
-0.25105 5.8
-0.2508 5.5
-0.25056 5.2
-0.25032 4.9
-0.25007 4.6
-0.24983 4.3
-0.24958 4.0
-0.24934 3.7
-0.2491 3.4
-0.24885 3.0
-0.24861 2.7
-0.24836 2.3
-0.24812 2.0
-0.24788 1.6
-0.24763 1.2
-0.24739 0.9
-0.24714 0.5
-0.2469 0.1
-0.24665 -0.2
-0.24641 -0.6
-0.24617 -1.0
-0.24592 -1.3
-0.24568 -1.7
-0.24543 -2.1
-0.24519 -2.4
-0.24495 -2.8
-0.2447 -3.1
-0.24446 -3.5
-0.24421 -3.8
-0.24397 -4.1
-0.24372 -4.5
-0.24348 -4.8
-0.24324 -5.1
-0.24299 -5.4
-0.24275 -5.6
-0.2425 -5.9
-0.24226 -6.2
-0.24202 -6.4
-0.24177 -6.6
-0.24153 -6.8
-0.24128 -7.0
-0.24104 -7.2
-0.2408 -7.4
-0.24055 -7.5
-0.24031 -7.7
-0.24006 -7.8
-0.23982 -7.9
-0.23957 -8.0
-0.23933 -8.1
-0.23909 -8.1
-0.23884 -8.1
-0.2386 -8.2
-0.23835 -8.2
-0.23811 -8.1
-0.23787 -8.1
-0.23762 -8.0
-0.23738 -8.0
-0.23713 -7.9
-0.23689 -7.8
-0.23664 -7.7
-0.2364 -7.5
-0.23616 -7.4
-0.23591 -7.2
-0.23567 -7.0
-0.23542 -6.8
-0.23518 -6.6
-0.23494 -6.3
-0.23469 -6.1
-0.23445 -5.8
-0.2342 -5.6
-0.23396 -5.3
-0.23372 -5.0
-0.23347 -4.7
-0.23323 -4.4
-0.23298 -4.0
-0.23274 -3.7
-0.23249 -3.3
-0.23225 -3.0
-0.23201 -2.6
-0.23176 -2.3
-0.23152 -1.9
-0.23127 -1.5
-0.23103 -1.1
-0.23079 -0.7
-0.23054 -0.4
-0.2303 0.0
-0.23005 0.4
-0.22981 0.8
-0.22956 1.2
-0.22932 1.6
-0.22908 2.0
-0.22883 2.3
-0.22859 2.7
-0.22834 3.1
-0.2281 3.4
-0.22786 3.8
-0.22761 4.1
-0.22737 4.5
-0.22712 4.8
-0.22688 5.1
-0.22663 5.4
-0.22639 5.7
-0.22615 6.0
-0.2259 6.2
-0.22566 6.5
-0.22541 6.7
-0.22517 6.9
-0.22493 7.1
-0.22468 7.3
-0.22444 7.5
-0.22419 7.7
-0.22395 7.8
-0.22371 7.9
-0.22346 8.0
-0.22322 8.1
-0.22297 8.2
-0.22273 8.2
-0.22248 8.3
-0.22224 8.3
-0.222 8.3
-0.22175 8.3
-0.22151 8.2
-0.22126 8.2
-0.22102 8.1
-0.22078 8.0
-0.22053 7.9
-0.22029 7.7
-0.22004 7.6
-0.2198 7.4
-0.21955 7.2
-0.21931 7.0
-0.21907 6.8
-0.21882 6.5
-0.21858 6.3
-0.21833 6.0
-0.21809 5.7
-0.21785 5.5
-0.2176 5.1
-0.21736 4.8
-0.21711 4.5
-0.21687 4.2
-0.21663 3.8
-0.21638 3.4
-0.21614 3.1
-0.21589 2.7
-0.21565 2.3
-0.2154 1.9
-0.21516 1.5
-0.21492 1.1
-0.21467 0.7
-0.21443 0.3
-0.21418 0.0
-0.21394 -0.5
-0.2137 -0.9
-0.21345 -1.3
-0.21321 -1.7
-0.21296 -2.1
-0.21272 -2.5
-0.21247 -2.8
-0.21223 -3.2
-0.21199 -3.6
-0.21174 -4.0
-0.2115 -4.3
-0.21125 -4.7
-0.21101 -5.0
-0.21077 -5.3
-0.21052 -5.6
-0.21028 -5.9
-0.21003 -6.2
-0.20979 -6.5
-0.20955 -6.7
-0.2093 -7.0
-0.20906 -7.2
-0.20881 -7.4
-0.20857 -7.6
-0.20832 -7.8
-0.20808 -7.9
-0.20784 -8.0
-0.20759 -8.2
-0.20735 -8.2
-0.2071 -8.3
-0.20686 -8.4
-0.20662 -8.4
-0.20637 -8.4
-0.20613 -8.4
-0.20588 -8.4
-0.20564 -8.4
-0.20539 -8.3
-0.20515 -8.2
-0.20491 -8.1
-0.20466 -8.0
-0.20442 -7.8
-0.20417 -7.7
-0.20393 -7.5
-0.20369 -7.3
-0.20344 -7.1
-0.2032 -6.8
-0.20295 -6.6
-0.20271 -6.3
-0.20247 -6.0
-0.20222 -5.7
-0.20198 -5.4
-0.20173 -5.1
-0.20149 -4.8
-0.20124 -4.4
-0.201 -4.1
-0.20076 -3.7
-0.20051 -3.3
-0.20027 -2.9
-0.20002 -2.5
-0.19978 -2.1
-0.19954 -1.7
-0.19929 -1.3
-0.19905 -0.9
-0.1988 -0.5
-0.19856 0.0
-0.19831 0.4
-0.19807 0.8
-0.19783 1.2
-0.19758 1.6
-0.19734 2.0
-0.19709 2.5
-0.19685 2.9
-0.19661 3.3
-0.19636 3.6
-0.19612 4.0
-0.19587 4.4
-0.19563 4.7
-0.19538 5.1
-0.19514 5.4
-0.1949 5.8
-0.19465 6.1
-0.19441 6.4
-0.19416 6.6
-0.19392 6.9
-0.19368 7.1
-0.19343 7.4
-0.19319 7.6
-0.19294 7.8
-0.1927 7.9
-0.19246 8.1
-0.19221 8.2
-0.19197 8.3
-0.19172 8.4
-0.19148 8.5
-0.19123 8.5
-0.19099 8.6
-0.19075 8.6
-0.1905 8.6
-0.19026 8.5
-0.19001 8.5
-0.18977 8.4
-0.18953 8.3
-0.18928 8.2
-0.18904 8.0
-0.18879 7.8
-0.18855 7.7
-0.1883 7.5
-0.18806 7.2
-0.18782 7.0
-0.18757 6.7
-0.18733 6.5
-0.18708 6.2
-0.18684 5.9
-0.1866 5.5
-0.18635 5.2
-0.18611 4.8
-0.18586 4.5
-0.18562 4.1
-0.18538 3.7
-0.18513 3.3
-0.18489 2.9
-0.18464 2.5
-0.1844 2.1
-0.18415 1.6
-0.18391 1.2
-0.18367 0.8
-0.18342 0.3
-0.18318 -0.1
-0.18293 -0.6
-0.18269 -1.0
-0.18245 -1.4
-0.1822 -1.9
-0.18196 -2.3
-0.18171 -2.7
-0.18147 -3.1
-0.18122 -3.5
-0.18098 -3.9
-0.18074 -4.3
-0.18049 -4.7
-0.18025 -5.1
-0.18 -5.4
-0.17976 -5.8
-0.17952 -6.1
-0.17927 -6.4
-0.17903 -6.7
-0.17878 -7.0
-0.17854 -7.2
-0.1783 -7.5
-0.17805 -7.7
-0.17781 -7.9
-0.17756 -8.1
-0.17732 -8.2
-0.17707 -8.4
-0.17683 -8.5
-0.17659 -8.6
-0.17634 -8.7
-0.1761 -8.7
-0.17585 -8.7
-0.17561 -8.7
-0.17537 -8.7
-0.17512 -8.7
-0.17488 -8.6
-0.17463 -8.5
-0.17439 -8.4
-0.17414 -8.2
-0.1739 -8.1
-0.17366 -7.9
-0.17341 -7.7
-0.17317 -7.5
-0.17292 -7.2
-0.17268 -7.0
-0.17244 -6.7
-0.17219 -6.4
-0.17195 -6.1
-0.1717 -5.7
-0.17146 -5.4
-0.17122 -5.0
-0.17097 -4.6
-0.17073 -4.2
-0.17048 -3.8
-0.17024 -3.4
-0.16999 -3.0
-0.16975 -2.6
-0.16951 -2.1
-0.16926 -1.7
-0.16902 -1.2
-0.16877 -0.8
-0.16853 -0.3
-0.16829 0.2
-0.16804 0.6
-0.1678 1.1
-0.16755 1.5
-0.16731 2.0
-0.16706 2.4
-0.16682 2.9
-0.16658 3.3
-0.16633 3.8
-0.16609 4.2
-0.16584 4.6
-0.1656 5.0
-0.16536 5.3
-0.16511 5.7
-0.16487 6.1
-0.16462 6.4
-0.16438 6.7
-0.16413 7.0
-0.16389 7.3
-0.16365 7.6
-0.1634 7.8
-0.16316 8.0
-0.16291 8.2
-0.16267 8.4
-0.16243 8.5
-0.16218 8.6
-0.16194 8.7
-0.16169 8.8
-0.16145 8.9
-0.16121 8.9
-0.16096 8.9
-0.16072 8.9
-0.16047 8.8
-0.16023 8.8
-0.15998 8.7
-0.15974 8.5
-0.1595 8.4
-0.15925 8.2
-0.15901 8.0
-0.15876 7.8
-0.15852 7.6
-0.15828 7.3
-0.15803 7.0
-0.15779 6.7
-0.15754 6.4
-0.1573 6.0
-0.15705 5.7
-0.15681 5.3
-0.15657 4.9
-0.15632 4.5
-0.15608 4.1
-0.15583 3.6
-0.15559 3.2
-0.15535 2.7
-0.1551 2.3
-0.15486 1.8
-0.15461 1.3
-0.15437 0.9
-0.15413 0.4
-0.15388 -0.1
-0.15364 -0.6
-0.15339 -1.1
-0.15315 -1.6
-0.1529 -2.0
-0.15266 -2.5
-0.15242 -3.0
-0.15217 -3.4
-0.15193 -3.9
-0.15168 -4.3
-0.15144 -4.7
-0.1512 -5.2
-0.15095 -5.6
-0.15071 -5.9
-0.15046 -6.3
-0.15022 -6.6
-0.14997 -7.0
-0.14973 -7.3
-0.14949 -7.6
-0.14924 -7.8
-0.149 -8.1
-0.14875 -8.3
-0.14851 -8.5
-0.14827 -8.6
-0.14802 -8.8
-0.14778 -8.9
-0.14753 -9.0
-0.14729 -9.1
-0.14705 -9.1
-0.1468 -9.1
-0.14656 -9.1
-0.14631 -9.0
-0.14607 -9.0
-0.14582 -8.9
-0.14558 -8.7
-0.14534 -8.6
-0.14509 -8.4
-0.14485 -8.2
-0.1446 -8.0
-0.14436 -7.7
-0.14412 -7.4
-0.14387 -7.1
-0.14363 -6.8
-0.14338 -6.4
-0.14314 -6.1
-0.14289 -5.7
-0.14265 -5.3
-0.14241 -4.9
-0.14216 -4.4
-0.14192 -4.0
-0.14167 -3.5
-0.14143 -3.0
-0.14119 -2.6
-0.14094 -2.1
-0.1407 -1.6
-0.14045 -1.1
-0.14021 -0.5
-0.13997 0.0
-0.13972 0.5
-0.13948 1.0
-0.13923 1.5
-0.13899 2.0
-0.13874 2.5
-0.1385 3.0
-0.13826 3.5
-0.13801 4.0
-0.13777 4.4
-0.13752 4.9
-0.13728 5.3
-0.13704 5.7
-0.13679 6.1
-0.13655 6.5
-0.1363 6.9
-0.13606 7.2
-0.13581 7.5
-0.13557 7.8
-0.13533 8.1
-0.13508 8.3
-0.13484 8.6
-0.13459 8.7
-0.13435 8.9
-0.13411 9.0
-0.13386 9.2
-0.13362 9.2
-0.13337 9.3
-0.13313 9.3
-0.13288 9.3
-0.13264 9.3
-0.1324 9.2
-0.13215 9.1
-0.13191 8.9
-0.13166 8.8
-0.13142 8.6
-0.13118 8.4
-0.13093 8.1
-0.13069 7.9
-0.13044 7.6
-0.1302 7.3
-0.12996 6.9
-0.12971 6.5
-0.12947 6.2
-0.12922 5.7
-0.12898 5.3
-0.12873 4.9
-0.12849 4.4
-0.12825 3.9
-0.128 3.4
-0.12776 2.9
-0.12751 2.4
-0.12727 1.9
-0.12703 1.3
-0.12678 0.8
-0.12654 0.3
-0.12629 -0.3
-0.12605 -0.8
-0.1258 -1.4
-0.12556 -1.9
-0.12532 -2.4
-0.12507 -3.0
-0.12483 -3.5
-0.12458 -4.0
-0.12434 -4.5
-0.1241 -5.0
-0.12385 -5.4
-0.12361 -5.9
-0.12336 -6.3
-0.12312 -6.7
-0.12288 -7.1
-0.12263 -7.4
-0.12239 -7.8
-0.12214 -8.1
-0.1219 -8.3
-0.12165 -8.6
-0.12141 -8.8
-0.12117 -9.0
-0.12092 -9.2
-0.12068 -9.3
-0.12043 -9.4
-0.12019 -9.5
-0.11995 -9.5
-0.1197 -9.5
-0.11946 -9.5
-0.11921 -9.4
-0.11897 -9.3
-0.11872 -9.2
-0.11848 -9.0
-0.11824 -8.9
-0.11799 -8.6
-0.11775 -8.4
-0.1175 -8.1
-0.11726 -7.8
-0.11702 -7.4
-0.11677 -7.1
-0.11653 -6.7
-0.11628 -6.3
-0.11604 -5.8
-0.1158 -5.4
-0.11555 -4.9
-0.11531 -4.4
-0.11506 -3.9
-0.11482 -3.3
-0.11457 -2.8
-0.11433 -2.2
-0.11409 -1.7
-0.11384 -1.1
-0.1136 -0.5
-0.11335 0.0
-0.11311 0.6
-0.11287 1.2
-0.11262 1.8
-0.11238 2.3
-0.11213 2.9
-0.11189 3.4
-0.11164 4.0
-0.1114 4.5
-0.11116 5.0
-0.11091 5.5
-0.11067 6.0
-0.11042 6.4
-0.11018 6.9
-0.10994 7.3
-0.10969 7.7
-0.10945 8.0
-0.1092 8.3
-0.10896 8.6
-0.10872 8.9
-0.10847 9.1
-0.10823 9.3
-0.10798 9.5
-0.10774 9.6
-0.10749 9.7
-0.10725 9.8
-0.10701 9.8
-0.10676 9.8
-0.10652 9.7
-0.10627 9.6
-0.10603 9.5
-0.10579 9.3
-0.10554 9.1
-0.1053 8.9
-0.10505 8.6
-0.10481 8.3
-0.10456 8.0
-0.10432 7.6
-0.10408 7.3
-0.10383 6.8
-0.10359 6.4
-0.10334 5.9
-0.1031 5.4
-0.10286 4.9
-0.10261 4.4
-0.10237 3.8
-0.10212 3.2
-0.10188 2.7
-0.10163 2.1
-0.10139 1.5
-0.10115 0.8
-0.1009 0.2
-0.10066 -0.4
-0.10041 -1.0
-0.10017 -1.6
-0.09993 -2.2
-0.09968 -2.8
-0.09944 -3.4
-0.09919 -4.0
-0.09895 -4.6
-0.09871 -5.1
-0.09846 -5.6
-0.09822 -6.1
-0.09797 -6.6
-0.09773 -7.1
-0.09748 -7.5
-0.09724 -7.9
-0.097 -8.3
-0.09675 -8.6
-0.09651 -8.9
-0.09626 -9.2
-0.09602 -9.4
-0.09578 -9.6
-0.09553 -9.8
-0.09529 -9.9
-0.09504 -10.0
-0.0948 -10.0
-0.09455 -10.0
-0.09431 -10.0
-0.09407 -9.9
-0.09382 -9.8
-0.09358 -9.6
-0.09333 -9.4
-0.09309 -9.2
-0.09285 -8.9
-0.0926 -8.6
-0.09236 -8.2
-0.09211 -7.8
-0.09187 -7.4
-0.09163 -7.0
-0.09138 -6.5
-0.09114 -6.0
-0.09089 -5.4
-0.09065 -4.9
-0.0904 -4.3
-0.09016 -3.7
-0.08992 -3.1
-0.08967 -2.4
-0.08943 -1.8
-0.08918 -1.1
-0.08894 -0.5
-0.0887 0.2
-0.08845 0.8
-0.08821 1.5
-0.08796 2.2
-0.08772 2.8
-0.08747 3.4
-0.08723 4.1
-0.08699 4.7
-0.08674 5.3
-0.0865 5.8
-0.08625 6.4
-0.08601 6.9
-0.08577 7.4
-0.08552 7.9
-0.08528 8.3
-0.08503 8.7
-0.08479 9.0
-0.08455 9.3
-0.0843 9.6
-0.08406 9.8
-0.08381 10.0
-0.08357 10.2
-0.08332 10.3
-0.08308 10.3
-0.08284 10.4
-0.08259 10.3
-0.08235 10.2
-0.0821 10.1
-0.08186 9.9
-0.08162 9.7
-0.08137 9.5
-0.08113 9.2
-0.08088 8.8
-0.08064 8.4
-0.08039 8.0
-0.08015 7.5
-0.07991 7.0
-0.07966 6.5
-0.07942 5.9
-0.07917 5.3
-0.07893 4.7
-0.07869 4.1
-0.07844 3.4
-0.0782 2.7
-0.07795 2.1
-0.07771 1.3
-0.07747 0.6
-0.07722 0.0
-0.07698 -0.8
-0.07673 -1.5
-0.07649 -2.2
-0.07624 -2.9
-0.076 -3.6
-0.07576 -4.3
-0.07551 -5.0
-0.07527 -5.6
-0.07502 -6.2
-0.07478 -6.8
-0.07454 -7.3
-0.07429 -7.9
-0.07405 -8.3
-0.0738 -8.8
-0.07356 -9.2
-0.07331 -9.5
-0.07307 -9.9
-0.07283 -10.1
-0.07258 -10.3
-0.07234 -10.5
-0.07209 -10.6
-0.07185 -10.7
-0.07161 -10.7
-0.07136 -10.7
-0.07112 -10.6
-0.07087 -10.4
-0.07063 -10.2
-0.07038 -10.0
-0.07014 -9.7
-0.0699 -9.3
-0.06965 -9.0
-0.06941 -8.5
-0.06916 -8.0
-0.06892 -7.5
-0.06868 -6.9
-0.06843 -6.3
-0.06819 -5.7
-0.06794 -5.0
-0.0677 -4.3
-0.06746 -3.6
-0.06721 -2.9
-0.06697 -2.1
-0.06672 -1.3
-0.06648 -0.6
-0.06623 0.2
-0.06599 1.0
-0.06575 1.8
-0.0655 2.6
-0.06526 3.3
-0.06501 4.1
-0.06477 4.8
-0.06453 5.5
-0.06428 6.2
-0.06404 6.8
-0.06379 7.5
-0.06355 8.0
-0.0633 8.6
-0.06306 9.1
-0.06282 9.5
-0.06257 9.9
-0.06233 10.2
-0.06208 10.5
-0.06184 10.8
-0.0616 10.9
-0.06135 11.1
-0.06111 11.1
-0.06086 11.1
-0.06062 11.0
-0.06038 10.9
-0.06013 10.7
-0.05989 10.5
-0.05964 10.2
-0.0594 9.8
-0.05915 9.4
-0.05891 8.9
-0.05867 8.4
-0.05842 7.8
-0.05818 7.2
-0.05793 6.5
-0.05769 5.8
-0.05745 5.1
-0.0572 4.3
-0.05696 3.5
-0.05671 2.7
-0.05647 1.8
-0.05622 1.0
-0.05598 0.1
-0.05574 -0.8
-0.05549 -1.6
-0.05525 -2.5
-0.055 -3.3
-0.05476 -4.2
-0.05452 -5.0
-0.05427 -5.8
-0.05403 -6.5
-0.05378 -7.2
-0.05354 -7.9
-0.0533 -8.5
-0.05305 -9.1
-0.05281 -9.6
-0.05256 -10.1
-0.05232 -10.5
-0.05207 -10.9
-0.05183 -11.2
-0.05159 -11.4
-0.05134 -11.5
-0.0511 -11.6
-0.05085 -11.6
-0.05061 -11.5
-0.05037 -11.4
-0.05012 -11.2
-0.04988 -10.9
-0.04963 -10.5
-0.04939 -10.1
-0.04914 -9.6
-0.0489 -9.1
-0.04866 -8.4
-0.04841 -7.8
-0.04817 -7.0
-0.04792 -6.3
-0.04768 -5.5
-0.04744 -4.6
-0.04719 -3.7
-0.04695 -2.8
-0.0467 -1.9
-0.04646 -0.9
-0.04622 0.0
-0.04597 1.0
-0.04573 2.0
-0.04548 3.0
-0.04524 3.9
-0.04499 4.8
-0.04475 5.7
-0.04451 6.6
-0.04426 7.4
-0.04402 8.2
-0.04377 8.9
-0.04353 9.5
-0.04329 10.1
-0.04304 10.7
-0.0428 11.1
-0.04255 11.5
-0.04231 11.8
-0.04206 12.0
-0.04182 12.1
-0.04158 12.2
-0.04133 12.1
-0.04109 12.0
-0.04084 11.8
-0.0406 11.5
-0.04036 11.1
-0.04011 10.6
-0.03987 10.0
-0.03962 9.4
-0.03938 8.7
-0.03913 7.9
-0.03889 7.1
-0.03865 6.2
-0.0384 5.2
-0.03816 4.2
-0.03791 3.2
-0.03767 2.1
-0.03743 1.1
-0.03718 0.0
-0.03694 -1.1
-0.03669 -2.3
-0.03645 -3.3
-0.03621 -4.4
-0.03596 -5.5
-0.03572 -6.5
-0.03547 -7.4
-0.03523 -8.3
-0.03498 -9.2
-0.03474 -9.9
-0.0345 -10.6
-0.03425 -11.2
-0.03401 -11.8
-0.03376 -12.2
-0.03352 -12.5
-0.03328 -12.7
-0.03303 -12.9
-0.03279 -12.9
-0.03254 -12.8
-0.0323 -12.6
-0.03205 -12.2
-0.03181 -11.8
-0.03157 -11.3
-0.03132 -10.6
-0.03108 -9.9
-0.03083 -9.1
-0.03059 -8.1
-0.03035 -7.2
-0.0301 -6.1
-0.02986 -5.0
-0.02961 -3.8
-0.02937 -2.5
-0.02913 -1.3
-0.02888 0.0
-0.02864 1.3
-0.02839 2.6
-0.02815 3.8
-0.0279 5.1
-0.02766 6.3
-0.02742 7.4
-0.02717 8.5
-0.02693 9.5
-0.02668 10.5
-0.02644 11.3
-0.0262 12.0
-0.02595 12.6
-0.02571 13.1
-0.02546 13.5
-0.02522 13.7
-0.02497 13.8
-0.02473 13.7
-0.02449 13.5
-0.02424 13.1
-0.024 12.6
-0.02375 12.0
-0.02351 11.2
-0.02327 10.3
-0.02302 9.3
-0.02278 8.2
-0.02253 6.9
-0.02229 5.6
-0.02205 4.2
-0.0218 2.8
-0.02156 1.2
-0.02131 -0.3
-0.02107 -1.8
-0.02082 -3.4
-0.02058 -4.9
-0.02034 -6.4
-0.02009 -7.8
-0.01985 -9.1
-0.0196 -10.3
-0.01936 -11.5
-0.01912 -12.4
-0.01887 -13.3
-0.01863 -14.0
-0.01838 -14.5
-0.01814 -14.8
-0.01789 -14.9
-0.01765 -14.8
-0.01741 -14.6
-0.01716 -14.1
-0.01692 -13.4
-0.01667 -12.5
-0.01643 -11.5
-0.01619 -10.2
-0.01594 -8.8
-0.0157 -7.3
-0.01545 -5.6
-0.01521 -3.9
-0.01497 -2.0
-0.01472 0.0
-0.01448 1.9
-0.01423 3.8
-0.01399 5.7
-0.01374 7.6
-0.0135 9.3
-0.01326 10.9
-0.01301 12.4
-0.01277 13.7
-0.01252 14.7
-0.01228 15.6
-0.01204 16.1
-0.01179 16.4
-0.01155 16.4
-0.0113 16.1
-0.01106 15.5
-0.01081 14.5
-0.01057 13.3
-0.01033 11.8
-0.01008 10.1
-0.00984 8.0
-0.00959 5.8
-0.00935 3.5
-0.00911 0.9
-0.00886 -1.6
-0.00862 -4.2
-0.00837 -6.8
-0.00813 -9.2
-0.00788 -11.5
-0.00764 -13.6
-0.0074 -15.3
-0.00715 -16.8
-0.00691 -17.8
-0.00666 -18.4
-0.00642 -18.5
-0.00618 -18.1
-0.00593 -17.2
-0.00569 -15.7
-0.00544 -13.8
-0.0052 -11.3
-0.00496 -8.5
-0.00471 -5.3
-0.00447 -1.8
-0.00422 1.9
-0.00398 5.6
-0.00373 9.3
-0.00349 12.7
-0.00325 15.7
-0.003 18.2
-0.00276 20.1
-0.00251 21.1
-0.00227 21.2
-0.00203 20.3
-0.00178 18.3
-0.00154 15.3
-0.00129 11.3
-0.00105 6.5
-0.0008 1.1
-0.00056 -4.7
-0.00032 -10.4
-7e-05 -15.5
0.00017 -19.5
0.00042 -22.0
0.00066 -22.5
0.0009 -20.8
0.00115 -17.0
0.00139 -11.3
0.00164 -4.4
0.00188 2.8
0.00212 9.5
0.00237 14.8
0.00261 17.8
0.00286 18.3
0.0031 16.3
0.00335 12.1
0.00359 6.4
0.00383 0.3
0.00408 -5.3
0.00432 -9.6
0.00457 -12.0
0.00481 -12.2
0.00505 -10.5
0.0053 -7.3
0.00554 -3.3
0.00579 0.8
0.00603 4.3
0.00628 6.6
0.00652 7.5
0.00676 7.1
0.00701 5.5
0.00725 3.2
0.0075 0.6
0.00774 -1.8
0.00798 -3.5
0.00823 -4.4
0.00847 -4.4
0.00872 -3.7
0.00896 -2.4
0.0092 -0.8
0.00945 0.7
0.00969 1.9
0.00994 2.6
0.01018 2.7
0.01043 2.4
0.01067 1.6
0.01091 0.7
0.01116 -0.2
0.0114 -1.0
0.01165 -1.5
0.01189 -1.7
0.01213 -1.5
0.01238 -1.1
0.01262 -0.5
0.01287 0.0
0.01311 0.5
0.01336 0.9
0.0136 1.0
0.01384 1.0
0.01409 0.7
0.01433 0.4
0.01458 0.0
0.01482 -0.3
0.01506 -0.5
0.01531 -0.6
0.01555 -0.6
0.0158 -0.5
0.01604 -0.3
0.01628 0.0
0.01653 0.1
0.01677 0.3
0.01702 0.4
0.01726 0.4
0.01751 0.3
0.01775 0.2
0.01799 0.0
0.01824 0.0
0.01848 -0.2
0.01873 -0.2
0.01897 -0.2
0.01921 -0.2
0.01946 -0.1
0.0197 0.0
0.01995 0.0
0.02019 0.0
0.02044 0.1
0.02068 0.1
0.02092 0.1
0.02117 0.0
0.02141 0.0
0.02166 0.0
0.0219 0.0
0.02214 0.0
0.02239 0.0
0.02263 0.0
0.02288 0.0
0.02312 0.0
0.02337 0.0
0.02361 0.0
0.02385 0.0
0.0241 0.0
0.02434 0.0
0.02459 0.0
0.02483 0.0
0.02507 0.0
0.02532 0.0
0.02556 0.0
0.02581 0.0
0.02605 0.0
0.02629 0.0
0.02654 0.0
0.02678 0.0
0.02703 0.0
0.02727 0.0
0.02752 0.0
0.02776 0.0
0.028 0.0
0.02825 0.0
0.02849 0.0
0.02874 0.0
0.02898 0.0
0.02922 0.0
0.02947 0.0
0.02971 0.0
0.02996 0.0
0.0302 0.0
0.03045 0.0
0.03069 0.0
0.03093 0.0
0.03118 0.0
0.03142 0.0
0.03167 0.0
0.03191 0.0
0.03215 0.0
0.0324 0.0
0.03264 0.0
0.03289 0.0
0.03313 0.0
0.03337 0.0
0.03362 0.0
0.03386 0.0
0.03411 0.0
0.03435 0.0
0.0346 0.0
0.03484 0.0
0.03508 0.0
0.03533 0.0
0.03557 0.0
0.03582 0.0
0.03606 0.0
0.0363 0.0
0.03655 0.0
0.03679 0.0
0.03704 0.0
0.03728 0.0
0.03753 0.0
0.03777 0.0
0.03801 0.0
0.03826 0.0
0.0385 0.0
0.03875 0.0
0.03899 0.0
0.03923 0.0
0.03948 0.0
0.03972 0.0
0.03997 0.0
0.04021 0.0
0.04045 0.0
0.0407 0.0
0.04094 0.0
0.04119 0.0
0.04143 0.0
0.04168 0.0
0.04192 0.0
0.04216 0.0
0.04241 0.0
0.04265 0.0
0.0429 0.0
0.04314 0.0
0.04338 0.0
0.04363 0.0
0.04387 0.0
0.04412 0.0
0.04436 0.0
0.04461 0.0
0.04485 0.0
0.04509 0.0
0.04534 0.0
0.04558 0.0
0.04583 0.0
0.04607 0.0
0.04631 0.0
0.04656 0.0
0.0468 0.0
0.04705 0.0
0.04729 0.0
0.04753 0.0
0.04778 0.0
0.04802 0.0
0.04827 0.0
0.04851 0.0
0.04876 0.0
0.049 0.0
0.04924 0.0
0.04949 0.0
0.04973 0.0
0.04998 0.0
0.05022 0.0
0.05046 0.0
0.05071 0.0
0.05095 0.0
0.0512 0.0
0.05144 0.0
0.05169 0.0
0.05193 0.0
0.05217 0.0
0.05242 0.0
0.05266 0.0
0.05291 0.0
0.05315 0.0
0.05339 0.0
0.05364 0.0
0.05388 0.0
0.05413 0.0
0.05437 0.0
0.05462 0.0
0.05486 0.0
0.0551 0.0
0.05535 0.0
0.05559 0.0
0.05584 0.0
0.05608 0.0
0.05632 0.0
0.05657 0.0
0.05681 0.0
0.05706 0.0
0.0573 0.0
0.05754 0.0
0.05779 0.0
0.05803 0.0
0.05828 0.0
0.05852 0.0
0.05877 0.0
0.05901 0.0
0.05925 0.0
0.0595 0.0
0.05974 0.0
0.05999 0.0
0.06023 0.0
0.06047 0.0
0.06072 0.0
0.06096 0.0
0.06121 0.0
0.06145 0.0
0.0617 0.0
0.06194 0.0
0.06218 0.0
0.06243 0.0
0.06267 0.0
0.06292 0.0
0.06316 0.0
0.0634 0.0
0.06365 0.0
0.06389 0.0
0.06414 0.0
0.06438 0.0
0.06462 0.0
0.06487 0.0
0.06511 0.0
0.06536 0.0
0.0656 0.0
0.06585 0.0
0.06609 0.0
0.06633 0.0
0.06658 0.0
0.06682 0.0
0.06707 0.0
0.06731 0.0
0.06755 0.0
0.0678 0.0
0.06804 0.0
0.06829 0.0
0.06853 0.0
0.06878 0.0
0.06902 0.0
0.06926 0.0
0.06951 0.0
0.06975 0.0
0.07 0.0
0.07024 0.0
0.07048 0.0
0.07073 0.0
0.07097 0.0
0.07122 0.0
0.07146 0.0
0.0717 0.0
0.07195 0.0
0.07219 0.0
0.07244 0.0
0.07268 0.0
0.07293 0.0
0.07317 0.0
0.07341 0.0
0.07366 0.0
0.0739 0.0
0.07415 0.0
0.07439 0.0
0.07463 0.0
0.07488 0.0
0.07512 0.0
0.07537 0.0
0.07561 0.0
0.07586 0.0
0.0761 0.0
0.07634 0.0
0.07659 0.0
0.07683 0.0
0.07708 0.0
0.07732 0.0
0.07756 0.0
0.07781 0.0
0.07805 0.0
0.0783 0.0
0.07854 0.0
0.07878 0.0
0.07903 0.0
0.07927 0.0
0.07952 0.0
0.07976 0.0
0.08001 0.0
0.08025 0.0
0.08049 0.0
0.08074 0.0
0.08098 0.0
0.08123 0.0
0.08147 0.0
0.08171 0.0
0.08196 0.0
0.0822 0.0
0.08245 0.0
0.08269 0.0
0.08294 0.0
0.08318 0.0
0.08342 0.0
0.08367 0.0
0.08391 0.0
0.08416 0.0
0.0844 0.0
0.08464 0.0
0.08489 0.0
0.08513 0.0
0.08538 0.0
0.08562 0.0
0.08587 0.0
0.08611 0.0
0.08635 0.0
0.0866 0.0
0.08684 0.0
0.08709 0.0
0.08733 0.0
0.08757 0.0
0.08782 0.0
0.08806 0.0
0.08831 0.0
0.08855 0.0
0.08879 0.0
0.08904 0.0
0.08928 0.0
0.08953 0.0
0.08977 0.0
0.09002 0.0
0.09026 0.0
0.0905 0.0
0.09075 0.0
0.09099 0.0
0.09124 0.0
0.09148 0.0
0.09172 0.0
0.09197 0.0
0.09221 0.0
0.09246 0.0
0.0927 0.0
0.09295 0.0
0.09319 0.0
0.09343 0.0
0.09368 0.0
0.09392 0.0
0.09417 0.0
0.09441 0.0
0.09465 0.0
0.0949 0.0
0.09514 0.0
0.09539 0.0
0.09563 0.0
0.09587 0.0
0.09612 0.0
0.09636 0.0
0.09661 0.0
0.09685 0.0
0.0971 0.0
0.09734 0.0
0.09758 0.0
0.09783 0.0
0.09807 0.0
0.09832 0.0
0.09856 0.0
0.0988 0.0
0.09905 0.0
0.09929 0.0
0.09954 0.0
0.09978 0.0
0.10003 0.0
0.10027 0.0
0.10051 0.0
0.10076 0.0
0.101 0.0
0.10125 0.0
0.10149 0.0
0.10173 0.0
0.10198 0.0
0.10222 0.0
0.10247 0.0
0.10271 0.0
0.10295 0.0
0.1032 0.0
0.10344 0.0
0.10369 0.0
0.10393 0.0
0.10418 0.0
0.10442 0.0
0.10466 0.0
0.10491 0.0
0.10515 0.0
0.1054 0.0
0.10564 0.0
0.10588 0.0
0.10613 0.0
0.10637 0.0
0.10662 0.0
0.10686 0.0
0.10711 0.0
0.10735 0.0
0.10759 0.0
0.10784 0.0
0.10808 0.0
0.10833 0.0
0.10857 0.0
0.10881 0.0
0.10906 0.0
0.1093 0.0
0.10955 0.0
0.10979 0.0
0.11003 0.0
0.11028 0.0
0.11052 0.0
0.11077 0.0
0.11101 0.0
0.11126 0.0
0.1115 0.0
0.11174 0.0
0.11199 0.0
0.11223 0.0
0.11248 0.0
0.11272 0.0
0.11296 0.0
0.11321 0.0
0.11345 0.0
0.1137 0.0
0.11394 0.0
0.11419 0.0
0.11443 0.0
0.11467 0.0
0.11492 0.0
0.11516 0.0
0.11541 0.0
0.11565 0.0
0.11589 0.0
0.11614 0.0
0.11638 0.0
0.11663 0.0
0.11687 0.0
0.11712 0.0
0.11736 0.0
0.1176 0.0
0.11785 0.0
0.11809 0.0
0.11834 0.0
0.11858 0.0
0.11882 0.0
0.11907 0.0
0.11931 0.0
0.11956 0.0
0.1198 0.0
0.12004 0.0
0.12029 0.0
0.12053 0.0
0.12078 0.0
0.12102 0.0
0.12127 0.0
0.12151 0.0
0.12175 0.0
0.122 0.0
0.12224 0.0
0.12249 0.0
0.12273 0.0
0.12297 0.0
0.12322 0.0
0.12346 0.0
0.12371 0.0
0.12395 0.0
0.1242 0.0
0.12444 0.0
0.12468 0.0
0.12493 0.0
0.12517 0.0
0.12542 0.0
0.12566 0.0
0.1259 0.0
0.12615 0.0
0.12639 0.0
0.12664 0.0
0.12688 0.0
0.12712 0.0
0.12737 0.0
0.12761 0.0
0.12786 0.0
0.1281 0.0
0.12835 0.0
0.12859 0.0
0.12883 0.0
0.12908 0.0
0.12932 0.0
0.12957 0.0
0.12981 0.0
0.13005 0.0
0.1303 0.0
0.13054 0.0
0.13079 0.0
0.13103 0.0
0.13128 0.0
0.13152 0.0
0.13176 0.0
0.13201 0.0
0.13225 0.0
0.1325 0.0
0.13274 0.0
0.13298 0.0
0.13323 0.0
0.13347 0.0
0.13372 0.0
0.13396 0.0
0.1342 0.0
0.13445 0.0
0.13469 0.0
0.13494 0.0
0.13518 0.0
0.13543 0.0
0.13567 0.0
0.13591 0.0
0.13616 0.0
0.1364 0.0
0.13665 0.0
0.13689 0.0
0.13713 0.0
0.13738 0.0
0.13762 0.0
0.13787 0.0
0.13811 0.0
0.13836 0.0
0.1386 0.0
0.13884 0.0
0.13909 0.0
0.13933 0.0
0.13958 0.0
0.13982 0.0
0.14006 0.0
0.14031 0.0
0.14055 0.0
0.1408 0.0
0.14104 0.0
0.14128 0.0
0.14153 0.0
0.14177 0.0
0.14202 0.0
0.14226 0.0
0.14251 0.0
0.14275 0.0
0.14299 0.0
0.14324 0.0
0.14348 0.0
0.14373 0.0
