t strain*1e23
-0.53959 -5.4
-0.53934 -5.4
-0.5391 -5.3
-0.53885 -5.2
-0.53861 -5.2
-0.53836 -5.1
-0.53812 -5.0
-0.53788 -4.9
-0.53763 -4.8
-0.53739 -4.7
-0.53714 -4.6
-0.5369 -4.4
-0.53666 -4.3
-0.53641 -4.2
-0.53617 -4.0
-0.53592 -3.9
-0.53568 -3.7
-0.53543 -3.5
-0.53519 -3.4
-0.53495 -3.2
-0.5347 -3.0
-0.53446 -2.8
-0.53421 -2.7
-0.53397 -2.5
-0.53373 -2.3
-0.53348 -2.1
-0.53324 -1.9
-0.53299 -1.7
-0.53275 -1.5
-0.53251 -1.3
-0.53226 -1.0
-0.53202 -0.8
-0.53177 -0.6
-0.53153 -0.4
-0.53128 -0.2
-0.53104 0.0
-0.5308 0.2
-0.53055 0.5
-0.53031 0.7
-0.53006 0.9
-0.52982 1.1
-0.52958 1.3
-0.52933 1.5
-0.52909 1.7
-0.52884 1.9
-0.5286 2.1
-0.52835 2.3
-0.52811 2.5
-0.52787 2.7
-0.52762 2.9
-0.52738 3.1
-0.52713 3.3
-0.52689 3.4
-0.52665 3.6
-0.5264 3.8
-0.52616 3.9
-0.52591 4.1
-0.52567 4.2
-0.52542 4.4
-0.52518 4.5
-0.52494 4.6
-0.52469 4.8
-0.52445 4.9
-0.5242 5.0
-0.52396 5.1
-0.52372 5.2
-0.52347 5.2
-0.52323 5.3
-0.52298 5.4
-0.52274 5.4
-0.5225 5.5
-0.52225 5.5
-0.52201 5.6
-0.52176 5.6
-0.52152 5.6
-0.52127 5.6
-0.52103 5.6
-0.52079 5.6
-0.52054 5.6
-0.5203 5.6
-0.52005 5.5
-0.51981 5.5
-0.51957 5.4
-0.51932 5.4
-0.51908 5.3
-0.51883 5.2
-0.51859 5.2
-0.51834 5.1
-0.5181 5.0
-0.51786 4.9
-0.51761 4.8
-0.51737 4.6
-0.51712 4.5
-0.51688 4.4
-0.51664 4.2
-0.51639 4.1
-0.51615 3.9
-0.5159 3.8
-0.51566 3.6
-0.51542 3.4
-0.51517 3.3
-0.51493 3.1
-0.51468 2.9
-0.51444 2.7
-0.51419 2.5
-0.51395 2.3
-0.51371 2.1
-0.51346 1.9
-0.51322 1.7
-0.51297 1.5
-0.51273 1.3
-0.51249 1.0
-0.51224 0.8
-0.512 0.6
-0.51175 0.4
-0.51151 0.2
-0.51126 0.0
-0.51102 -0.3
-0.51078 -0.5
-0.51053 -0.7
-0.51029 -0.9
-0.51004 -1.1
-0.5098 -1.4
-0.50956 -1.6
-0.50931 -1.8
-0.50907 -2.0
-0.50882 -2.2
-0.50858 -2.4
-0.50834 -2.6
-0.50809 -2.8
-0.50785 -3.0
-0.5076 -3.2
-0.50736 -3.4
-0.50711 -3.5
-0.50687 -3.7
-0.50663 -3.9
-0.50638 -4.0
-0.50614 -4.2
-0.50589 -4.3
-0.50565 -4.5
-0.50541 -4.6
-0.50516 -4.7
-0.50492 -4.8
-0.50467 -5.0
-0.50443 -5.1
-0.50418 -5.2
-0.50394 -5.2
-0.5037 -5.3
-0.50345 -5.4
-0.50321 -5.5
-0.50296 -5.5
-0.50272 -5.6
-0.50248 -5.6
-0.50223 -5.6
-0.50199 -5.7
-0.50174 -5.7
-0.5015 -5.7
-0.50126 -5.7
-0.50101 -5.6
-0.50077 -5.6
-0.50052 -5.6
-0.50028 -5.6
-0.50003 -5.5
-0.49979 -5.4
-0.49955 -5.4
-0.4993 -5.3
-0.49906 -5.2
-0.49881 -5.1
-0.49857 -5.0
-0.49833 -4.9
-0.49808 -4.8
-0.49784 -4.7
-0.49759 -4.6
-0.49735 -4.4
-0.4971 -4.3
-0.49686 -4.1
-0.49662 -4.0
-0.49637 -3.8
-0.49613 -3.6
-0.49588 -3.5
-0.49564 -3.3
-0.4954 -3.1
-0.49515 -2.9
-0.49491 -2.7
-0.49466 -2.5
-0.49442 -2.3
-0.49417 -2.1
-0.49393 -1.9
-0.49369 -1.7
-0.49344 -1.5
-0.4932 -1.3
-0.49295 -1.0
-0.49271 -0.8
-0.49247 -0.6
-0.49222 -0.4
-0.49198 -0.1
-0.49173 0.0
-0.49149 0.3
-0.49125 0.5
-0.491 0.8
-0.49076 1.0
-0.49051 1.2
-0.49027 1.4
-0.49002 1.6
-0.48978 1.9
-0.48954 2.1
-0.48929 2.3
-0.48905 2.5
-0.4888 2.7
-0.48856 2.9
-0.48832 3.1
-0.48807 3.3
-0.48783 3.4
-0.48758 3.6
-0.48734 3.8
-0.48709 4.0
-0.48685 4.1
-0.48661 4.3
-0.48636 4.4
-0.48612 4.6
-0.48587 4.7
-0.48563 4.8
-0.48539 4.9
-0.48514 5.0
-0.4849 5.2
-0.48465 5.2
-0.48441 5.3
-0.48417 5.4
-0.48392 5.5
-0.48368 5.5
-0.48343 5.6
-0.48319 5.6
-0.48294 5.7
-0.4827 5.7
-0.48246 5.7
-0.48221 5.7
-0.48197 5.7
-0.48172 5.7
-0.48148 5.7
-0.48124 5.7
-0.48099 5.6
-0.48075 5.6
-0.4805 5.5
-0.48026 5.4
-0.48001 5.4
-0.47977 5.3
-0.47953 5.2
-0.47928 5.1
-0.47904 5.0
-0.47879 4.9
-0.47855 4.8
-0.47831 4.6
-0.47806 4.5
-0.47782 4.3
-0.47757 4.2
-0.47733 4.0
-0.47709 3.9
-0.47684 3.7
-0.4766 3.5
-0.47635 3.3
-0.47611 3.1
-0.47586 2.9
-0.47562 2.7
-0.47538 2.5
-0.47513 2.3
-0.47489 2.1
-0.47464 1.9
-0.4744 1.7
-0.47416 1.5
-0.47391 1.2
-0.47367 1.0
-0.47342 0.8
-0.47318 0.6
-0.47293 0.3
-0.47269 0.1
-0.47245 -0.1
-0.4722 -0.4
-0.47196 -0.6
-0.47171 -0.8
-0.47147 -1.0
-0.47123 -1.3
-0.47098 -1.5
-0.47074 -1.7
-0.47049 -1.9
-0.47025 -2.2
-0.47001 -2.4
-0.46976 -2.6
-0.46952 -2.8
-0.46927 -3.0
-0.46903 -3.2
-0.46878 -3.4
-0.46854 -3.6
-0.4683 -3.7
-0.46805 -3.9
-0.46781 -4.1
-0.46756 -4.2
-0.46732 -4.4
-0.46708 -4.5
-0.46683 -4.7
-0.46659 -4.8
-0.46634 -4.9
-0.4661 -5.0
-0.46585 -5.2
-0.46561 -5.3
-0.46537 -5.3
-0.46512 -5.4
-0.46488 -5.5
-0.46463 -5.6
-0.46439 -5.6
-0.46415 -5.7
-0.4639 -5.7
-0.46366 -5.7
-0.46341 -5.8
-0.46317 -5.8
-0.46292 -5.8
-0.46268 -5.8
-0.46244 -5.7
-0.46219 -5.7
-0.46195 -5.7
-0.4617 -5.6
-0.46146 -5.6
-0.46122 -5.5
-0.46097 -5.4
-0.46073 -5.4
-0.46048 -5.3
-0.46024 -5.2
-0.46 -5.0
-0.45975 -4.9
-0.45951 -4.8
-0.45926 -4.7
-0.45902 -4.5
-0.45877 -4.4
-0.45853 -4.2
-0.45829 -4.1
-0.45804 -3.9
-0.4578 -3.7
-0.45755 -3.5
-0.45731 -3.3
-0.45707 -3.2
-0.45682 -3.0
-0.45658 -2.7
-0.45633 -2.5
-0.45609 -2.3
-0.45584 -2.1
-0.4556 -1.9
-0.45536 -1.7
-0.45511 -1.4
-0.45487 -1.2
-0.45462 -1.0
-0.45438 -0.7
-0.45414 -0.5
-0.45389 -0.3
-0.45365 0.0
-0.4534 0.2
-0.45316 0.4
-0.45292 0.7
-0.45267 0.9
-0.45243 1.1
-0.45218 1.4
-0.45194 1.6
-0.45169 1.8
-0.45145 2.0
-0.45121 2.3
-0.45096 2.5
-0.45072 2.7
-0.45047 2.9
-0.45023 3.1
-0.44999 3.3
-0.44974 3.5
-0.4495 3.7
-0.44925 3.9
-0.44901 4.0
-0.44876 4.2
-0.44852 4.4
-0.44828 4.5
-0.44803 4.7
-0.44779 4.8
-0.44754 4.9
-0.4473 5.1
-0.44706 5.2
-0.44681 5.3
-0.44657 5.4
-0.44632 5.5
-0.44608 5.5
-0.44584 5.6
-0.44559 5.7
-0.44535 5.7
-0.4451 5.8
-0.44486 5.8
-0.44461 5.8
-0.44437 5.8
-0.44413 5.8
-0.44388 5.8
-0.44364 5.8
-0.44339 5.8
-0.44315 5.7
-0.44291 5.7
-0.44266 5.6
-0.44242 5.6
-0.44217 5.5
-0.44193 5.4
-0.44168 5.3
-0.44144 5.2
-0.4412 5.1
-0.44095 5.0
-0.44071 4.8
-0.44046 4.7
-0.44022 4.6
-0.43998 4.4
-0.43973 4.2
-0.43949 4.1
-0.43924 3.9
-0.439 3.7
-0.43876 3.5
-0.43851 3.3
-0.43827 3.1
-0.43802 2.9
-0.43778 2.7
-0.43753 2.5
-0.43729 2.3
-0.43705 2.1
-0.4368 1.8
-0.43656 1.6
-0.43631 1.4
-0.43607 1.1
-0.43583 0.9
-0.43558 0.7
-0.43534 0.4
-0.43509 0.2
-0.43485 0.0
-0.4346 -0.3
-0.43436 -0.5
-0.43412 -0.8
-0.43387 -1.0
-0.43363 -1.3
-0.43338 -1.5
-0.43314 -1.7
-0.4329 -2.0
-0.43265 -2.2
-0.43241 -2.4
-0.43216 -2.6
-0.43192 -2.8
-0.43167 -3.1
-0.43143 -3.3
-0.43119 -3.5
-0.43094 -3.7
-0.4307 -3.8
-0.43045 -4.0
-0.43021 -4.2
-0.42997 -4.4
-0.42972 -4.5
-0.42948 -4.7
-0.42923 -4.8
-0.42899 -5.0
-0.42875 -5.1
-0.4285 -5.2
-0.42826 -5.3
-0.42801 -5.4
-0.42777 -5.5
-0.42752 -5.6
-0.42728 -5.7
-0.42704 -5.7
-0.42679 -5.8
-0.42655 -5.8
-0.4263 -5.8
-0.42606 -5.9
-0.42582 -5.9
-0.42557 -5.9
-0.42533 -5.9
-0.42508 -5.9
-0.42484 -5.8
-0.42459 -5.8
-0.42435 -5.7
-0.42411 -5.7
-0.42386 -5.6
-0.42362 -5.5
-0.42337 -5.4
-0.42313 -5.3
-0.42289 -5.2
-0.42264 -5.1
-0.4224 -5.0
-0.42215 -4.9
-0.42191 -4.7
-0.42167 -4.6
-0.42142 -4.4
-0.42118 -4.2
-0.42093 -4.1
-0.42069 -3.9
-0.42044 -3.7
-0.4202 -3.5
-0.41996 -3.3
-0.41971 -3.1
-0.41947 -2.9
-0.41922 -2.7
-0.41898 -2.5
-0.41874 -2.2
-0.41849 -2.0
-0.41825 -1.8
-0.418 -1.5
-0.41776 -1.3
-0.41751 -1.0
-0.41727 -0.8
-0.41703 -0.5
-0.41678 -0.3
-0.41654 0.0
-0.41629 0.2
-0.41605 0.4
-0.41581 0.7
-0.41556 0.9
-0.41532 1.2
-0.41507 1.4
-0.41483 1.7
-0.41459 1.9
-0.41434 2.1
-0.4141 2.4
-0.41385 2.6
-0.41361 2.8
-0.41336 3.0
-0.41312 3.2
-0.41288 3.4
-0.41263 3.6
-0.41239 3.8
-0.41214 4.0
-0.4119 4.2
-0.41166 4.4
-0.41141 4.5
-0.41117 4.7
-0.41092 4.8
-0.41068 5.0
-0.41043 5.1
-0.41019 5.2
-0.40995 5.4
-0.4097 5.5
-0.40946 5.6
-0.40921 5.6
-0.40897 5.7
-0.40873 5.8
-0.40848 5.8
-0.40824 5.9
-0.40799 5.9
-0.40775 5.9
-0.40751 5.9
-0.40726 5.9
-0.40702 5.9
-0.40677 5.9
-0.40653 5.9
-0.40628 5.8
-0.40604 5.8
-0.4058 5.7
-0.40555 5.7
-0.40531 5.6
-0.40506 5.5
-0.40482 5.4
-0.40458 5.3
-0.40433 5.1
-0.40409 5.0
-0.40384 4.9
-0.4036 4.7
-0.40335 4.6
-0.40311 4.4
-0.40287 4.2
-0.40262 4.0
-0.40238 3.9
-0.40213 3.7
-0.40189 3.5
-0.40165 3.3
-0.4014 3.0
-0.40116 2.8
-0.40091 2.6
-0.40067 2.4
-0.40042 2.1
-0.40018 1.9
-0.39994 1.6
-0.39969 1.4
-0.39945 1.2
-0.3992 0.9
-0.39896 0.7
-0.39872 0.4
-0.39847 0.1
-0.39823 -0.1
-0.39798 -0.4
-0.39774 -0.6
-0.3975 -0.9
-0.39725 -1.1
-0.39701 -1.4
-0.39676 -1.6
-0.39652 -1.9
-0.39627 -2.1
-0.39603 -2.3
-0.39579 -2.6
-0.39554 -2.8
-0.3953 -3.0
-0.39505 -3.2
-0.39481 -3.4
-0.39457 -3.7
-0.39432 -3.9
-0.39408 -4.0
-0.39383 -4.2
-0.39359 -4.4
-0.39334 -4.6
-0.3931 -4.7
-0.39286 -4.9
-0.39261 -5.0
-0.39237 -5.2
-0.39212 -5.3
-0.39188 -5.4
-0.39164 -5.5
-0.39139 -5.6
-0.39115 -5.7
-0.3909 -5.8
-0.39066 -5.8
-0.39042 -5.9
-0.39017 -5.9
-0.38993 -6.0
-0.38968 -6.0
-0.38944 -6.0
-0.38919 -6.0
-0.38895 -6.0
-0.38871 -6.0
-0.38846 -5.9
-0.38822 -5.9
-0.38797 -5.8
-0.38773 -5.8
-0.38749 -5.7
-0.38724 -5.6
-0.387 -5.5
-0.38675 -5.4
-0.38651 -5.3
-0.38626 -5.1
-0.38602 -5.0
-0.38578 -4.9
-0.38553 -4.7
-0.38529 -4.5
-0.38504 -4.4
-0.3848 -4.2
-0.38456 -4.0
-0.38431 -3.8
-0.38407 -3.6
-0.38382 -3.4
-0.38358 -3.2
-0.38334 -2.9
-0.38309 -2.7
-0.38285 -2.5
-0.3826 -2.2
-0.38236 -2.0
-0.38211 -1.7
-0.38187 -1.5
-0.38163 -1.2
-0.38138 -1.0
-0.38114 -0.7
-0.38089 -0.5
-0.38065 -0.2
-0.38041 0.0
-0.38016 0.3
-0.37992 0.6
-0.37967 0.8
-0.37943 1.1
-0.37918 1.3
-0.37894 1.6
-0.3787 1.8
-0.37845 2.1
-0.37821 2.3
-0.37796 2.6
-0.37772 2.8
-0.37748 3.0
-0.37723 3.3
-0.37699 3.5
-0.37674 3.7
-0.3765 3.9
-0.37626 4.1
-0.37601 4.3
-0.37577 4.5
-0.37552 4.6
-0.37528 4.8
-0.37503 5.0
-0.37479 5.1
-0.37455 5.2
-0.3743 5.4
-0.37406 5.5
-0.37381 5.6
-0.37357 5.7
-0.37333 5.8
-0.37308 5.9
-0.37284 5.9
-0.37259 6.0
-0.37235 6.0
-0.3721 6.0
-0.37186 6.1
-0.37162 6.1
-0.37137 6.1
-0.37113 6.0
-0.37088 6.0
-0.37064 6.0
-0.3704 5.9
-0.37015 5.9
-0.36991 5.8
-0.36966 5.7
-0.36942 5.6
-0.36917 5.5
-0.36893 5.4
-0.36869 5.3
-0.36844 5.1
-0.3682 5.0
-0.36795 4.8
-0.36771 4.7
-0.36747 4.5
-0.36722 4.3
-0.36698 4.1
-0.36673 3.9
-0.36649 3.7
-0.36625 3.5
-0.366 3.3
-0.36576 3.0
-0.36551 2.8
-0.36527 2.6
-0.36502 2.3
-0.36478 2.1
-0.36454 1.8
-0.36429 1.6
-0.36405 1.3
-0.3638 1.0
-0.36356 0.8
-0.36332 0.5
-0.36307 0.2
-0.36283 0.0
-0.36258 -0.3
-0.36234 -0.6
-0.36209 -0.8
-0.36185 -1.1
-0.36161 -1.4
-0.36136 -1.6
-0.36112 -1.9
-0.36087 -2.1
-0.36063 -2.4
-0.36039 -2.6
-0.36014 -2.9
-0.3599 -3.1
-0.35965 -3.3
-0.35941 -3.6
-0.35917 -3.8
-0.35892 -4.0
-0.35868 -4.2
-0.35843 -4.4
-0.35819 -4.6
-0.35794 -4.7
-0.3577 -4.9
-0.35746 -5.1
-0.35721 -5.2
-0.35697 -5.3
-0.35672 -5.5
-0.35648 -5.6
-0.35624 -5.7
-0.35599 -5.8
-0.35575 -5.9
-0.3555 -5.9
-0.35526 -6.0
-0.35501 -6.1
-0.35477 -6.1
-0.35453 -6.1
-0.35428 -6.1
-0.35404 -6.1
-0.35379 -6.1
-0.35355 -6.1
-0.35331 -6.1
-0.35306 -6.0
-0.35282 -6.0
-0.35257 -5.9
-0.35233 -5.8
-0.35209 -5.7
-0.35184 -5.6
-0.3516 -5.5
-0.35135 -5.4
-0.35111 -5.2
-0.35086 -5.1
-0.35062 -4.9
-0.35038 -4.7
-0.35013 -4.6
-0.34989 -4.4
-0.34964 -4.2
-0.3494 -4.0
-0.34916 -3.8
-0.34891 -3.5
-0.34867 -3.3
-0.34842 -3.1
-0.34818 -2.8
-0.34793 -2.6
-0.34769 -2.4
-0.34745 -2.1
-0.3472 -1.8
-0.34696 -1.6
-0.34671 -1.3
-0.34647 -1.0
-0.34623 -0.8
-0.34598 -0.5
-0.34574 -0.2
-0.34549 0.0
-0.34525 0.3
-0.34501 0.6
-0.34476 0.9
-0.34452 1.2
-0.34427 1.4
-0.34403 1.7
-0.34378 2.0
-0.34354 2.2
-0.3433 2.5
-0.34305 2.7
-0.34281 3.0
-0.34256 3.2
-0.34232 3.4
-0.34208 3.7
-0.34183 3.9
-0.34159 4.1
-0.34134 4.3
-0.3411 4.5
-0.34085 4.7
-0.34061 4.9
-0.34037 5.0
-0.34012 5.2
-0.33988 5.3
-0.33963 5.5
-0.33939 5.6
-0.33915 5.7
-0.3389 5.8
-0.33866 5.9
-0.33841 6.0
-0.33817 6.1
-0.33792 6.1
-0.33768 6.1
-0.33744 6.2
-0.33719 6.2
-0.33695 6.2
-0.3367 6.2
-0.33646 6.2
-0.33622 6.1
-0.33597 6.1
-0.33573 6.0
-0.33548 6.0
-0.33524 5.9
-0.335 5.8
-0.33475 5.7
-0.33451 5.6
-0.33426 5.4
-0.33402 5.3
-0.33377 5.1
-0.33353 5.0
-0.33329 4.8
-0.33304 4.6
-0.3328 4.4
-0.33255 4.2
-0.33231 4.0
-0.33207 3.8
-0.33182 3.6
-0.33158 3.3
-0.33133 3.1
-0.33109 2.8
-0.33084 2.6
-0.3306 2.3
-0.33036 2.1
-0.33011 1.8
-0.32987 1.5
-0.32962 1.3
-0.32938 1.0
-0.32914 0.7
-0.32889 0.4
-0.32865 0.1
-0.3284 -0.2
-0.32816 -0.4
-0.32792 -0.7
-0.32767 -1.0
-0.32743 -1.3
-0.32718 -1.6
-0.32694 -1.8
-0.32669 -2.1
-0.32645 -2.4
-0.32621 -2.6
-0.32596 -2.9
-0.32572 -3.1
-0.32547 -3.4
-0.32523 -3.6
-0.32499 -3.8
-0.32474 -4.1
-0.3245 -4.3
-0.32425 -4.5
-0.32401 -4.7
-0.32376 -4.9
-0.32352 -5.0
-0.32328 -5.2
-0.32303 -5.4
-0.32279 -5.5
-0.32254 -5.6
-0.3223 -5.8
-0.32206 -5.9
-0.32181 -6.0
-0.32157 -6.0
-0.32132 -6.1
-0.32108 -6.2
-0.32084 -6.2
-0.32059 -6.2
-0.32035 -6.3
-0.3201 -6.3
-0.31986 -6.3
-0.31961 -6.2
-0.31937 -6.2
-0.31913 -6.2
-0.31888 -6.1
-0.31864 -6.0
-0.31839 -5.9
-0.31815 -5.8
-0.31791 -5.7
-0.31766 -5.6
-0.31742 -5.5
-0.31717 -5.3
-0.31693 -5.2
-0.31668 -5.0
-0.31644 -4.8
-0.3162 -4.6
-0.31595 -4.4
-0.31571 -4.2
-0.31546 -4.0
-0.31522 -3.8
-0.31498 -3.5
-0.31473 -3.3
-0.31449 -3.0
-0.31424 -2.8
-0.314 -2.5
-0.31376 -2.3
-0.31351 -2.0
-0.31327 -1.7
-0.31302 -1.4
-0.31278 -1.1
-0.31253 -0.9
-0.31229 -0.6
-0.31205 -0.3
-0.3118 0.0
-0.31156 0.3
-0.31131 0.6
-0.31107 0.9
-0.31083 1.2
-0.31058 1.5
-0.31034 1.7
-0.31009 2.0
-0.30985 2.3
-0.3096 2.6
-0.30936 2.8
-0.30912 3.1
-0.30887 3.4
-0.30863 3.6
-0.30838 3.8
-0.30814 4.1
-0.3079 4.3
-0.30765 4.5
-0.30741 4.7
-0.30716 4.9
-0.30692 5.1
-0.30667 5.2
-0.30643 5.4
-0.30619 5.6
-0.30594 5.7
-0.3057 5.8
-0.30545 5.9
-0.30521 6.0
-0.30497 6.1
-0.30472 6.2
-0.30448 6.2
-0.30423 6.3
-0.30399 6.3
-0.30375 6.3
-0.3035 6.3
-0.30326 6.3
-0.30301 6.3
-0.30277 6.3
-0.30252 6.2
-0.30228 6.2
-0.30204 6.1
-0.30179 6.0
-0.30155 5.9
-0.3013 5.8
-0.30106 5.6
-0.30082 5.5
-0.30057 5.3
-0.30033 5.2
-0.30008 5.0
-0.29984 4.8
-0.29959 4.6
-0.29935 4.4
-0.29911 4.2
-0.29886 3.9
-0.29862 3.7
-0.29837 3.5
-0.29813 3.2
-0.29789 2.9
-0.29764 2.7
-0.2974 2.4
-0.29715 2.1
-0.29691 1.8
-0.29667 1.5
-0.29642 1.3
-0.29618 1.0
-0.29593 0.7
-0.29569 0.4
-0.29544 0.0
-0.2952 -0.2
-0.29496 -0.5
-0.29471 -0.8
-0.29447 -1.1
-0.29422 -1.4
-0.29398 -1.7
-0.29374 -2.0
-0.29349 -2.3
-0.29325 -2.6
-0.293 -2.8
-0.29276 -3.1
-0.29251 -3.4
-0.29227 -3.6
-0.29203 -3.9
-0.29178 -4.1
-0.29154 -4.3
-0.29129 -4.6
-0.29105 -4.8
-0.29081 -5.0
-0.29056 -5.2
-0.29032 -5.3
-0.29007 -5.5
-0.28983 -5.6
-0.28959 -5.8
-0.28934 -5.9
-0.2891 -6.0
-0.28885 -6.1
-0.28861 -6.2
-0.28836 -6.3
-0.28812 -6.3
-0.28788 -6.4
-0.28763 -6.4
-0.28739 -6.4
-0.28714 -6.4
-0.2869 -6.4
-0.28666 -6.4
-0.28641 -6.3
-0.28617 -6.3
-0.28592 -6.2
-0.28568 -6.1
-0.28543 -6.0
-0.28519 -5.9
-0.28495 -5.8
-0.2847 -5.6
-0.28446 -5.5
-0.28421 -5.3
-0.28397 -5.1
-0.28373 -4.9
-0.28348 -4.7
-0.28324 -4.5
-0.28299 -4.3
-0.28275 -4.1
-0.28251 -3.8
-0.28226 -3.6
-0.28202 -3.3
-0.28177 -3.0
-0.28153 -2.8
-0.28128 -2.5
-0.28104 -2.2
-0.2808 -1.9
-0.28055 -1.6
-0.28031 -1.3
-0.28006 -1.0
-0.27982 -0.7
-0.27958 -0.4
-0.27933 0.0
-0.27909 0.2
-0.27884 0.5
-0.2786 0.9
-0.27835 1.2
-0.27811 1.5
-0.27787 1.8
-0.27762 2.1
-0.27738 2.4
-0.27713 2.6
-0.27689 2.9
-0.27665 3.2
-0.2764 3.5
-0.27616 3.7
-0.27591 4.0
-0.27567 4.2
-0.27542 4.5
-0.27518 4.7
-0.27494 4.9
-0.27469 5.1
-0.27445 5.3
-0.2742 5.5
-0.27396 5.6
-0.27372 5.8
-0.27347 5.9
-0.27323 6.0
-0.27298 6.1
-0.27274 6.2
-0.2725 6.3
-0.27225 6.4
-0.27201 6.4
-0.27176 6.5
-0.27152 6.5
-0.27127 6.5
-0.27103 6.5
-0.27079 6.5
-0.27054 6.4
-0.2703 6.4
-0.27005 6.3
-0.26981 6.2
-0.26957 6.1
-0.26932 6.0
-0.26908 5.9
-0.26883 5.7
-0.26859 5.6
-0.26834 5.4
-0.2681 5.2
-0.26786 5.0
-0.26761 4.8
-0.26737 4.6
-0.26712 4.4
-0.26688 4.1
-0.26664 3.9
-0.26639 3.6
-0.26615 3.3
-0.2659 3.1
-0.26566 2.8
-0.26542 2.5
-0.26517 2.2
-0.26493 1.9
-0.26468 1.6
-0.26444 1.3
-0.26419 1.0
-0.26395 0.6
-0.26371 0.3
-0.26346 0.0
-0.26322 -0.3
-0.26297 -0.6
-0.26273 -1.0
-0.26249 -1.3
-0.26224 -1.6
-0.262 -1.9
-0.26175 -2.2
-0.26151 -2.5
-0.26126 -2.8
-0.26102 -3.1
-0.26078 -3.4
-0.26053 -3.7
-0.26029 -3.9
-0.26004 -4.2
-0.2598 -4.4
-0.25956 -4.7
-0.25931 -4.9
-0.25907 -5.1
-0.25882 -5.3
-0.25858 -5.5
-0.25834 -5.7
-0.25809 -5.8
-0.25785 -6.0
-0.2576 -6.1
-0.25736 -6.2
-0.25711 -6.3
-0.25687 -6.4
-0.25663 -6.5
-0.25638 -6.5
-0.25614 -6.6
-0.25589 -6.6
-0.25565 -6.6
-0.25541 -6.6
-0.25516 -6.6
-0.25492 -6.5
-0.25467 -6.5
-0.25443 -6.4
-0.25418 -6.3
-0.25394 -6.2
-0.2537 -6.1
-0.25345 -5.9
-0.25321 -5.8
-0.25296 -5.6
-0.25272 -5.4
-0.25248 -5.3
-0.25223 -5.1
-0.25199 -4.8
-0.25174 -4.6
-0.2515 -4.4
-0.25126 -4.1
-0.25101 -3.8
-0.25077 -3.6
-0.25052 -3.3
-0.25028 -3.0
-0.25003 -2.7
-0.24979 -2.4
-0.24955 -2.1
-0.2493 -1.8
-0.24906 -1.5
-0.24881 -1.1
-0.24857 -0.8
-0.24833 -0.5
-0.24808 -0.1
-0.24784 0.2
-0.24759 0.5
-0.24735 0.9
-0.2471 1.2
-0.24686 1.5
-0.24662 1.8
-0.24637 2.2
-0.24613 2.5
-0.24588 2.8
-0.24564 3.1
-0.2454 3.4
-0.24515 3.6
-0.24491 3.9
-0.24466 4.2
-0.24442 4.4
-0.24417 4.7
-0.24393 4.9
-0.24369 5.1
-0.24344 5.4
-0.2432 5.5
-0.24295 5.7
-0.24271 5.9
-0.24247 6.0
-0.24222 6.2
-0.24198 6.3
-0.24173 6.4
-0.24149 6.5
-0.24125 6.6
-0.241 6.6
-0.24076 6.7
-0.24051 6.7
-0.24027 6.7
-0.24002 6.7
-0.23978 6.6
-0.23954 6.6
-0.23929 6.5
-0.23905 6.4
-0.2388 6.4
-0.23856 6.2
-0.23832 6.1
-0.23807 6.0
-0.23783 5.8
-0.23758 5.6
-0.23734 5.4
-0.23709 5.2
-0.23685 5.0
-0.23661 4.8
-0.23636 4.5
-0.23612 4.3
-0.23587 4.0
-0.23563 3.7
-0.23539 3.4
-0.23514 3.1
-0.2349 2.8
-0.23465 2.5
-0.23441 2.2
-0.23417 1.9
-0.23392 1.5
-0.23368 1.2
-0.23343 0.9
-0.23319 0.5
-0.23294 0.2
-0.2327 -0.2
-0.23246 -0.5
-0.23221 -0.8
-0.23197 -1.2
-0.23172 -1.5
-0.23148 -1.9
-0.23124 -2.2
-0.23099 -2.5
-0.23075 -2.8
-0.2305 -3.1
-0.23026 -3.4
-0.23001 -3.7
-0.22977 -4.0
-0.22953 -4.3
-0.22928 -4.6
-0.22904 -4.8
-0.22879 -5.0
-0.22855 -5.3
-0.22831 -5.5
-0.22806 -5.7
-0.22782 -5.9
-0.22757 -6.0
-0.22733 -6.2
-0.22709 -6.3
-0.22684 -6.4
-0.2266 -6.5
-0.22635 -6.6
-0.22611 -6.7
-0.22586 -6.7
-0.22562 -6.8
-0.22538 -6.8
-0.22513 -6.8
-0.22489 -6.8
-0.22464 -6.7
-0.2244 -6.6
-0.22416 -6.6
-0.22391 -6.5
-0.22367 -6.4
-0.22342 -6.2
-0.22318 -6.1
-0.22293 -5.9
-0.22269 -5.7
-0.22245 -5.6
-0.2222 -5.3
-0.22196 -5.1
-0.22171 -4.9
-0.22147 -4.6
-0.22123 -4.4
-0.22098 -4.1
-0.22074 -3.8
-0.22049 -3.5
-0.22025 -3.2
-0.22001 -2.9
-0.21976 -2.5
-0.21952 -2.2
-0.21927 -1.9
-0.21903 -1.5
-0.21878 -1.2
-0.21854 -0.8
-0.2183 -0.5
-0.21805 -0.1
-0.21781 0.2
-0.21756 0.6
-0.21732 0.9
-0.21708 1.3
-0.21683 1.7
-0.21659 2.0
-0.21634 2.3
-0.2161 2.7
-0.21585 3.0
-0.21561 3.3
-0.21537 3.6
-0.21512 3.9
-0.21488 4.2
-0.21463 4.5
-0.21439 4.8
-0.21415 5.0
-0.2139 5.3
-0.21366 5.5
-0.21341 5.7
-0.21317 5.9
-0.21292 6.1
-0.21268 6.2
-0.21244 6.4
-0.21219 6.5
-0.21195 6.6
-0.2117 6.7
-0.21146 6.8
-0.21122 6.8
-0.21097 6.9
-0.21073 6.9
-0.21048 6.9
-0.21024 6.9
-0.21 6.8
-0.20975 6.8
-0.20951 6.7
-0.20926 6.6
-0.20902 6.5
-0.20877 6.3
-0.20853 6.2
-0.20829 6.0
-0.20804 5.8
-0.2078 5.6
-0.20755 5.4
-0.20731 5.1
-0.20707 4.9
-0.20682 4.6
-0.20658 4.4
-0.20633 4.1
-0.20609 3.8
-0.20584 3.4
-0.2056 3.1
-0.20536 2.8
-0.20511 2.5
-0.20487 2.1
-0.20462 1.7
-0.20438 1.4
-0.20414 1.0
-0.20389 0.7
-0.20365 0.3
-0.2034 0.0
-0.20316 -0.5
-0.20292 -0.8
-0.20267 -1.2
-0.20243 -1.6
-0.20218 -1.9
-0.20194 -2.3
-0.20169 -2.6
-0.20145 -3.0
-0.20121 -3.3
-0.20096 -3.6
-0.20072 -3.9
-0.20047 -4.2
-0.20023 -4.5
-0.19999 -4.8
-0.19974 -5.1
-0.1995 -5.3
-0.19925 -5.6
-0.19901 -5.8
-0.19876 -6.0
-0.19852 -6.2
-0.19828 -6.3
-0.19803 -6.5
-0.19779 -6.6
-0.19754 -6.7
-0.1973 -6.8
-0.19706 -6.9
-0.19681 -6.9
-0.19657 -7.0
-0.19632 -7.0
-0.19608 -7.0
-0.19584 -7.0
-0.19559 -6.9
-0.19535 -6.8
-0.1951 -6.7
-0.19486 -6.6
-0.19461 -6.5
-0.19437 -6.4
-0.19413 -6.2
-0.19388 -6.0
-0.19364 -5.8
-0.19339 -5.6
-0.19315 -5.3
-0.19291 -5.1
-0.19266 -4.8
-0.19242 -4.5
-0.19217 -4.2
-0.19193 -3.9
-0.19168 -3.6
-0.19144 -3.3
-0.1912 -2.9
-0.19095 -2.6
-0.19071 -2.2
-0.19046 -1.8
-0.19022 -1.5
-0.18998 -1.1
-0.18973 -0.7
-0.18949 -0.3
-0.18924 0.0
-0.189 0.5
-0.18876 0.8
-0.18851 1.2
-0.18827 1.6
-0.18802 2.0
-0.18778 2.4
-0.18753 2.7
-0.18729 3.1
-0.18705 3.4
-0.1868 3.8
-0.18656 4.1
-0.18631 4.4
-0.18607 4.7
-0.18583 5.0
-0.18558 5.3
-0.18534 5.5
-0.18509 5.7
-0.18485 6.0
-0.1846 6.2
-0.18436 6.4
-0.18412 6.5
-0.18387 6.7
-0.18363 6.8
-0.18338 6.9
-0.18314 7.0
-0.1829 7.0
-0.18265 7.1
-0.18241 7.1
-0.18216 7.1
-0.18192 7.1
-0.18167 7.0
-0.18143 7.0
-0.18119 6.9
-0.18094 6.8
-0.1807 6.6
-0.18045 6.5
-0.18021 6.3
-0.17997 6.1
-0.17972 5.9
-0.17948 5.7
-0.17923 5.4
-0.17899 5.2
-0.17875 4.9
-0.1785 4.6
-0.17826 4.3
-0.17801 3.9
-0.17777 3.6
-0.17752 3.2
-0.17728 2.9
-0.17704 2.5
-0.17679 2.1
-0.17655 1.7
-0.1763 1.4
-0.17606 1.0
-0.17582 0.6
-0.17557 0.2
-0.17533 -0.2
-0.17508 -0.6
-0.17484 -1.0
-0.17459 -1.4
-0.17435 -1.8
-0.17411 -2.2
-0.17386 -2.6
-0.17362 -3.0
-0.17337 -3.4
-0.17313 -3.7
-0.17289 -4.1
-0.17264 -4.4
-0.1724 -4.7
-0.17215 -5.0
-0.17191 -5.3
-0.17167 -5.6
-0.17142 -5.8
-0.17118 -6.0
-0.17093 -6.3
-0.17069 -6.5
-0.17044 -6.6
-0.1702 -6.8
-0.16996 -6.9
-0.16971 -7.0
-0.16947 -7.1
-0.16922 -7.2
-0.16898 -7.2
-0.16874 -7.2
-0.16849 -7.2
-0.16825 -7.2
-0.168 -7.1
-0.16776 -7.1
-0.16751 -7.0
-0.16727 -6.8
-0.16703 -6.7
-0.16678 -6.5
-0.16654 -6.3
-0.16629 -6.1
-0.16605 -5.9
-0.16581 -5.7
-0.16556 -5.4
-0.16532 -5.1
-0.16507 -4.8
-0.16483 -4.5
-0.16459 -4.1
-0.16434 -3.8
-0.1641 -3.4
-0.16385 -3.1
-0.16361 -2.7
-0.16336 -2.3
-0.16312 -1.9
-0.16288 -1.5
-0.16263 -1.1
-0.16239 -0.6
-0.16214 -0.2
-0.1619 0.2
-0.16166 0.6
-0.16141 1.0
-0.16117 1.5
-0.16092 1.9
-0.16068 2.3
-0.16043 2.7
-0.16019 3.1
-0.15995 3.5
-0.1597 3.8
-0.15946 4.2
-0.15921 4.5
-0.15897 4.9
-0.15873 5.2
-0.15848 5.5
-0.15824 5.7
-0.15799 6.0
-0.15775 6.2
-0.15751 6.5
-0.15726 6.7
-0.15702 6.8
-0.15677 7.0
-0.15653 7.1
-0.15628 7.2
-0.15604 7.3
-0.1558 7.3
-0.15555 7.4
-0.15531 7.4
-0.15506 7.3
-0.15482 7.3
-0.15458 7.2
-0.15433 7.1
-0.15409 7.0
-0.15384 6.9
-0.1536 6.7
-0.15335 6.5
-0.15311 6.3
-0.15287 6.0
-0.15262 5.8
-0.15238 5.5
-0.15213 5.2
-0.15189 4.9
-0.15165 4.5
-0.1514 4.2
-0.15116 3.8
-0.15091 3.4
-0.15067 3.0
-0.15042 2.6
-0.15018 2.2
-0.14994 1.8
-0.14969 1.4
-0.14945 0.9
-0.1492 0.5
-0.14896 0.0
-0.14872 -0.4
-0.14847 -0.8
-0.14823 -1.3
-0.14798 -1.7
-0.14774 -2.1
-0.1475 -2.6
-0.14725 -3.0
-0.14701 -3.4
-0.14676 -3.8
-0.14652 -4.1
-0.14627 -4.5
-0.14603 -4.9
-0.14579 -5.2
-0.14554 -5.5
-0.1453 -5.8
-0.14505 -6.1
-0.14481 -6.3
-0.14457 -6.6
-0.14432 -6.8
-0.14408 -7.0
-0.14383 -7.1
-0.14359 -7.2
-0.14334 -7.4
-0.1431 -7.4
-0.14286 -7.5
-0.14261 -7.5
-0.14237 -7.5
-0.14212 -7.5
-0.14188 -7.4
-0.14164 -7.3
-0.14139 -7.2
-0.14115 -7.1
-0.1409 -6.9
-0.14066 -6.7
-0.14042 -6.5
-0.14017 -6.3
-0.13993 -6.0
-0.13968 -5.7
-0.13944 -5.4
-0.13919 -5.1
-0.13895 -4.8
-0.13871 -4.4
-0.13846 -4.0
-0.13822 -3.6
-0.13797 -3.2
-0.13773 -2.8
-0.13749 -2.4
-0.13724 -1.9
-0.137 -1.5
-0.13675 -1.0
-0.13651 -0.6
-0.13626 0.0
-0.13602 0.4
-0.13578 0.8
-0.13553 1.3
-0.13529 1.8
-0.13504 2.2
-0.1348 2.7
-0.13456 3.1
-0.13431 3.5
-0.13407 3.9
-0.13382 4.3
-0.13358 4.7
-0.13334 5.1
-0.13309 5.4
-0.13285 5.7
-0.1326 6.0
-0.13236 6.3
-0.13211 6.6
-0.13187 6.8
-0.13163 7.0
-0.13138 7.2
-0.13114 7.3
-0.13089 7.5
-0.13065 7.6
-0.13041 7.6
-0.13016 7.7
-0.12992 7.7
-0.12967 7.6
-0.12943 7.6
-0.12918 7.5
-0.12894 7.4
-0.1287 7.3
-0.12845 7.1
-0.12821 6.9
-0.12796 6.7
-0.12772 6.4
-0.12748 6.1
-0.12723 5.8
-0.12699 5.5
-0.12674 5.2
-0.1265 4.8
-0.12626 4.4
-0.12601 4.0
-0.12577 3.6
-0.12552 3.2
-0.12528 2.7
-0.12503 2.2
-0.12479 1.8
-0.12455 1.3
-0.1243 0.8
-0.12406 0.3
-0.12381 -0.2
-0.12357 -0.7
-0.12333 -1.1
-0.12308 -1.6
-0.12284 -2.1
-0.12259 -2.6
-0.12235 -3.0
-0.1221 -3.5
-0.12186 -3.9
-0.12162 -4.3
-0.12137 -4.7
-0.12113 -5.1
-0.12088 -5.5
-0.12064 -5.8
-0.1204 -6.2
-0.12015 -6.5
-0.11991 -6.7
-0.11966 -7.0
-0.11942 -7.2
-0.11917 -7.4
-0.11893 -7.5
-0.11869 -7.7
-0.11844 -7.7
-0.1182 -7.8
-0.11795 -7.8
-0.11771 -7.8
-0.11747 -7.8
-0.11722 -7.7
-0.11698 -7.6
-0.11673 -7.5
-0.11649 -7.3
-0.11625 -7.1
-0.116 -6.9
-0.11576 -6.7
-0.11551 -6.4
-0.11527 -6.1
-0.11502 -5.7
-0.11478 -5.4
-0.11454 -5.0
-0.11429 -4.6
-0.11405 -4.2
-0.1138 -3.7
-0.11356 -3.3
-0.11332 -2.8
-0.11307 -2.3
-0.11283 -1.8
-0.11258 -1.3
-0.11234 -0.8
-0.11209 -0.3
-0.11185 0.3
-0.11161 0.8
-0.11136 1.3
-0.11112 1.8
-0.11087 2.3
-0.11063 2.8
-0.11039 3.3
-0.11014 3.8
-0.1099 4.2
-0.10965 4.7
-0.10941 5.1
-0.10917 5.5
-0.10892 5.8
-0.10868 6.2
-0.10843 6.5
-0.10819 6.8
-0.10794 7.1
-0.1077 7.3
-0.10746 7.5
-0.10721 7.7
-0.10697 7.8
-0.10672 7.9
-0.10648 8.0
-0.10624 8.0
-0.10599 8.0
-0.10575 8.0
-0.1055 7.9
-0.10526 7.8
-0.10501 7.7
-0.10477 7.5
-0.10453 7.3
-0.10428 7.0
-0.10404 6.7
-0.10379 6.4
-0.10355 6.1
-0.10331 5.7
-0.10306 5.3
-0.10282 4.9
-0.10257 4.5
-0.10233 4.0
-0.10209 3.5
-0.10184 3.0
-0.1016 2.5
-0.10135 2.0
-0.10111 1.4
-0.10086 0.9
-0.10062 0.4
-0.10038 -0.2
-0.10013 -0.7
-0.09989 -1.3
-0.09964 -1.8
-0.0994 -2.4
-0.09916 -2.9
-0.09891 -3.4
-0.09867 -3.9
-0.09842 -4.4
-0.09818 -4.9
-0.09793 -5.3
-0.09769 -5.7
-0.09745 -6.1
-0.0972 -6.5
-0.09696 -6.8
-0.09671 -7.1
-0.09647 -7.4
-0.09623 -7.6
-0.09598 -7.8
-0.09574 -8.0
-0.09549 -8.1
-0.09525 -8.2
-0.09501 -8.2
-0.09476 -8.2
-0.09452 -8.2
-0.09427 -8.1
-0.09403 -8.0
-0.09378 -7.9
-0.09354 -7.7
-0.0933 -7.4
-0.09305 -7.2
-0.09281 -6.9
-0.09256 -6.6
-0.09232 -6.2
-0.09208 -5.8
-0.09183 -5.4
-0.09159 -4.9
-0.09134 -4.4
-0.0911 -3.9
-0.09085 -3.4
-0.09061 -2.9
-0.09037 -2.3
-0.09012 -1.8
-0.08988 -1.2
-0.08963 -0.6
-0.08939 0.0
-0.08915 0.6
-0.0889 1.2
-0.08866 1.8
-0.08841 2.3
-0.08817 2.9
-0.08792 3.5
-0.08768 4.0
-0.08744 4.5
-0.08719 5.0
-0.08695 5.5
-0.0867 5.9
-0.08646 6.3
-0.08622 6.7
-0.08597 7.1
-0.08573 7.4
-0.08548 7.7
-0.08524 7.9
-0.085 8.1
-0.08475 8.3
-0.08451 8.4
-0.08426 8.4
-0.08402 8.5
-0.08377 8.4
-0.08353 8.4
-0.08329 8.3
-0.08304 8.1
-0.0828 7.9
-0.08255 7.7
-0.08231 7.4
-0.08207 7.1
-0.08182 6.8
-0.08158 6.4
-0.08133 6.0
-0.08109 5.5
-0.08084 5.0
-0.0806 4.5
-0.08036 3.9
-0.08011 3.4
-0.07987 2.8
-0.07962 2.2
-0.07938 1.6
-0.07914 1.0
-0.07889 0.3
-0.07865 -0.3
-0.0784 -0.9
-0.07816 -1.6
-0.07792 -2.2
-0.07767 -2.8
-0.07743 -3.4
-0.07718 -4.0
-0.07694 -4.5
-0.07669 -5.1
-0.07645 -5.6
-0.07621 -6.1
-0.07596 -6.5
-0.07572 -6.9
-0.07547 -7.3
-0.07523 -7.6
-0.07499 -7.9
-0.07474 -8.2
-0.0745 -8.4
-0.07425 -8.5
-0.07401 -8.7
-0.07376 -8.7
-0.07352 -8.7
-0.07328 -8.7
-0.07303 -8.6
-0.07279 -8.5
-0.07254 -8.3
-0.0723 -8.0
-0.07206 -7.7
-0.07181 -7.4
-0.07157 -7.0
-0.07132 -6.6
-0.07108 -6.2
-0.07084 -5.7
-0.07059 -5.2
-0.07035 -4.6
-0.0701 -4.0
-0.06986 -3.4
-0.06961 -2.8
-0.06937 -2.1
-0.06913 -1.5
-0.06888 -0.8
-0.06864 0.0
-0.06839 0.6
-0.06815 1.3
-0.06791 2.0
-0.06766 2.6
-0.06742 3.3
-0.06717 3.9
-0.06693 4.5
-0.06668 5.1
-0.06644 5.7
-0.0662 6.2
-0.06595 6.7
-0.06571 7.1
-0.06546 7.6
-0.06522 7.9
-0.06498 8.2
-0.06473 8.5
-0.06449 8.7
-0.06424 8.9
-0.064 9.0
-0.06376 9.0
-0.06351 9.0
-0.06327 8.9
-0.06302 8.8
-0.06278 8.6
-0.06253 8.4
-0.06229 8.1
-0.06205 7.8
-0.0618 7.4
-0.06156 6.9
-0.06131 6.4
-0.06107 5.9
-0.06083 5.3
-0.06058 4.7
-0.06034 4.1
-0.06009 3.4
-0.05985 2.7
-0.0596 2.0
-0.05936 1.3
-0.05912 0.5
-0.05887 -0.2
-0.05863 -0.9
-0.05838 -1.7
-0.05814 -2.4
-0.0579 -3.1
-0.05765 -3.9
-0.05741 -4.5
-0.05716 -5.2
-0.05692 -5.8
-0.05667 -6.4
-0.05643 -6.9
-0.05619 -7.4
-0.05594 -7.9
-0.0557 -8.3
-0.05545 -8.6
-0.05521 -8.9
-0.05497 -9.1
-0.05472 -9.2
-0.05448 -9.3
-0.05423 -9.4
-0.05399 -9.3
-0.05375 -9.2
-0.0535 -9.0
-0.05326 -8.8
-0.05301 -8.5
-0.05277 -8.1
-0.05252 -7.7
-0.05228 -7.2
-0.05204 -6.7
-0.05179 -6.1
-0.05155 -5.5
-0.0513 -4.8
-0.05106 -4.1
-0.05082 -3.4
-0.05057 -2.6
-0.05033 -1.8
-0.05008 -1.0
-0.04984 -0.2
-0.04959 0.7
-0.04935 1.5
-0.04911 2.3
-0.04886 3.1
-0.04862 3.9
-0.04837 4.6
-0.04813 5.4
-0.04789 6.0
-0.04764 6.7
-0.0474 7.3
-0.04715 7.8
-0.04691 8.3
-0.04667 8.7
-0.04642 9.1
-0.04618 9.4
-0.04593 9.6
-0.04569 9.7
-0.04544 9.8
-0.0452 9.7
-0.04496 9.6
-0.04471 9.5
-0.04447 9.2
-0.04422 8.9
-0.04398 8.5
-0.04374 8.0
-0.04349 7.5
-0.04325 6.9
-0.043 6.2
-0.04276 5.5
-0.04251 4.7
-0.04227 3.9
-0.04203 3.1
-0.04178 2.2
-0.04154 1.3
-0.04129 0.4
-0.04105 -0.5
-0.04081 -1.5
-0.04056 -2.4
-0.04032 -3.3
-0.04007 -4.2
-0.03983 -5.0
-0.03959 -5.8
-0.03934 -6.6
-0.0391 -7.3
-0.03885 -7.9
-0.03861 -8.5
-0.03836 -9.0
-0.03812 -9.4
-0.03788 -9.7
-0.03763 -10.0
-0.03739 -10.2
-0.03714 -10.2
-0.0369 -10.2
-0.03666 -10.1
-0.03641 -9.9
-0.03617 -9.6
-0.03592 -9.2
-0.03568 -8.7
-0.03543 -8.1
-0.03519 -7.5
-0.03495 -6.8
-0.0347 -6.0
-0.03446 -5.1
-0.03421 -4.2
-0.03397 -3.3
-0.03373 -2.3
-0.03348 -1.2
-0.03324 -0.2
-0.03299 0.8
-0.03275 1.9
-0.03251 2.9
-0.03226 3.9
-0.03202 4.9
-0.03177 5.9
-0.03153 6.7
-0.03128 7.5
-0.03104 8.3
-0.0308 8.9
-0.03055 9.5
-0.03031 10.0
-0.03006 10.4
-0.02982 10.6
-0.02958 10.8
-0.02933 10.8
-0.02909 10.7
-0.02884 10.5
-0.0286 10.2
-0.02835 9.8
-0.02811 9.2
-0.02787 8.6
-0.02762 7.8
-0.02738 7.0
-0.02713 6.0
-0.02689 5.0
-0.02665 3.9
-0.0264 2.8
-0.02616 1.6
-0.02591 0.4
-0.02567 -0.8
-0.02542 -2.0
-0.02518 -3.2
-0.02494 -4.4
-0.02469 -5.5
-0.02445 -6.6
-0.0242 -7.6
-0.02396 -8.5
-0.02372 -9.3
-0.02347 -10.0
-0.02323 -10.6
-0.02298 -11.0
-0.02274 -11.4
-0.0225 -11.5
-0.02225 -11.5
-0.02201 -11.4
-0.02176 -11.1
-0.02152 -10.7
-0.02127 -10.1
-0.02103 -9.3
-0.02079 -8.4
-0.02054 -7.4
-0.0203 -6.3
-0.02005 -5.1
-0.01981 -3.8
-0.01957 -2.4
-0.01932 -1.0
-0.01908 0.5
-0.01883 1.9
-0.01859 3.4
-0.01834 4.8
-0.0181 6.2
-0.01786 7.4
-0.01761 8.6
-0.01737 9.7
-0.01712 10.6
-0.01688 11.3
-0.01664 11.9
-0.01639 12.3
-0.01615 12.5
-0.0159 12.5
-0.01566 12.2
-0.01542 11.8
-0.01517 11.1
-0.01493 10.3
-0.01468 9.2
-0.01444 8.0
-0.01419 6.6
-0.01395 5.0
-0.01371 3.4
-0.01346 1.6
-0.01322 -0.2
-0.01297 -2.0
-0.01273 -3.9
-0.01249 -5.6
-0.01224 -7.3
-0.012 -8.9
-0.01175 -10.3
-0.01151 -11.5
-0.01126 -12.5
-0.01102 -13.2
-0.01078 -13.6
-0.01053 -13.8
-0.01029 -13.6
-0.01004 -13.1
-0.0098 -12.3
-0.00956 -11.1
-0.00931 -9.7
-0.00907 -8.0
-0.00882 -6.0
-0.00858 -3.9
-0.00834 -1.6
-0.00809 0.8
-0.00785 3.2
-0.0076 5.6
-0.00736 7.9
-0.00711 10.1
-0.00687 11.9
-0.00663 13.5
-0.00638 14.6
-0.00614 15.3
-0.00589 15.5
-0.00565 15.2
-0.00541 14.3
-0.00516 12.9
-0.00492 10.9
-0.00467 8.5
-0.00443 5.7
-0.00418 2.5
-0.00394 -0.9
-0.0037 -4.4
-0.00345 -7.8
-0.00321 -11.0
-0.00296 -13.7
-0.00272 -15.9
-0.00248 -17.3
-0.00223 -17.8
-0.00199 -17.2
-0.00174 -15.6
-0.0015 -13.0
-0.00126 -9.3
-0.00101 -4.7
-0.00077 0.4
-0.00052 5.8
-0.00028 10.9
-3e-05 15.2
0.00021 18.1
0.00045 19.0
0.0007 17.7
0.00094 14.2
0.00119 8.8
0.00143 2.2
0.00167 -4.6
0.00192 -10.5
0.00216 -14.4
0.00241 -15.8
0.00265 -14.4
0.0029 -10.6
0.00314 -5.2
0.00338 0.6
0.00363 5.8
0.00387 9.3
0.00412 10.6
0.00436 9.7
0.0046 7.0
0.00485 3.2
0.00509 -0.7
0.00534 -4.0
0.00558 -6.0
0.00583 -6.5
0.00607 -5.5
0.00631 -3.5
0.00656 -1.1
0.0068 1.3
0.00705 3.0
0.00729 3.8
0.00753 3.7
0.00778 2.8
0.00802 1.4
0.00827 0.0
0.00851 -1.3
0.00875 -2.1
0.009 -2.3
0.00924 -2.0
0.00949 -1.2
0.00973 -0.3
0.00998 0.5
0.01022 1.1
0.01046 1.4
0.01071 1.3
0.01095 0.9
0.0112 0.4
0.01144 -0.1
0.01168 -0.6
0.01193 -0.8
0.01217 -0.8
0.01242 -0.7
0.01266 -0.4
0.01291 0.0
0.01315 0.2
0.01339 0.4
0.01364 0.5
0.01388 0.5
0.01413 0.3
0.01437 0.1
0.01461 0.0
0.01486 -0.2
0.0151 -0.3
0.01535 -0.3
0.01559 -0.2
0.01583 -0.1
0.01608 0.0
0.01632 0.1
0.01657 0.2
0.01681 0.2
0.01706 0.2
0.0173 0.1
0.01754 0.0
0.01779 0.0
0.01803 0.0
0.01828 -0.1
0.01852 -0.1
0.01876 0.0
0.01901 0.0
0.01925 0.0
0.0195 0.0
0.01974 0.0
0.01999 0.0
0.02023 0.0
0.02047 0.0
0.02072 0.0
0.02096 0.0
0.02121 0.0
0.02145 0.0
0.02169 0.0
0.02194 0.0
0.02218 0.0
0.02243 0.0
0.02267 0.0
0.02291 0.0
0.02316 0.0
0.0234 0.0
0.02365 0.0
0.02389 0.0
0.02414 0.0
0.02438 0.0
0.02462 0.0
0.02487 0.0
0.02511 0.0
0.02536 0.0
0.0256 0.0
0.02584 0.0
0.02609 0.0
0.02633 0.0
0.02658 0.0
0.02682 0.0
0.02707 0.0
0.02731 0.0
0.02755 0.0
0.0278 0.0
0.02804 0.0
0.02829 0.0
0.02853 0.0
0.02877 0.0
0.02902 0.0
0.02926 0.0
0.02951 0.0
0.02975 0.0
0.02999 0.0
0.03024 0.0
0.03048 0.0
0.03073 0.0
0.03097 0.0
0.03122 0.0
0.03146 0.0
0.0317 0.0
0.03195 0.0
0.03219 0.0
0.03244 0.0
0.03268 0.0
0.03292 0.0
0.03317 0.0
0.03341 0.0
0.03366 0.0
0.0339 0.0
0.03415 0.0
0.03439 0.0
0.03463 0.0
0.03488 0.0
0.03512 0.0
0.03537 0.0
0.03561 0.0
0.03585 0.0
0.0361 0.0
0.03634 0.0
0.03659 0.0
0.03683 0.0
0.03708 0.0
0.03732 0.0
0.03756 0.0
0.03781 0.0
0.03805 0.0
0.0383 0.0
0.03854 0.0
0.03878 0.0
0.03903 0.0
0.03927 0.0
0.03952 0.0
0.03976 0.0
0.04 0.0
0.04025 0.0
0.04049 0.0
0.04074 0.0
0.04098 0.0
0.04123 0.0
0.04147 0.0
0.04171 0.0
0.04196 0.0
0.0422 0.0
0.04245 0.0
0.04269 0.0
0.04293 0.0
0.04318 0.0
0.04342 0.0
0.04367 0.0
0.04391 0.0
0.04416 0.0
0.0444 0.0
0.04464 0.0
0.04489 0.0
0.04513 0.0
0.04538 0.0
0.04562 0.0
0.04586 0.0
0.04611 0.0
0.04635 0.0
0.0466 0.0
0.04684 0.0
0.04708 0.0
0.04733 0.0
0.04757 0.0
0.04782 0.0
0.04806 0.0
0.04831 0.0
0.04855 0.0
0.04879 0.0
0.04904 0.0
0.04928 0.0
0.04953 0.0
0.04977 0.0
0.05001 0.0
0.05026 0.0
0.0505 0.0
0.05075 0.0
0.05099 0.0
0.05124 0.0
0.05148 0.0
0.05172 0.0
0.05197 0.0
0.05221 0.0
0.05246 0.0
0.0527 0.0
0.05294 0.0
0.05319 0.0
0.05343 0.0
0.05368 0.0
0.05392 0.0
0.05416 0.0
0.05441 0.0
0.05465 0.0
0.0549 0.0
0.05514 0.0
0.05539 0.0
0.05563 0.0
0.05587 0.0
0.05612 0.0
0.05636 0.0
0.05661 0.0
0.05685 0.0
0.05709 0.0
0.05734 0.0
0.05758 0.0
0.05783 0.0
0.05807 0.0
0.05832 0.0
0.05856 0.0
0.0588 0.0
0.05905 0.0
0.05929 0.0
0.05954 0.0
0.05978 0.0
0.06002 0.0
0.06027 0.0
0.06051 0.0
0.06076 0.0
0.061 0.0
0.06124 0.0
0.06149 0.0
0.06173 0.0
0.06198 0.0
0.06222 0.0
0.06247 0.0
0.06271 0.0
0.06295 0.0
0.0632 0.0
0.06344 0.0
0.06369 0.0
0.06393 0.0
0.06417 0.0
0.06442 0.0
0.06466 0.0
0.06491 0.0
0.06515 0.0
0.0654 0.0
0.06564 0.0
0.06588 0.0
0.06613 0.0
0.06637 0.0
0.06662 0.0
0.06686 0.0
0.0671 0.0
0.06735 0.0
0.06759 0.0
0.06784 0.0
0.06808 0.0
0.06833 0.0
0.06857 0.0
0.06881 0.0
0.06906 0.0
0.0693 0.0
0.06955 0.0
0.06979 0.0
0.07003 0.0
0.07028 0.0
0.07052 0.0
0.07077 0.0
0.07101 0.0
0.07125 0.0
0.0715 0.0
0.07174 0.0
0.07199 0.0
0.07223 0.0
0.07248 0.0
0.07272 0.0
0.07296 0.0
0.07321 0.0
0.07345 0.0
0.0737 0.0
0.07394 0.0
0.07418 0.0
0.07443 0.0
0.07467 0.0
0.07492 0.0
0.07516 0.0
0.07541 0.0
0.07565 0.0
0.07589 0.0
0.07614 0.0
0.07638 0.0
0.07663 0.0
0.07687 0.0
0.07711 0.0
0.07736 0.0
0.0776 0.0
0.07785 0.0
0.07809 0.0
0.07833 0.0
0.07858 0.0
0.07882 0.0
0.07907 0.0
0.07931 0.0
0.07956 0.0
0.0798 0.0
0.08004 0.0
0.08029 0.0
0.08053 0.0
0.08078 0.0
0.08102 0.0
0.08126 0.0
0.08151 0.0
0.08175 0.0
0.082 0.0
0.08224 0.0
0.08249 0.0
0.08273 0.0
0.08297 0.0
0.08322 0.0
0.08346 0.0
0.08371 0.0
0.08395 0.0
0.08419 0.0
0.08444 0.0
0.08468 0.0
0.08493 0.0
0.08517 0.0
0.08541 0.0
0.08566 0.0
0.0859 0.0
0.08615 0.0
0.08639 0.0
0.08664 0.0
0.08688 0.0
0.08712 0.0
0.08737 0.0
0.08761 0.0
0.08786 0.0
0.0881 0.0
0.08834 0.0
0.08859 0.0
0.08883 0.0
0.08908 0.0
0.08932 0.0
0.08957 0.0
0.08981 0.0
0.09005 0.0
0.0903 0.0
0.09054 0.0
0.09079 0.0
0.09103 0.0
0.09127 0.0
0.09152 0.0
0.09176 0.0
0.09201 0.0
0.09225 0.0
0.09249 0.0
0.09274 0.0
0.09298 0.0
0.09323 0.0
0.09347 0.0
0.09372 0.0
0.09396 0.0
0.0942 0.0
0.09445 0.0
0.09469 0.0
0.09494 0.0
0.09518 0.0
0.09542 0.0
0.09567 0.0
0.09591 0.0
0.09616 0.0
0.0964 0.0
0.09665 0.0
0.09689 0.0
0.09713 0.0
0.09738 0.0
0.09762 0.0
0.09787 0.0
0.09811 0.0
0.09835 0.0
0.0986 0.0
0.09884 0.0
0.09909 0.0
0.09933 0.0
0.09958 0.0
0.09982 0.0
0.10006 0.0
0.10031 0.0
0.10055 0.0
0.1008 0.0
0.10104 0.0
0.10128 0.0
0.10153 0.0
0.10177 0.0
0.10202 0.0
0.10226 0.0
0.1025 0.0
0.10275 0.0
0.10299 0.0
0.10324 0.0
0.10348 0.0
0.10373 0.0
0.10397 0.0
0.10421 0.0
0.10446 0.0
0.1047 0.0
0.10495 0.0
0.10519 0.0
0.10543 0.0
0.10568 0.0
0.10592 0.0
0.10617 0.0
0.10641 0.0
0.10666 0.0
0.1069 0.0
0.10714 0.0
0.10739 0.0
0.10763 0.0
0.10788 0.0
0.10812 0.0
0.10836 0.0
0.10861 0.0
0.10885 0.0
0.1091 0.0
0.10934 0.0
0.10958 0.0
0.10983 0.0
0.11007 0.0
0.11032 0.0
0.11056 0.0
0.11081 0.0
0.11105 0.0
0.11129 0.0
0.11154 0.0
0.11178 0.0
0.11203 0.0
0.11227 0.0
0.11251 0.0
0.11276 0.0
0.113 0.0
0.11325 0.0
0.11349 0.0
0.11374 0.0
0.11398 0.0
0.11422 0.0
0.11447 0.0
0.11471 0.0
0.11496 0.0
0.1152 0.0
0.11544 0.0
0.11569 0.0
0.11593 0.0
0.11618 0.0
0.11642 0.0
0.11666 0.0
0.11691 0.0
0.11715 0.0
0.1174 0.0
0.11764 0.0
0.11789 0.0
0.11813 0.0
0.11837 0.0
0.11862 0.0
0.11886 0.0
0.11911 0.0
0.11935 0.0
0.11959 0.0
0.11984 0.0
0.12008 0.0
0.12033 0.0
0.12057 0.0
0.12082 0.0
0.12106 0.0
0.1213 0.0
0.12155 0.0
0.12179 0.0
0.12204 0.0
0.12228 0.0
0.12252 0.0
0.12277 0.0
0.12301 0.0
0.12326 0.0
0.1235 0.0
0.12374 0.0
0.12399 0.0
0.12423 0.0
0.12448 0.0
0.12472 0.0
0.12497 0.0
0.12521 0.0
0.12545 0.0
0.1257 0.0
0.12594 0.0
0.12619 0.0
0.12643 0.0
