t strain*1e23
-0.45016 13.6
-0.44991 13.3
-0.44967 13.0
-0.44942 12.6
-0.44918 12.2
-0.44894 11.8
-0.44869 11.4
-0.44845 11.0
-0.4482 10.6
-0.44796 10.1
-0.44772 9.7
-0.44747 9.2
-0.44723 8.7
-0.44698 8.2
-0.44674 7.7
-0.4465 7.2
-0.44625 6.7
-0.44601 6.1
-0.44576 5.6
-0.44552 5.0
-0.44527 4.5
-0.44503 3.9
-0.44479 3.4
-0.44454 2.8
-0.4443 2.2
-0.44405 1.6
-0.44381 1.1
-0.44357 0.5
-0.44332 0.0
-0.44308 -0.7
-0.44283 -1.3
-0.44259 -1.8
-0.44234 -2.4
-0.4421 -3.0
-0.44186 -3.6
-0.44161 -4.1
-0.44137 -4.7
-0.44112 -5.3
-0.44088 -5.8
-0.44064 -6.4
-0.44039 -6.9
-0.44015 -7.4
-0.4399 -7.9
-0.43966 -8.4
-0.43941 -8.9
-0.43917 -9.4
-0.43893 -9.9
-0.43868 -10.4
-0.43844 -10.8
-0.43819 -11.3
-0.43795 -11.7
-0.43771 -12.1
-0.43746 -12.5
-0.43722 -12.9
-0.43697 -13.2
-0.43673 -13.6
-0.43649 -13.9
-0.43624 -14.2
-0.436 -14.5
-0.43575 -14.8
-0.43551 -15.0
-0.43526 -15.3
-0.43502 -15.5
-0.43478 -15.7
-0.43453 -15.9
-0.43429 -16.0
-0.43404 -16.2
-0.4338 -16.3
-0.43356 -16.4
-0.43331 -16.5
-0.43307 -16.5
-0.43282 -16.6
-0.43258 -16.6
-0.43233 -16.6
-0.43209 -16.6
-0.43185 -16.5
-0.4316 -16.5
-0.43136 -16.4
-0.43111 -16.3
-0.43087 -16.1
-0.43063 -16.0
-0.43038 -15.8
-0.43014 -15.6
-0.42989 -15.4
-0.42965 -15.2
-0.42941 -14.9
-0.42916 -14.7
-0.42892 -14.4
-0.42867 -14.1
-0.42843 -13.8
-0.42818 -13.4
-0.42794 -13.1
-0.4277 -12.7
-0.42745 -12.3
-0.42721 -11.9
-0.42696 -11.5
-0.42672 -11.0
-0.42648 -10.6
-0.42623 -10.1
-0.42599 -9.6
-0.42574 -9.1
-0.4255 -8.6
-0.42525 -8.1
-0.42501 -7.6
-0.42477 -7.1
-0.42452 -6.5
-0.42428 -6.0
-0.42403 -5.4
-0.42379 -4.8
-0.42355 -4.3
-0.4233 -3.7
-0.42306 -3.1
-0.42281 -2.5
-0.42257 -1.9
-0.42233 -1.3
-0.42208 -0.7
-0.42184 -0.1
-0.42159 0.5
-0.42135 1.1
-0.4211 1.7
-0.42086 2.3
-0.42062 2.9
-0.42037 3.5
-0.42013 4.0
-0.41988 4.6
-0.41964 5.2
-0.4194 5.8
-0.41915 6.3
-0.41891 6.9
-0.41866 7.4
-0.41842 8.0
-0.41817 8.5
-0.41793 9.0
-0.41769 9.5
-0.41744 10.0
-0.4172 10.5
-0.41695 10.9
-0.41671 11.4
-0.41647 11.8
-0.41622 12.2
-0.41598 12.7
-0.41573 13.0
-0.41549 13.4
-0.41525 13.8
-0.415 14.1
-0.41476 14.4
-0.41451 14.7
-0.41427 15.0
-0.41402 15.3
-0.41378 15.5
-0.41354 15.7
-0.41329 15.9
-0.41305 16.1
-0.4128 16.3
-0.41256 16.4
-0.41232 16.5
-0.41207 16.6
-0.41183 16.7
-0.41158 16.8
-0.41134 16.8
-0.41109 16.8
-0.41085 16.8
-0.41061 16.7
-0.41036 16.7
-0.41012 16.6
-0.40987 16.5
-0.40963 16.4
-0.40939 16.2
-0.40914 16.1
-0.4089 15.9
-0.40865 15.7
-0.40841 15.5
-0.40816 15.2
-0.40792 14.9
-0.40768 14.6
-0.40743 14.3
-0.40719 14.0
-0.40694 13.7
-0.4067 13.3
-0.40646 12.9
-0.40621 12.5
-0.40597 12.1
-0.40572 11.7
-0.40548 11.2
-0.40524 10.8
-0.40499 10.3
-0.40475 9.8
-0.4045 9.3
-0.40426 8.8
-0.40401 8.2
-0.40377 7.7
-0.40353 7.2
-0.40328 6.6
-0.40304 6.0
-0.40279 5.5
-0.40255 4.9
-0.40231 4.3
-0.40206 3.7
-0.40182 3.1
-0.40157 2.5
-0.40133 1.9
-0.40108 1.2
-0.40084 0.6
-0.4006 0.0
-0.40035 -0.6
-0.40011 -1.2
-0.39986 -1.8
-0.39962 -2.4
-0.39938 -3.1
-0.39913 -3.7
-0.39889 -4.3
-0.39864 -4.9
-0.3984 -5.4
-0.39816 -6.0
-0.39791 -6.6
-0.39767 -7.2
-0.39742 -7.7
-0.39718 -8.3
-0.39693 -8.8
-0.39669 -9.3
-0.39645 -9.8
-0.3962 -10.3
-0.39596 -10.8
-0.39571 -11.3
-0.39547 -11.8
-0.39523 -12.2
-0.39498 -12.6
-0.39474 -13.0
-0.39449 -13.4
-0.39425 -13.8
-0.394 -14.2
-0.39376 -14.5
-0.39352 -14.8
-0.39327 -15.1
-0.39303 -15.4
-0.39278 -15.6
-0.39254 -15.9
-0.3923 -16.1
-0.39205 -16.3
-0.39181 -16.4
-0.39156 -16.6
-0.39132 -16.7
-0.39108 -16.8
-0.39083 -16.9
-0.39059 -16.9
-0.39034 -17.0
-0.3901 -17.0
-0.38985 -17.0
-0.38961 -16.9
-0.38937 -16.9
-0.38912 -16.8
-0.38888 -16.7
-0.38863 -16.6
-0.38839 -16.4
-0.38815 -16.3
-0.3879 -16.1
-0.38766 -15.8
-0.38741 -15.6
-0.38717 -15.3
-0.38692 -15.1
-0.38668 -14.8
-0.38644 -14.4
-0.38619 -14.1
-0.38595 -13.7
-0.3857 -13.4
-0.38546 -13.0
-0.38522 -12.6
-0.38497 -12.1
-0.38473 -11.7
-0.38448 -11.2
-0.38424 -10.7
-0.384 -10.2
-0.38375 -9.7
-0.38351 -9.2
-0.38326 -8.7
-0.38302 -8.1
-0.38277 -7.5
-0.38253 -7.0
-0.38229 -6.4
-0.38204 -5.8
-0.3818 -5.2
-0.38155 -4.6
-0.38131 -4.0
-0.38107 -3.4
-0.38082 -2.7
-0.38058 -2.1
-0.38033 -1.5
-0.38009 -0.8
-0.37984 -0.2
-0.3796 0.4
-0.37936 1.1
-0.37911 1.7
-0.37887 2.3
-0.37862 3.0
-0.37838 3.6
-0.37814 4.2
-0.37789 4.8
-0.37765 5.4
-0.3774 6.0
-0.37716 6.6
-0.37691 7.2
-0.37667 7.8
-0.37643 8.3
-0.37618 8.9
-0.37594 9.4
-0.37569 10.0
-0.37545 10.5
-0.37521 11.0
-0.37496 11.5
-0.37472 11.9
-0.37447 12.4
-0.37423 12.8
-0.37399 13.2
-0.37374 13.6
-0.3735 14.0
-0.37325 14.4
-0.37301 14.7
-0.37276 15.0
-0.37252 15.3
-0.37228 15.6
-0.37203 15.9
-0.37179 16.1
-0.37154 16.3
-0.3713 16.5
-0.37106 16.7
-0.37081 16.8
-0.37057 17.0
-0.37032 17.0
-0.37008 17.1
-0.36983 17.2
-0.36959 17.2
-0.36935 17.2
-0.3691 17.2
-0.36886 17.1
-0.36861 17.1
-0.36837 17.0
-0.36813 16.8
-0.36788 16.7
-0.36764 16.5
-0.36739 16.3
-0.36715 16.1
-0.36691 15.9
-0.36666 15.6
-0.36642 15.3
-0.36617 15.0
-0.36593 14.7
-0.36568 14.4
-0.36544 14.0
-0.3652 13.6
-0.36495 13.2
-0.36471 12.8
-0.36446 12.3
-0.36422 11.9
-0.36398 11.4
-0.36373 10.9
-0.36349 10.4
-0.36324 9.9
-0.363 9.3
-0.36275 8.8
-0.36251 8.2
-0.36227 7.6
-0.36202 7.0
-0.36178 6.4
-0.36153 5.8
-0.36129 5.2
-0.36105 4.6
-0.3608 4.0
-0.36056 3.3
-0.36031 2.7
-0.36007 2.0
-0.35983 1.4
-0.35958 0.7
-0.35934 0.0
-0.35909 -0.6
-0.35885 -1.2
-0.3586 -1.9
-0.35836 -2.5
-0.35812 -3.2
-0.35787 -3.8
-0.35763 -4.5
-0.35738 -5.1
-0.35714 -5.7
-0.3569 -6.4
-0.35665 -7.0
-0.35641 -7.6
-0.35616 -8.1
-0.35592 -8.7
-0.35567 -9.3
-0.35543 -9.8
-0.35519 -10.4
-0.35494 -10.9
-0.3547 -11.4
-0.35445 -11.9
-0.35421 -12.4
-0.35397 -12.8
-0.35372 -13.3
-0.35348 -13.7
-0.35323 -14.1
-0.35299 -14.5
-0.35275 -14.8
-0.3525 -15.2
-0.35226 -15.5
-0.35201 -15.8
-0.35177 -16.0
-0.35152 -16.3
-0.35128 -16.5
-0.35104 -16.7
-0.35079 -16.9
-0.35055 -17.0
-0.3503 -17.2
-0.35006 -17.3
-0.34982 -17.3
-0.34957 -17.4
-0.34933 -17.4
-0.34908 -17.4
-0.34884 -17.4
-0.34859 -17.3
-0.34835 -17.3
-0.34811 -17.2
-0.34786 -17.0
-0.34762 -16.9
-0.34737 -16.7
-0.34713 -16.5
-0.34689 -16.3
-0.34664 -16.0
-0.3464 -15.8
-0.34615 -15.5
-0.34591 -15.1
-0.34566 -14.8
-0.34542 -14.4
-0.34518 -14.0
-0.34493 -13.6
-0.34469 -13.2
-0.34444 -12.8
-0.3442 -12.3
-0.34396 -11.8
-0.34371 -11.3
-0.34347 -10.8
-0.34322 -10.3
-0.34298 -9.7
-0.34274 -9.1
-0.34249 -8.6
-0.34225 -8.0
-0.342 -7.4
-0.34176 -6.8
-0.34151 -6.1
-0.34127 -5.5
-0.34103 -4.8
-0.34078 -4.2
-0.34054 -3.5
-0.34029 -2.9
-0.34005 -2.2
-0.33981 -1.5
-0.33956 -0.9
-0.33932 -0.2
-0.33907 0.5
-0.33883 1.2
-0.33858 1.8
-0.33834 2.5
-0.3381 3.2
-0.33785 3.8
-0.33761 4.5
-0.33736 5.2
-0.33712 5.8
-0.33688 6.4
-0.33663 7.1
-0.33639 7.7
-0.33614 8.3
-0.3359 8.9
-0.33566 9.5
-0.33541 10.0
-0.33517 10.6
-0.33492 11.1
-0.33468 11.7
-0.33443 12.2
-0.33419 12.6
-0.33395 13.1
-0.3337 13.6
-0.33346 14.0
-0.33321 14.4
-0.33297 14.8
-0.33273 15.1
-0.33248 15.5
-0.33224 15.8
-0.33199 16.1
-0.33175 16.4
-0.3315 16.6
-0.33126 16.8
-0.33102 17.0
-0.33077 17.2
-0.33053 17.3
-0.33028 17.4
-0.33004 17.5
-0.3298 17.6
-0.32955 17.6
-0.32931 17.6
-0.32906 17.6
-0.32882 17.6
-0.32858 17.5
-0.32833 17.4
-0.32809 17.3
-0.32784 17.1
-0.3276 17.0
-0.32735 16.8
-0.32711 16.5
-0.32687 16.3
-0.32662 16.0
-0.32638 15.7
-0.32613 15.4
-0.32589 15.0
-0.32565 14.6
-0.3254 14.2
-0.32516 13.8
-0.32491 13.4
-0.32467 12.9
-0.32442 12.4
-0.32418 11.9
-0.32394 11.4
-0.32369 10.9
-0.32345 10.3
-0.3232 9.8
-0.32296 9.2
-0.32272 8.6
-0.32247 8.0
-0.32223 7.3
-0.32198 6.7
-0.32174 6.0
-0.3215 5.4
-0.32125 4.7
-0.32101 4.0
-0.32076 3.3
-0.32052 2.7
-0.32027 2.0
-0.32003 1.3
-0.31979 0.6
-0.31954 -0.1
-0.3193 -0.8
-0.31905 -1.5
-0.31881 -2.2
-0.31857 -2.9
-0.31832 -3.6
-0.31808 -4.3
-0.31783 -5.0
-0.31759 -5.6
-0.31734 -6.3
-0.3171 -7.0
-0.31686 -7.6
-0.31661 -8.2
-0.31637 -8.9
-0.31612 -9.5
-0.31588 -10.1
-0.31564 -10.6
-0.31539 -11.2
-0.31515 -11.7
-0.3149 -12.3
-0.31466 -12.8
-0.31441 -13.2
-0.31417 -13.7
-0.31393 -14.2
-0.31368 -14.6
-0.31344 -15.0
-0.31319 -15.4
-0.31295 -15.7
-0.31271 -16.0
-0.31246 -16.3
-0.31222 -16.6
-0.31197 -16.9
-0.31173 -17.1
-0.31149 -17.3
-0.31124 -17.5
-0.311 -17.6
-0.31075 -17.7
-0.31051 -17.8
-0.31026 -17.9
-0.31002 -17.9
-0.30978 -17.9
-0.30953 -17.9
-0.30929 -17.8
-0.30904 -17.7
-0.3088 -17.6
-0.30856 -17.5
-0.30831 -17.3
-0.30807 -17.1
-0.30782 -16.9
-0.30758 -16.6
-0.30733 -16.4
-0.30709 -16.1
-0.30685 -15.7
-0.3066 -15.4
-0.30636 -15.0
-0.30611 -14.6
-0.30587 -14.2
-0.30563 -13.7
-0.30538 -13.3
-0.30514 -12.8
-0.30489 -12.2
-0.30465 -11.7
-0.30441 -11.2
-0.30416 -10.6
-0.30392 -10.0
-0.30367 -9.4
-0.30343 -8.8
-0.30318 -8.1
-0.30294 -7.5
-0.3027 -6.8
-0.30245 -6.2
-0.30221 -5.5
-0.30196 -4.8
-0.30172 -4.1
-0.30148 -3.4
-0.30123 -2.7
-0.30099 -1.9
-0.30074 -1.2
-0.3005 -0.5
-0.30025 0.2
-0.30001 0.9
-0.29977 1.7
-0.29952 2.4
-0.29928 3.1
-0.29903 3.8
-0.29879 4.5
-0.29855 5.2
-0.2983 5.9
-0.29806 6.6
-0.29781 7.3
-0.29757 7.9
-0.29733 8.6
-0.29708 9.2
-0.29684 9.9
-0.29659 10.5
-0.29635 11.1
-0.2961 11.6
-0.29586 12.2
-0.29562 12.7
-0.29537 13.2
-0.29513 13.7
-0.29488 14.2
-0.29464 14.6
-0.2944 15.0
-0.29415 15.4
-0.29391 15.8
-0.29366 16.2
-0.29342 16.5
-0.29317 16.8
-0.29293 17.0
-0.29269 17.3
-0.29244 17.5
-0.2922 17.7
-0.29195 17.8
-0.29171 18.0
-0.29147 18.0
-0.29122 18.1
-0.29098 18.1
-0.29073 18.1
-0.29049 18.1
-0.29025 18.1
-0.29 18.0
-0.28976 17.9
-0.28951 17.7
-0.28927 17.5
-0.28902 17.3
-0.28878 17.1
-0.28854 16.8
-0.28829 16.5
-0.28805 16.2
-0.2878 15.9
-0.28756 15.5
-0.28732 15.1
-0.28707 14.7
-0.28683 14.2
-0.28658 13.8
-0.28634 13.3
-0.28609 12.7
-0.28585 12.2
-0.28561 11.6
-0.28536 11.1
-0.28512 10.5
-0.28487 9.8
-0.28463 9.2
-0.28439 8.6
-0.28414 7.9
-0.2839 7.2
-0.28365 6.5
-0.28341 5.8
-0.28316 5.1
-0.28292 4.4
-0.28268 3.6
-0.28243 2.9
-0.28219 2.2
-0.28194 1.4
-0.2817 0.7
-0.28146 0.0
-0.28121 -0.8
-0.28097 -1.6
-0.28072 -2.3
-0.28048 -3.1
-0.28024 -3.8
-0.27999 -4.6
-0.27975 -5.3
-0.2795 -6.0
-0.27926 -6.7
-0.27901 -7.4
-0.27877 -8.1
-0.27853 -8.8
-0.27828 -9.4
-0.27804 -10.1
-0.27779 -10.7
-0.27755 -11.3
-0.27731 -11.9
-0.27706 -12.5
-0.27682 -13.0
-0.27657 -13.5
-0.27633 -14.0
-0.27608 -14.5
-0.27584 -15.0
-0.2756 -15.4
-0.27535 -15.8
-0.27511 -16.2
-0.27486 -16.5
-0.27462 -16.9
-0.27438 -17.2
-0.27413 -17.4
-0.27389 -17.7
-0.27364 -17.9
-0.2734 -18.0
-0.27316 -18.2
-0.27291 -18.3
-0.27267 -18.4
-0.27242 -18.4
-0.27218 -18.4
-0.27193 -18.4
-0.27169 -18.4
-0.27145 -18.3
-0.2712 -18.2
-0.27096 -18.0
-0.27071 -17.8
-0.27047 -17.6
-0.27023 -17.4
-0.26998 -17.1
-0.26974 -16.8
-0.26949 -16.5
-0.26925 -16.1
-0.269 -15.8
-0.26876 -15.3
-0.26852 -14.9
-0.26827 -14.4
-0.26803 -13.9
-0.26778 -13.4
-0.26754 -12.9
-0.2673 -12.3
-0.26705 -11.7
-0.26681 -11.1
-0.26656 -10.5
-0.26632 -9.9
-0.26608 -9.2
-0.26583 -8.5
-0.26559 -7.8
-0.26534 -7.1
-0.2651 -6.4
-0.26485 -5.7
-0.26461 -4.9
-0.26437 -4.2
-0.26412 -3.4
-0.26388 -2.6
-0.26363 -1.9
-0.26339 -1.1
-0.26315 -0.3
-0.2629 0.5
-0.26266 1.3
-0.26241 2.0
-0.26217 2.8
-0.26192 3.6
-0.26168 4.4
-0.26144 5.1
-0.26119 5.9
-0.26095 6.6
-0.2607 7.3
-0.26046 8.0
-0.26022 8.8
-0.25997 9.4
-0.25973 10.1
-0.25948 10.8
-0.25924 11.4
-0.259 12.0
-0.25875 12.6
-0.25851 13.2
-0.25826 13.7
-0.25802 14.3
-0.25777 14.8
-0.25753 15.2
-0.25729 15.7
-0.25704 16.1
-0.2568 16.5
-0.25655 16.8
-0.25631 17.2
-0.25607 17.5
-0.25582 17.7
-0.25558 18.0
-0.25533 18.2
-0.25509 18.3
-0.25484 18.5
-0.2546 18.6
-0.25436 18.7
-0.25411 18.7
-0.25387 18.7
-0.25362 18.7
-0.25338 18.6
-0.25314 18.5
-0.25289 18.4
-0.25265 18.2
-0.2524 18.0
-0.25216 17.8
-0.25191 17.5
-0.25167 17.2
-0.25143 16.9
-0.25118 16.5
-0.25094 16.1
-0.25069 15.7
-0.25045 15.3
-0.25021 14.8
-0.24996 14.3
-0.24972 13.8
-0.24947 13.2
-0.24923 12.6
-0.24899 12.0
-0.24874 11.4
-0.2485 10.7
-0.24825 10.1
-0.24801 9.4
-0.24776 8.7
-0.24752 8.0
-0.24728 7.2
-0.24703 6.5
-0.24679 5.7
-0.24654 4.9
-0.2463 4.1
-0.24606 3.3
-0.24581 2.5
-0.24557 1.7
-0.24532 0.9
-0.24508 0.1
-0.24483 -0.7
-0.24459 -1.5
-0.24435 -2.3
-0.2441 -3.1
-0.24386 -3.9
-0.24361 -4.7
-0.24337 -5.5
-0.24313 -6.3
-0.24288 -7.1
-0.24264 -7.8
-0.24239 -8.5
-0.24215 -9.3
-0.24191 -10.0
-0.24166 -10.7
-0.24142 -11.3
-0.24117 -12.0
-0.24093 -12.6
-0.24068 -13.2
-0.24044 -13.8
-0.2402 -14.3
-0.23995 -14.9
-0.23971 -15.4
-0.23946 -15.8
-0.23922 -16.3
-0.23898 -16.7
-0.23873 -17.1
-0.23849 -17.4
-0.23824 -17.7
-0.238 -18.0
-0.23775 -18.3
-0.23751 -18.5
-0.23727 -18.6
-0.23702 -18.8
-0.23678 -18.9
-0.23653 -19.0
-0.23629 -19.0
-0.23605 -19.0
-0.2358 -19.0
-0.23556 -18.9
-0.23531 -18.8
-0.23507 -18.6
-0.23483 -18.5
-0.23458 -18.2
-0.23434 -18.0
-0.23409 -17.7
-0.23385 -17.4
-0.2336 -17.0
-0.23336 -16.6
-0.23312 -16.2
-0.23287 -15.8
-0.23263 -15.3
-0.23238 -14.8
-0.23214 -14.2
-0.2319 -13.7
-0.23165 -13.1
-0.23141 -12.4
-0.23116 -11.8
-0.23092 -11.1
-0.23067 -10.4
-0.23043 -9.7
-0.23019 -9.0
-0.22994 -8.2
-0.2297 -7.5
-0.22945 -6.7
-0.22921 -5.9
-0.22897 -5.1
-0.22872 -4.3
-0.22848 -3.5
-0.22823 -2.6
-0.22799 -1.8
-0.22775 -0.9
-0.2275 0.0
-0.22726 0.8
-0.22701 1.6
-0.22677 2.5
-0.22652 3.3
-0.22628 4.1
-0.22604 5.0
-0.22579 5.8
-0.22555 6.6
-0.2253 7.4
-0.22506 8.2
-0.22482 8.9
-0.22457 9.7
-0.22433 10.4
-0.22408 11.1
-0.22384 11.8
-0.22359 12.5
-0.22335 13.1
-0.22311 13.7
-0.22286 14.3
-0.22262 14.9
-0.22237 15.4
-0.22213 15.9
-0.22189 16.4
-0.22164 16.8
-0.2214 17.2
-0.22115 17.6
-0.22091 18.0
-0.22066 18.3
-0.22042 18.5
-0.22018 18.8
-0.21993 18.9
-0.21969 19.1
-0.21944 19.2
-0.2192 19.3
-0.21896 19.3
-0.21871 19.3
-0.21847 19.3
-0.21822 19.2
-0.21798 19.1
-0.21774 19.0
-0.21749 18.8
-0.21725 18.5
-0.217 18.3
-0.21676 18.0
-0.21651 17.6
-0.21627 17.2
-0.21603 16.8
-0.21578 16.4
-0.21554 15.9
-0.21529 15.4
-0.21505 14.8
-0.21481 14.3
-0.21456 13.7
-0.21432 13.0
-0.21407 12.4
-0.21383 11.7
-0.21358 11.0
-0.21334 10.2
-0.2131 9.5
-0.21285 8.7
-0.21261 7.9
-0.21236 7.1
-0.21212 6.3
-0.21188 5.4
-0.21163 4.6
-0.21139 3.7
-0.21114 2.8
-0.2109 2.0
-0.21066 1.1
-0.21041 0.2
-0.21017 -0.7
-0.20992 -1.6
-0.20968 -2.5
-0.20943 -3.3
-0.20919 -4.2
-0.20895 -5.1
-0.2087 -5.9
-0.20846 -6.8
-0.20821 -7.6
-0.20797 -8.4
-0.20773 -9.2
-0.20748 -10.0
-0.20724 -10.8
-0.20699 -11.5
-0.20675 -12.2
-0.2065 -12.9
-0.20626 -13.6
-0.20602 -14.2
-0.20577 -14.8
-0.20553 -15.4
-0.20528 -15.9
-0.20504 -16.4
-0.2048 -16.9
-0.20455 -17.4
-0.20431 -17.8
-0.20406 -18.1
-0.20382 -18.5
-0.20358 -18.8
-0.20333 -19.0
-0.20309 -19.2
-0.20284 -19.4
-0.2026 -19.5
-0.20235 -19.6
-0.20211 -19.7
-0.20187 -19.7
-0.20162 -19.7
-0.20138 -19.6
-0.20113 -19.5
-0.20089 -19.3
-0.20065 -19.1
-0.2004 -18.9
-0.20016 -18.6
-0.19991 -18.3
-0.19967 -17.9
-0.19942 -17.5
-0.19918 -17.1
-0.19894 -16.6
-0.19869 -16.1
-0.19845 -15.5
-0.1982 -15.0
-0.19796 -14.4
-0.19772 -13.7
-0.19747 -13.0
-0.19723 -12.3
-0.19698 -11.6
-0.19674 -10.9
-0.1965 -10.1
-0.19625 -9.3
-0.19601 -8.5
-0.19576 -7.6
-0.19552 -6.8
-0.19527 -5.9
-0.19503 -5.0
-0.19479 -4.1
-0.19454 -3.2
-0.1943 -2.3
-0.19405 -1.3
-0.19381 -0.4
-0.19357 0.5
-0.19332 1.4
-0.19308 2.4
-0.19283 3.3
-0.19259 4.2
-0.19234 5.1
-0.1921 6.0
-0.19186 6.9
-0.19161 7.8
-0.19137 8.6
-0.19112 9.5
-0.19088 10.3
-0.19064 11.1
-0.19039 11.8
-0.19015 12.6
-0.1899 13.3
-0.18966 14.0
-0.18941 14.6
-0.18917 15.3
-0.18893 15.9
-0.18868 16.4
-0.18844 16.9
-0.18819 17.4
-0.18795 17.9
-0.18771 18.3
-0.18746 18.7
-0.18722 19.0
-0.18697 19.3
-0.18673 19.5
-0.18649 19.7
-0.18624 19.9
-0.186 20.0
-0.18575 20.1
-0.18551 20.1
-0.18526 20.0
-0.18502 20.0
-0.18478 19.9
-0.18453 19.7
-0.18429 19.5
-0.18404 19.3
-0.1838 19.0
-0.18356 18.6
-0.18331 18.3
-0.18307 17.8
-0.18282 17.4
-0.18258 16.9
-0.18233 16.3
-0.18209 15.8
-0.18185 15.1
-0.1816 14.5
-0.18136 13.8
-0.18111 13.1
-0.18087 12.4
-0.18063 11.6
-0.18038 10.8
-0.18014 10.0
-0.17989 9.1
-0.17965 8.2
-0.17941 7.4
-0.17916 6.4
-0.17892 5.5
-0.17867 4.6
-0.17843 3.6
-0.17818 2.7
-0.17794 1.7
-0.1777 0.7
-0.17745 -0.2
-0.17721 -1.2
-0.17696 -2.2
-0.17672 -3.2
-0.17648 -4.1
-0.17623 -5.1
-0.17599 -6.0
-0.17574 -7.0
-0.1755 -7.9
-0.17525 -8.8
-0.17501 -9.6
-0.17477 -10.5
-0.17452 -11.3
-0.17428 -12.1
-0.17403 -12.9
-0.17379 -13.7
-0.17355 -14.4
-0.1733 -15.1
-0.17306 -15.7
-0.17281 -16.3
-0.17257 -16.9
-0.17233 -17.5
-0.17208 -18.0
-0.17184 -18.4
-0.17159 -18.8
-0.17135 -19.2
-0.1711 -19.5
-0.17086 -19.8
-0.17062 -20.0
-0.17037 -20.2
-0.17013 -20.4
-0.16988 -20.4
-0.16964 -20.5
-0.1694 -20.5
-0.16915 -20.4
-0.16891 -20.3
-0.16866 -20.1
-0.16842 -19.9
-0.16817 -19.7
-0.16793 -19.4
-0.16769 -19.0
-0.16744 -18.6
-0.1672 -18.2
-0.16695 -17.7
-0.16671 -17.2
-0.16647 -16.6
-0.16622 -16.0
-0.16598 -15.4
-0.16573 -14.7
-0.16549 -14.0
-0.16525 -13.2
-0.165 -12.4
-0.16476 -11.6
-0.16451 -10.7
-0.16427 -9.9
-0.16402 -9.0
-0.16378 -8.0
-0.16354 -7.1
-0.16329 -6.1
-0.16305 -5.1
-0.1628 -4.1
-0.16256 -3.1
-0.16232 -2.1
-0.16207 -1.1
-0.16183 0.0
-0.16158 1.0
-0.16134 2.0
-0.16109 3.0
-0.16085 4.0
-0.16061 5.0
-0.16036 6.0
-0.16012 7.0
-0.15987 8.0
-0.15963 8.9
-0.15939 9.8
-0.15914 10.7
-0.1589 11.6
-0.15865 12.5
-0.15841 13.3
-0.15816 14.1
-0.15792 14.8
-0.15768 15.6
-0.15743 16.2
-0.15719 16.9
-0.15694 17.5
-0.1567 18.0
-0.15646 18.5
-0.15621 19.0
-0.15597 19.4
-0.15572 19.8
-0.15548 20.1
-0.15524 20.4
-0.15499 20.6
-0.15475 20.7
-0.1545 20.9
-0.15426 20.9
-0.15401 20.9
-0.15377 20.9
-0.15353 20.8
-0.15328 20.6
-0.15304 20.4
-0.15279 20.1
-0.15255 19.8
-0.15231 19.5
-0.15206 19.1
-0.15182 18.6
-0.15157 18.1
-0.15133 17.5
-0.15108 16.9
-0.15084 16.3
-0.1506 15.6
-0.15035 14.9
-0.15011 14.1
-0.14986 13.3
-0.14962 12.4
-0.14938 11.6
-0.14913 10.6
-0.14889 9.7
-0.14864 8.7
-0.1484 7.8
-0.14816 6.7
-0.14791 5.7
-0.14767 4.7
-0.14742 3.6
-0.14718 2.5
-0.14693 1.5
-0.14669 0.4
-0.14645 -0.7
-0.1462 -1.8
-0.14596 -2.9
-0.14571 -3.9
-0.14547 -5.0
-0.14523 -6.1
-0.14498 -7.1
-0.14474 -8.1
-0.14449 -9.1
-0.14425 -10.1
-0.144 -11.1
-0.14376 -12.0
-0.14352 -12.9
-0.14327 -13.8
-0.14303 -14.6
-0.14278 -15.4
-0.14254 -16.1
-0.1423 -16.8
-0.14205 -17.5
-0.14181 -18.1
-0.14156 -18.7
-0.14132 -19.2
-0.14108 -19.6
-0.14083 -20.1
-0.14059 -20.4
-0.14034 -20.7
-0.1401 -21.0
-0.13985 -21.2
-0.13961 -21.3
-0.13937 -21.4
-0.13912 -21.4
-0.13888 -21.4
-0.13863 -21.3
-0.13839 -21.1
-0.13815 -20.9
-0.1379 -20.6
-0.13766 -20.3
-0.13741 -19.9
-0.13717 -19.5
-0.13692 -19.0
-0.13668 -18.4
-0.13644 -17.8
-0.13619 -17.2
-0.13595 -16.5
-0.1357 -15.8
-0.13546 -15.0
-0.13522 -14.1
-0.13497 -13.3
-0.13473 -12.4
-0.13448 -11.4
-0.13424 -10.4
-0.134 -9.4
-0.13375 -8.4
-0.13351 -7.3
-0.13326 -6.2
-0.13302 -5.1
-0.13277 -4.0
-0.13253 -2.9
-0.13229 -1.7
-0.13204 -0.6
-0.1318 0.6
-0.13155 1.7
-0.13131 2.9
-0.13107 4.0
-0.13082 5.1
-0.13058 6.3
-0.13033 7.4
-0.13009 8.4
-0.12984 9.5
-0.1296 10.5
-0.12936 11.6
-0.12911 12.5
-0.12887 13.5
-0.12862 14.4
-0.12838 15.2
-0.12814 16.1
-0.12789 16.8
-0.12765 17.6
-0.1274 18.2
-0.12716 18.9
-0.12691 19.4
-0.12667 20.0
-0.12643 20.4
-0.12618 20.8
-0.12594 21.2
-0.12569 21.5
-0.12545 21.7
-0.12521 21.8
-0.12496 21.9
-0.12472 21.9
-0.12447 21.9
-0.12423 21.8
-0.12399 21.6
-0.12374 21.4
-0.1235 21.1
-0.12325 20.8
-0.12301 20.3
-0.12276 19.9
-0.12252 19.3
-0.12228 18.7
-0.12203 18.1
-0.12179 17.4
-0.12154 16.6
-0.1213 15.8
-0.12106 14.9
-0.12081 14.0
-0.12057 13.1
-0.12032 12.1
-0.12008 11.0
-0.11983 10.0
-0.11959 8.9
-0.11935 7.7
-0.1191 6.6
-0.11886 5.4
-0.11861 4.2
-0.11837 3.0
-0.11813 1.8
-0.11788 0.6
-0.11764 -0.6
-0.11739 -1.9
-0.11715 -3.1
-0.11691 -4.3
-0.11666 -5.5
-0.11642 -6.7
-0.11617 -7.9
-0.11593 -9.0
-0.11568 -10.2
-0.11544 -11.3
-0.1152 -12.3
-0.11495 -13.3
-0.11471 -14.3
-0.11446 -15.3
-0.11422 -16.2
-0.11398 -17.0
-0.11373 -17.8
-0.11349 -18.6
-0.11324 -19.2
-0.113 -19.9
-0.11275 -20.4
-0.11251 -20.9
-0.11227 -21.4
-0.11202 -21.7
-0.11178 -22.0
-0.11153 -22.3
-0.11129 -22.4
-0.11105 -22.5
-0.1108 -22.5
-0.11056 -22.5
-0.11031 -22.4
-0.11007 -22.2
-0.10983 -21.9
-0.10958 -21.6
-0.10934 -21.2
-0.10909 -20.7
-0.10885 -20.1
-0.1086 -19.5
-0.10836 -18.8
-0.10812 -18.1
-0.10787 -17.3
-0.10763 -16.5
-0.10738 -15.5
-0.10714 -14.6
-0.1069 -13.6
-0.10665 -12.5
-0.10641 -11.4
-0.10616 -10.3
-0.10592 -9.1
-0.10567 -7.9
-0.10543 -6.7
-0.10519 -5.4
-0.10494 -4.1
-0.1047 -2.8
-0.10445 -1.5
-0.10421 -0.2
-0.10397 1.1
-0.10372 2.4
-0.10348 3.8
-0.10323 5.1
-0.10299 6.3
-0.10275 7.6
-0.1025 8.9
-0.10226 10.1
-0.10201 11.3
-0.10177 12.4
-0.10152 13.5
-0.10128 14.6
-0.10104 15.6
-0.10079 16.6
-0.10055 17.5
-0.1003 18.3
-0.10006 19.1
-0.09982 19.9
-0.09957 20.5
-0.09933 21.1
-0.09908 21.7
-0.09884 22.1
-0.09859 22.5
-0.09835 22.8
-0.09811 23.0
-0.09786 23.1
-0.09762 23.2
-0.09737 23.2
-0.09713 23.1
-0.09689 22.9
-0.09664 22.6
-0.0964 22.3
-0.09615 21.9
-0.09591 21.4
-0.09566 20.8
-0.09542 20.2
-0.09518 19.5
-0.09493 18.7
-0.09469 17.8
-0.09444 16.9
-0.0942 15.9
-0.09396 14.8
-0.09371 13.7
-0.09347 12.6
-0.09322 11.4
-0.09298 10.2
-0.09274 8.9
-0.09249 7.6
-0.09225 6.2
-0.092 4.8
-0.09176 3.5
-0.09151 2.0
-0.09127 0.6
-0.09103 -0.8
-0.09078 -2.2
-0.09054 -3.6
-0.09029 -5.0
-0.09005 -6.4
-0.08981 -7.8
-0.08956 -9.1
-0.08932 -10.5
-0.08907 -11.7
-0.08883 -13.0
-0.08858 -14.2
-0.08834 -15.3
-0.0881 -16.4
-0.08785 -17.4
-0.08761 -18.4
-0.08736 -19.3
-0.08712 -20.1
-0.08688 -20.9
-0.08663 -21.6
-0.08639 -22.2
-0.08614 -22.7
-0.0859 -23.1
-0.08566 -23.5
-0.08541 -23.7
-0.08517 -23.9
-0.08492 -24.0
-0.08468 -23.9
-0.08443 -23.8
-0.08419 -23.6
-0.08395 -23.4
-0.0837 -23.0
-0.08346 -22.5
-0.08321 -21.9
-0.08297 -21.3
-0.08273 -20.6
-0.08248 -19.8
-0.08224 -18.9
-0.08199 -17.9
-0.08175 -16.9
-0.0815 -15.8
-0.08126 -14.6
-0.08102 -13.4
-0.08077 -12.1
-0.08053 -10.7
-0.08028 -9.3
-0.08004 -7.9
-0.0798 -6.5
-0.07955 -5.0
-0.07931 -3.5
-0.07906 -1.9
-0.07882 -0.4
-0.07858 1.2
-0.07833 2.7
-0.07809 4.2
-0.07784 5.8
-0.0776 7.3
-0.07735 8.8
-0.07711 10.2
-0.07687 11.6
-0.07662 13.0
-0.07638 14.3
-0.07613 15.6
-0.07589 16.8
-0.07565 17.9
-0.0754 19.0
-0.07516 20.0
-0.07491 20.9
-0.07467 21.7
-0.07442 22.4
-0.07418 23.1
-0.07394 23.6
-0.07369 24.1
-0.07345 24.4
-0.0732 24.6
-0.07296 24.8
-0.07272 24.8
-0.07247 24.8
-0.07223 24.6
-0.07198 24.3
-0.07174 23.9
-0.0715 23.4
-0.07125 22.8
-0.07101 22.2
-0.07076 21.4
-0.07052 20.5
-0.07027 19.5
-0.07003 18.5
-0.06979 17.3
-0.06954 16.1
-0.0693 14.8
-0.06905 13.4
-0.06881 12.0
-0.06857 10.5
-0.06832 9.0
-0.06808 7.4
-0.06783 5.8
-0.06759 4.1
-0.06734 2.4
-0.0671 0.7
-0.06686 -1.0
-0.06661 -2.7
-0.06637 -4.4
-0.06612 -6.0
-0.06588 -7.7
-0.06564 -9.3
-0.06539 -10.9
-0.06515 -12.4
-0.0649 -13.9
-0.06466 -15.4
-0.06441 -16.7
-0.06417 -18.0
-0.06393 -19.2
-0.06368 -20.3
-0.06344 -21.4
-0.06319 -22.3
-0.06295 -23.2
-0.06271 -23.9
-0.06246 -24.5
-0.06222 -25.0
-0.06197 -25.4
-0.06173 -25.7
-0.06149 -25.8
-0.06124 -25.8
-0.061 -25.7
-0.06075 -25.5
-0.06051 -25.2
-0.06026 -24.7
-0.06002 -24.1
-0.05978 -23.4
-0.05953 -22.6
-0.05929 -21.6
-0.05904 -20.6
-0.0588 -19.4
-0.05856 -18.2
-0.05831 -16.8
-0.05807 -15.4
-0.05782 -13.8
-0.05758 -12.3
-0.05733 -10.6
-0.05709 -8.9
-0.05685 -7.1
-0.0566 -5.3
-0.05636 -3.4
-0.05611 -1.6
-0.05587 0.3
-0.05563 2.2
-0.05538 4.1
-0.05514 5.9
-0.05489 7.8
-0.05465 9.6
-0.05441 11.4
-0.05416 13.1
-0.05392 14.8
-0.05367 16.3
-0.05343 17.8
-0.05318 19.3
-0.05294 20.6
-0.0527 21.8
-0.05245 22.9
-0.05221 23.9
-0.05196 24.7
-0.05172 25.5
-0.05148 26.1
-0.05123 26.5
-0.05099 26.8
-0.05074 27.0
-0.0505 27.0
-0.05025 26.9
-0.05001 26.6
-0.04977 26.2
-0.04952 25.6
-0.04928 24.9
-0.04903 24.1
-0.04879 23.1
-0.04855 21.9
-0.0483 20.7
-0.04806 19.3
-0.04781 17.8
-0.04757 16.2
-0.04733 14.5
-0.04708 12.7
-0.04684 10.8
-0.04659 8.9
-0.04635 6.8
-0.0461 4.8
-0.04586 2.7
-0.04562 0.6
-0.04537 -1.6
-0.04513 -3.7
-0.04488 -5.8
-0.04464 -7.9
-0.0444 -10.0
-0.04415 -12.0
-0.04391 -13.9
-0.04366 -15.8
-0.04342 -17.6
-0.04317 -19.2
-0.04293 -20.8
-0.04269 -22.3
-0.04244 -23.6
-0.0422 -24.8
-0.04195 -25.8
-0.04171 -26.7
-0.04147 -27.4
-0.04122 -27.9
-0.04098 -28.3
-0.04073 -28.5
-0.04049 -28.5
-0.04025 -28.3
-0.04 -27.9
-0.03976 -27.4
-0.03951 -26.7
-0.03927 -25.8
-0.03902 -24.7
-0.03878 -23.4
-0.03854 -22.0
-0.03829 -20.5
-0.03805 -18.7
-0.0378 -16.9
-0.03756 -14.9
-0.03732 -12.9
-0.03707 -10.7
-0.03683 -8.4
-0.03658 -6.1
-0.03634 -3.7
-0.03609 -1.3
-0.03585 1.2
-0.03561 3.7
-0.03536 6.1
-0.03512 8.5
-0.03487 10.9
-0.03463 13.2
-0.03439 15.4
-0.03414 17.6
-0.0339 19.6
-0.03365 21.4
-0.03341 23.2
-0.03316 24.8
-0.03292 26.2
-0.03268 27.4
-0.03243 28.4
-0.03219 29.2
-0.03194 29.8
-0.0317 30.1
-0.03146 30.3
-0.03121 30.2
-0.03097 29.9
-0.03072 29.3
-0.03048 28.5
-0.03024 27.5
-0.02999 26.2
-0.02975 24.7
-0.0295 23.0
-0.02926 21.2
-0.02901 19.1
-0.02877 16.9
-0.02853 14.5
-0.02828 11.9
-0.02804 9.3
-0.02779 6.5
-0.02755 3.7
-0.02731 0.8
-0.02706 -2.1
-0.02682 -5.0
-0.02657 -7.9
-0.02633 -10.7
-0.02608 -13.5
-0.02584 -16.2
-0.0256 -18.7
-0.02535 -21.1
-0.02511 -23.3
-0.02486 -25.4
-0.02462 -27.2
-0.02438 -28.8
-0.02413 -30.1
-0.02389 -31.2
-0.02364 -32.0
-0.0234 -32.4
-0.02316 -32.6
-0.02291 -32.5
-0.02267 -32.0
-0.02242 -31.2
-0.02218 -30.1
-0.02193 -28.7
-0.02169 -27.0
-0.02145 -25.0
-0.0212 -22.7
-0.02096 -20.2
-0.02071 -17.4
-0.02047 -14.4
-0.02023 -11.2
-0.01998 -7.9
-0.01974 -4.5
-0.01949 -1.0
-0.01925 2.6
-0.019 6.2
-0.01876 9.7
-0.01852 13.2
-0.01827 16.6
-0.01803 19.8
-0.01778 22.8
-0.01754 25.6
-0.0173 28.1
-0.01705 30.3
-0.01681 32.2
-0.01656 33.7
-0.01632 34.8
-0.01608 35.4
-0.01583 35.7
-0.01559 35.4
-0.01534 34.7
-0.0151 33.6
-0.01485 32.0
-0.01461 29.9
-0.01437 27.4
-0.01412 24.5
-0.01388 21.2
-0.01363 17.6
-0.01339 13.6
-0.01315 9.4
-0.0129 5.0
-0.01266 0.5
-0.01241 -4.2
-0.01217 -8.8
-0.01192 -13.4
-0.01168 -17.8
-0.01144 -22.0
-0.01119 -26.0
-0.01095 -29.5
-0.0107 -32.7
-0.01046 -35.3
-0.01022 -37.4
-0.00997 -38.9
-0.00973 -39.7
-0.00948 -39.7
-0.00924 -39.1
-0.009 -37.7
-0.00875 -35.6
-0.00851 -32.7
-0.00826 -29.1
-0.00802 -24.8
-0.00777 -19.9
-0.00753 -14.5
-0.00729 -8.7
-0.00704 -2.5
-0.0068 3.9
-0.00655 10.3
-0.00631 16.7
-0.00607 22.8
-0.00582 28.5
-0.00558 33.6
-0.00533 38.0
-0.00509 41.5
-0.00484 43.9
-0.0046 45.2
-0.00436 45.2
-0.00411 43.9
-0.00387 41.1
-0.00362 37.0
-0.00338 31.5
-0.00314 24.8
-0.00289 17.0
-0.00265 8.2
-0.0024 -1.1
-0.00216 -10.7
-0.00191 -20.3
-0.00167 -29.3
-0.00143 -37.4
-0.00118 -44.1
-0.00094 -48.8
-0.00069 -51.1
-0.00045 -50.6
-0.00021 -47.1
4e-05 -40.4
0.00028 -30.8
0.00053 -18.8
0.00077 -5.2
0.00101 9.0
0.00126 22.6
0.0015 34.1
0.00175 42.5
0.00199 46.8
0.00224 46.4
0.00248 41.4
0.00272 32.2
0.00297 20.1
0.00321 6.3
0.00346 -7.4
0.0037 -19.4
0.00394 -28.3
0.00419 -33.2
0.00443 -33.7
0.00468 -30.1
0.00492 -23.0
0.00517 -13.7
0.00541 -3.5
0.00565 6.1
0.0059 14.0
0.00614 19.2
0.00639 21.3
0.00663 20.4
0.00687 16.8
0.00712 11.3
0.00736 4.9
0.00761 -1.4
0.00785 -6.9
0.00809 -10.7
0.00834 -12.6
0.00858 -12.5
0.00883 -10.7
0.00907 -7.6
0.00932 -3.7
0.00956 0.2
0.0098 3.7
0.01005 6.2
0.01029 7.5
0.01054 7.6
0.01078 6.6
0.01102 4.7
0.01127 2.4
0.01151 0.0
0.01176 -2.1
0.012 -3.7
0.01225 -4.5
0.01249 -4.6
0.01273 -4.0
0.01298 -2.9
0.01322 -1.5
0.01347 0.0
0.01371 1.2
0.01395 2.2
0.0142 2.7
0.01444 2.8
0.01469 2.4
0.01493 1.8
0.01517 0.9
0.01542 0.0
0.01566 -0.7
0.01591 -1.3
0.01615 -1.7
0.0164 -1.7
0.01664 -1.5
0.01688 -1.1
0.01713 -0.6
0.01737 0.0
0.01762 0.4
0.01786 0.8
0.0181 1.0
0.01835 1.0
0.01859 0.9
0.01884 0.7
0.01908 0.4
0.01933 0.0
0.01957 -0.3
0.01981 -0.5
0.02006 -0.6
0.0203 -0.6
0.02055 -0.6
0.02079 -0.4
0.02103 -0.2
0.02128 0.0
0.02152 0.2
0.02177 0.3
0.02201 0.4
0.02225 0.4
0.0225 0.3
0.02274 0.3
0.02299 0.1
0.02323 0.0
0.02348 0.0
0.02372 -0.2
0.02396 -0.2
0.02421 -0.2
0.02445 -0.2
0.0247 -0.2
0.02494 0.0
0.02518 0.0
0.02543 0.0
0.02567 0.1
0.02592 0.1
0.02616 0.1
0.02641 0.1
0.02665 0.0
0.02689 0.0
0.02714 0.0
0.02738 0.0
0.02763 0.0
0.02787 0.0
0.02811 0.0
0.02836 0.0
0.0286 0.0
0.02885 0.0
0.02909 0.0
0.02934 0.0
0.02958 0.0
0.02982 0.0
0.03007 0.0
0.03031 0.0
0.03056 0.0
0.0308 0.0
0.03104 0.0
0.03129 0.0
0.03153 0.0
0.03178 0.0
0.03202 0.0
0.03226 0.0
0.03251 0.0
0.03275 0.0
0.033 0.0
0.03324 0.0
0.03349 0.0
0.03373 0.0
0.03397 0.0
0.03422 0.0
0.03446 0.0
0.03471 0.0
0.03495 0.0
0.03519 0.0
0.03544 0.0
0.03568 0.0
0.03593 0.0
0.03617 0.0
0.03642 0.0
0.03666 0.0
0.0369 0.0
0.03715 0.0
0.03739 0.0
0.03764 0.0
0.03788 0.0
0.03812 0.0
0.03837 0.0
0.03861 0.0
0.03886 0.0
0.0391 0.0
0.03934 0.0
0.03959 0.0
0.03983 0.0
0.04008 0.0
0.04032 0.0
0.04057 0.0
0.04081 0.0
0.04105 0.0
0.0413 0.0
0.04154 0.0
0.04179 0.0
0.04203 0.0
0.04227 0.0
0.04252 0.0
0.04276 0.0
0.04301 0.0
0.04325 0.0
0.0435 0.0
0.04374 0.0
0.04398 0.0
0.04423 0.0
0.04447 0.0
0.04472 0.0
0.04496 0.0
0.0452 0.0
0.04545 0.0
0.04569 0.0
0.04594 0.0
0.04618 0.0
0.04642 0.0
0.04667 0.0
0.04691 0.0
0.04716 0.0
0.0474 0.0
0.04765 0.0
0.04789 0.0
0.04813 0.0
0.04838 0.0
0.04862 0.0
0.04887 0.0
0.04911 0.0
0.04935 0.0
0.0496 0.0
0.04984 0.0
0.05009 0.0
0.05033 0.0
0.05058 0.0
0.05082 0.0
0.05106 0.0
0.05131 0.0
0.05155 0.0
0.0518 0.0
0.05204 0.0
0.05228 0.0
0.05253 0.0
0.05277 0.0
0.05302 0.0
0.05326 0.0
0.0535 0.0
0.05375 0.0
0.05399 0.0
0.05424 0.0
0.05448 0.0
0.05473 0.0
0.05497 0.0
0.05521 0.0
0.05546 0.0
0.0557 0.0
0.05595 0.0
0.05619 0.0
0.05643 0.0
0.05668 0.0
0.05692 0.0
0.05717 0.0
0.05741 0.0
0.05766 0.0
0.0579 0.0
0.05814 0.0
0.05839 0.0
0.05863 0.0
0.05888 0.0
0.05912 0.0
0.05936 0.0
0.05961 0.0
0.05985 0.0
0.0601 0.0
0.06034 0.0
0.06059 0.0
0.06083 0.0
0.06107 0.0
0.06132 0.0
0.06156 0.0
0.06181 0.0
0.06205 0.0
0.06229 0.0
0.06254 0.0
0.06278 0.0
0.06303 0.0
0.06327 0.0
0.06351 0.0
0.06376 0.0
0.064 0.0
0.06425 0.0
0.06449 0.0
0.06474 0.0
0.06498 0.0
0.06522 0.0
0.06547 0.0
0.06571 0.0
0.06596 0.0
0.0662 0.0
0.06644 0.0
0.06669 0.0
0.06693 0.0
0.06718 0.0
0.06742 0.0
0.06767 0.0
0.06791 0.0
0.06815 0.0
0.0684 0.0
0.06864 0.0
0.06889 0.0
0.06913 0.0
0.06937 0.0
0.06962 0.0
0.06986 0.0
0.07011 0.0
0.07035 0.0
0.07059 0.0
0.07084 0.0
0.07108 0.0
0.07133 0.0
0.07157 0.0
0.07182 0.0
0.07206 0.0
0.0723 0.0
0.07255 0.0
0.07279 0.0
0.07304 0.0
0.07328 0.0
0.07352 0.0
0.07377 0.0
0.07401 0.0
0.07426 0.0
0.0745 0.0
0.07475 0.0
0.07499 0.0
0.07523 0.0
0.07548 0.0
0.07572 0.0
0.07597 0.0
0.07621 0.0
0.07645 0.0
0.0767 0.0
0.07694 0.0
0.07719 0.0
0.07743 0.0
0.07767 0.0
0.07792 0.0
0.07816 0.0
0.07841 0.0
0.07865 0.0
0.0789 0.0
0.07914 0.0
0.07938 0.0
0.07963 0.0
0.07987 0.0
0.08012 0.0
0.08036 0.0
0.0806 0.0
0.08085 0.0
0.08109 0.0
0.08134 0.0
0.08158 0.0
0.08183 0.0
0.08207 0.0
0.08231 0.0
0.08256 0.0
0.0828 0.0
0.08305 0.0
0.08329 0.0
0.08353 0.0
0.08378 0.0
0.08402 0.0
0.08427 0.0
0.08451 0.0
0.08475 0.0
0.085 0.0
0.08524 0.0
0.08549 0.0
0.08573 0.0
0.08598 0.0
0.08622 0.0
0.08646 0.0
0.08671 0.0
0.08695 0.0
0.0872 0.0
0.08744 0.0
0.08768 0.0
0.08793 0.0
0.08817 0.0
0.08842 0.0
0.08866 0.0
0.08891 0.0
0.08915 0.0
0.08939 0.0
0.08964 0.0
0.08988 0.0
0.09013 0.0
0.09037 0.0
0.09061 0.0
0.09086 0.0
0.0911 0.0
0.09135 0.0
0.09159 0.0
0.09184 0.0
0.09208 0.0
0.09232 0.0
0.09257 0.0
0.09281 0.0
0.09306 0.0
0.0933 0.0
0.09354 0.0
0.09379 0.0
0.09403 0.0
0.09428 0.0
0.09452 0.0
0.09476 0.0
0.09501 0.0
0.09525 0.0
0.0955 0.0
0.09574 0.0
0.09599 0.0
0.09623 0.0
0.09647 0.0
0.09672 0.0
0.09696 0.0
0.09721 0.0
0.09745 0.0
0.09769 0.0
0.09794 0.0
0.09818 0.0
0.09843 0.0
0.09867 0.0
0.09892 0.0
0.09916 0.0
0.0994 0.0
0.09965 0.0
0.09989 0.0
0.10014 0.0
0.10038 0.0
0.10062 0.0
0.10087 0.0
0.10111 0.0
0.10136 0.0
0.1016 0.0
0.10184 0.0
0.10209 0.0
0.10233 0.0
0.10258 0.0
0.10282 0.0
0.10307 0.0
0.10331 0.0
0.10355 0.0
0.1038 0.0
0.10404 0.0
0.10429 0.0
0.10453 0.0
0.10477 0.0
0.10502 0.0
0.10526 0.0
0.10551 0.0
0.10575 0.0
0.106 0.0
0.10624 0.0
0.10648 0.0
0.10673 0.0
0.10697 0.0
0.10722 0.0
0.10746 0.0
0.1077 0.0
0.10795 0.0
0.10819 0.0
0.10844 0.0
0.10868 0.0
0.10892 0.0
0.10917 0.0
0.10941 0.0
0.10966 0.0
0.1099 0.0
0.11015 0.0
0.11039 0.0
0.11063 0.0
0.11088 0.0
0.11112 0.0
0.11137 0.0
0.11161 0.0
0.11185 0.0
0.1121 0.0
0.11234 0.0
0.11259 0.0
0.11283 0.0
0.11308 0.0
0.11332 0.0
0.11356 0.0
0.11381 0.0
0.11405 0.0
0.1143 0.0
0.11454 0.0
0.11478 0.0
0.11503 0.0
0.11527 0.0
0.11552 0.0
0.11576 0.0
0.116 0.0
0.11625 0.0
0.11649 0.0
0.11674 0.0
0.11698 0.0
0.11723 0.0
0.11747 0.0
0.11771 0.0
0.11796 0.0
0.1182 0.0
0.11845 0.0
0.11869 0.0
0.11893 0.0
0.11918 0.0
0.11942 0.0
0.11967 0.0
0.11991 0.0
0.12016 0.0
0.1204 0.0
0.12064 0.0
0.12089 0.0
0.12113 0.0
0.12138 0.0
0.12162 0.0
0.12186 0.0
0.12211 0.0
0.12235 0.0
0.1226 0.0
0.12284 0.0
0.12309 0.0
0.12333 0.0
0.12357 0.0
0.12382 0.0
0.12406 0.0
0.12431 0.0
0.12455 0.0
0.12479 0.0
0.12504 0.0
0.12528 0.0
0.12553 0.0
0.12577 0.0
0.12601 0.0
0.12626 0.0
0.1265 0.0
0.12675 0.0
0.12699 0.0
0.12724 0.0
0.12748 0.0
0.12772 0.0
0.12797 0.0
0.12821 0.0
0.12846 0.0
0.1287 0.0
0.12894 0.0
0.12919 0.0
0.12943 0.0
0.12968 0.0
0.12992 0.0
0.13017 0.0
0.13041 0.0
0.13065 0.0
0.1309 0.0
0.13114 0.0
0.13139 0.0
0.13163 0.0
0.13187 0.0
0.13212 0.0
0.13236 0.0
0.13261 0.0
0.13285 0.0
0.13309 0.0
0.13334 0.0
0.13358 0.0
0.13383 0.0
0.13407 0.0
0.13432 0.0
0.13456 0.0
0.1348 0.0
0.13505 0.0
0.13529 0.0
0.13554 0.0
0.13578 0.0
0.13602 0.0
0.13627 0.0
0.13651 0.0
0.13676 0.0
0.137 0.0
0.13725 0.0
0.13749 0.0
0.13773 0.0
0.13798 0.0
0.13822 0.0
0.13847 0.0
0.13871 0.0
0.13895 0.0
0.1392 0.0
0.13944 0.0
0.13969 0.0
0.13993 0.0
0.14017 0.0
0.14042 0.0
0.14066 0.0
0.14091 0.0
0.14115 0.0
0.1414 0.0
0.14164 0.0
0.14188 0.0
0.14213 0.0
0.14237 0.0
0.14262 0.0
0.14286 0.0
0.1431 0.0
0.14335 0.0
0.14359 0.0
0.14384 0.0
0.14408 0.0
0.14433 0.0
0.14457 0.0
0.14481 0.0
0.14506 0.0
0.1453 0.0
0.14555 0.0
0.14579 0.0
0.14603 0.0
0.14628 0.0
0.14652 0.0
0.14677 0.0
0.14701 0.0
0.14725 0.0
0.1475 0.0
0.14774 0.0
0.14799 0.0
0.14823 0.0
0.14848 0.0
0.14872 0.0
0.14896 0.0
0.14921 0.0
0.14945 0.0
0.1497 0.0
0.14994 0.0
0.15018 0.0
0.15043 0.0
0.15067 0.0
0.15092 0.0
0.15116 0.0
0.15141 0.0
0.15165 0.0
0.15189 0.0
0.15214 0.0
0.15238 0.0
0.15263 0.0
0.15287 0.0
0.15311 0.0
0.15336 0.0
0.1536 0.0
0.15385 0.0
0.15409 0.0
0.15434 0.0
0.15458 0.0
0.15482 0.0
0.15507 0.0
0.15531 0.0
0.15556 0.0
0.1558 0.0
0.15604 0.0
0.15629 0.0
0.15653 0.0
0.15678 0.0
0.15702 0.0
0.15726 0.0
0.15751 0.0
0.15775 0.0
0.158 0.0
0.15824 0.0
0.15849 0.0
0.15873 0.0
0.15897 0.0
0.15922 0.0
