t strain*1e23
-0.30347 9.6
-0.30322 9.6
-0.30298 9.5
-0.30273 9.4
-0.30249 9.3
-0.30225 9.2
-0.302 9.1
-0.30176 9.0
-0.30151 8.8
-0.30127 8.7
-0.30103 8.5
-0.30078 8.4
-0.30054 8.2
-0.30029 8.0
-0.30005 7.8
-0.2998 7.6
-0.29956 7.4
-0.29932 7.2
-0.29907 7.0
-0.29883 6.7
-0.29858 6.5
-0.29834 6.2
-0.2981 6.0
-0.29785 5.7
-0.29761 5.5
-0.29736 5.2
-0.29712 4.9
-0.29688 4.6
-0.29663 4.3
-0.29639 4.0
-0.29614 3.7
-0.2959 3.4
-0.29565 3.1
-0.29541 2.8
-0.29517 2.5
-0.29492 2.2
-0.29468 1.9
-0.29443 1.5
-0.29419 1.2
-0.29395 0.9
-0.2937 0.6
-0.29346 0.2
-0.29321 -0.1
-0.29297 -0.4
-0.29272 -0.8
-0.29248 -1.1
-0.29224 -1.4
-0.29199 -1.7
-0.29175 -2.1
-0.2915 -2.4
-0.29126 -2.7
-0.29102 -3.0
-0.29077 -3.3
-0.29053 -3.7
-0.29028 -4.0
-0.29004 -4.3
-0.28979 -4.6
-0.28955 -4.8
-0.28931 -5.1
-0.28906 -5.4
-0.28882 -5.7
-0.28857 -6.0
-0.28833 -6.2
-0.28809 -6.5
-0.28784 -6.7
-0.2876 -7.0
-0.28735 -7.2
-0.28711 -7.4
-0.28687 -7.7
-0.28662 -7.9
-0.28638 -8.1
-0.28613 -8.3
-0.28589 -8.4
-0.28564 -8.6
-0.2854 -8.8
-0.28516 -8.9
-0.28491 -9.1
-0.28467 -9.2
-0.28442 -9.3
-0.28418 -9.5
-0.28394 -9.6
-0.28369 -9.6
-0.28345 -9.7
-0.2832 -9.8
-0.28296 -9.9
-0.28271 -9.9
-0.28247 -9.9
-0.28223 -10.0
-0.28198 -10.0
-0.28174 -10.0
-0.28149 -10.0
-0.28125 -10.0
-0.28101 -9.9
-0.28076 -9.9
-0.28052 -9.8
-0.28027 -9.8
-0.28003 -9.7
-0.27979 -9.6
-0.27954 -9.5
-0.2793 -9.4
-0.27905 -9.3
-0.27881 -9.1
-0.27856 -9.0
-0.27832 -8.9
-0.27808 -8.7
-0.27783 -8.5
-0.27759 -8.3
-0.27734 -8.1
-0.2771 -7.9
-0.27686 -7.7
-0.27661 -7.5
-0.27637 -7.3
-0.27612 -7.0
-0.27588 -6.8
-0.27563 -6.5
-0.27539 -6.3
-0.27515 -6.0
-0.2749 -5.7
-0.27466 -5.5
-0.27441 -5.2
-0.27417 -4.9
-0.27393 -4.6
-0.27368 -4.3
-0.27344 -4.0
-0.27319 -3.6
-0.27295 -3.3
-0.27271 -3.0
-0.27246 -2.7
-0.27222 -2.3
-0.27197 -2.0
-0.27173 -1.7
-0.27148 -1.3
-0.27124 -1.0
-0.271 -0.6
-0.27075 -0.3
-0.27051 0.0
-0.27026 0.4
-0.27002 0.7
-0.26978 1.1
-0.26953 1.4
-0.26929 1.8
-0.26904 2.1
-0.2688 2.4
-0.26855 2.8
-0.26831 3.1
-0.26807 3.4
-0.26782 3.8
-0.26758 4.1
-0.26733 4.4
-0.26709 4.7
-0.26685 5.0
-0.2666 5.3
-0.26636 5.6
-0.26611 5.9
-0.26587 6.2
-0.26563 6.5
-0.26538 6.7
-0.26514 7.0
-0.26489 7.2
-0.26465 7.5
-0.2644 7.7
-0.26416 7.9
-0.26392 8.1
-0.26367 8.3
-0.26343 8.5
-0.26318 8.7
-0.26294 8.9
-0.2627 9.1
-0.26245 9.2
-0.26221 9.4
-0.26196 9.5
-0.26172 9.6
-0.26147 9.7
-0.26123 9.8
-0.26099 9.9
-0.26074 10.0
-0.2605 10.0
-0.26025 10.1
-0.26001 10.1
-0.25977 10.2
-0.25952 10.2
-0.25928 10.2
-0.25903 10.2
-0.25879 10.1
-0.25854 10.1
-0.2583 10.1
-0.25806 10.0
-0.25781 9.9
-0.25757 9.8
-0.25732 9.8
-0.25708 9.6
-0.25684 9.5
-0.25659 9.4
-0.25635 9.3
-0.2561 9.1
-0.25586 8.9
-0.25562 8.8
-0.25537 8.6
-0.25513 8.4
-0.25488 8.2
-0.25464 8.0
-0.25439 7.7
-0.25415 7.5
-0.25391 7.2
-0.25366 7.0
-0.25342 6.7
-0.25317 6.4
-0.25293 6.2
-0.25269 5.9
-0.25244 5.6
-0.2522 5.3
-0.25195 5.0
-0.25171 4.7
-0.25146 4.3
-0.25122 4.0
-0.25098 3.7
-0.25073 3.3
-0.25049 3.0
-0.25024 2.6
-0.25 2.3
-0.24976 1.9
-0.24951 1.6
-0.24927 1.2
-0.24902 0.9
-0.24878 0.5
-0.24854 0.2
-0.24829 -0.2
-0.24805 -0.6
-0.2478 -0.9
-0.24756 -1.3
-0.24731 -1.7
-0.24707 -2.0
-0.24683 -2.4
-0.24658 -2.7
-0.24634 -3.1
-0.24609 -3.4
-0.24585 -3.8
-0.24561 -4.1
-0.24536 -4.4
-0.24512 -4.8
-0.24487 -5.1
-0.24463 -5.4
-0.24438 -5.7
-0.24414 -6.0
-0.2439 -6.3
-0.24365 -6.6
-0.24341 -6.9
-0.24316 -7.1
-0.24292 -7.4
-0.24268 -7.6
-0.24243 -7.9
-0.24219 -8.1
-0.24194 -8.4
-0.2417 -8.6
-0.24146 -8.8
-0.24121 -9.0
-0.24097 -9.1
-0.24072 -9.3
-0.24048 -9.5
-0.24023 -9.6
-0.23999 -9.7
-0.23975 -9.9
-0.2395 -10.0
-0.23926 -10.1
-0.23901 -10.2
-0.23877 -10.2
-0.23853 -10.3
-0.23828 -10.3
-0.23804 -10.4
-0.23779 -10.4
-0.23755 -10.4
-0.2373 -10.4
-0.23706 -10.4
-0.23682 -10.3
-0.23657 -10.3
-0.23633 -10.2
-0.23608 -10.1
-0.23584 -10.0
-0.2356 -9.9
-0.23535 -9.8
-0.23511 -9.7
-0.23486 -9.6
-0.23462 -9.4
-0.23438 -9.3
-0.23413 -9.1
-0.23389 -8.9
-0.23364 -8.7
-0.2334 -8.5
-0.23315 -8.3
-0.23291 -8.0
-0.23267 -7.8
-0.23242 -7.5
-0.23218 -7.3
-0.23193 -7.0
-0.23169 -6.7
-0.23145 -6.4
-0.2312 -6.1
-0.23096 -5.8
-0.23071 -5.5
-0.23047 -5.2
-0.23022 -4.9
-0.22998 -4.5
-0.22974 -4.2
-0.22949 -3.8
-0.22925 -3.5
-0.229 -3.1
-0.22876 -2.7
-0.22852 -2.4
-0.22827 -2.0
-0.22803 -1.6
-0.22778 -1.3
-0.22754 -0.9
-0.22729 -0.5
-0.22705 -0.1
-0.22681 0.3
-0.22656 0.6
-0.22632 1.0
-0.22607 1.4
-0.22583 1.8
-0.22559 2.1
-0.22534 2.5
-0.2251 2.9
-0.22485 3.3
-0.22461 3.6
-0.22437 4.0
-0.22412 4.3
-0.22388 4.7
-0.22363 5.0
-0.22339 5.4
-0.22314 5.7
-0.2229 6.0
-0.22266 6.3
-0.22241 6.6
-0.22217 6.9
-0.22192 7.2
-0.22168 7.5
-0.22144 7.8
-0.22119 8.0
-0.22095 8.3
-0.2207 8.5
-0.22046 8.7
-0.22021 8.9
-0.21997 9.1
-0.21973 9.3
-0.21948 9.5
-0.21924 9.7
-0.21899 9.8
-0.21875 10.0
-0.21851 10.1
-0.21826 10.2
-0.21802 10.3
-0.21777 10.4
-0.21753 10.5
-0.21729 10.5
-0.21704 10.6
-0.2168 10.6
-0.21655 10.6
-0.21631 10.6
-0.21606 10.6
-0.21582 10.6
-0.21558 10.5
-0.21533 10.5
-0.21509 10.4
-0.21484 10.3
-0.2146 10.2
-0.21436 10.1
-0.21411 9.9
-0.21387 9.8
-0.21362 9.7
-0.21338 9.5
-0.21313 9.3
-0.21289 9.1
-0.21265 8.9
-0.2124 8.7
-0.21216 8.4
-0.21191 8.2
-0.21167 7.9
-0.21143 7.7
-0.21118 7.4
-0.21094 7.1
-0.21069 6.8
-0.21045 6.5
-0.21021 6.2
-0.20996 5.9
-0.20972 5.5
-0.20947 5.2
-0.20923 4.8
-0.20898 4.5
-0.20874 4.1
-0.2085 3.7
-0.20825 3.4
-0.20801 3.0
-0.20776 2.6
-0.20752 2.2
-0.20728 1.8
-0.20703 1.4
-0.20679 1.0
-0.20654 0.6
-0.2063 0.2
-0.20605 -0.2
-0.20581 -0.6
-0.20557 -1.0
-0.20532 -1.4
-0.20508 -1.8
-0.20483 -2.2
-0.20459 -2.6
-0.20435 -2.9
-0.2041 -3.3
-0.20386 -3.7
-0.20361 -4.1
-0.20337 -4.5
-0.20313 -4.8
-0.20288 -5.2
-0.20264 -5.5
-0.20239 -5.9
-0.20215 -6.2
-0.2019 -6.5
-0.20166 -6.9
-0.20142 -7.2
-0.20117 -7.5
-0.20093 -7.8
-0.20068 -8.0
-0.20044 -8.3
-0.2002 -8.6
-0.19995 -8.8
-0.19971 -9.0
-0.19946 -9.3
-0.19922 -9.5
-0.19897 -9.7
-0.19873 -9.8
-0.19849 -10.0
-0.19824 -10.1
-0.198 -10.3
-0.19775 -10.4
-0.19751 -10.5
-0.19727 -10.6
-0.19702 -10.7
-0.19678 -10.7
-0.19653 -10.8
-0.19629 -10.8
-0.19604 -10.8
-0.1958 -10.8
-0.19556 -10.8
-0.19531 -10.8
-0.19507 -10.7
-0.19482 -10.7
-0.19458 -10.6
-0.19434 -10.5
-0.19409 -10.4
-0.19385 -10.2
-0.1936 -10.1
-0.19336 -10.0
-0.19312 -9.8
-0.19287 -9.6
-0.19263 -9.4
-0.19238 -9.2
-0.19214 -9.0
-0.19189 -8.7
-0.19165 -8.5
-0.19141 -8.2
-0.19116 -7.9
-0.19092 -7.6
-0.19067 -7.3
-0.19043 -7.0
-0.19019 -6.7
-0.18994 -6.4
-0.1897 -6.0
-0.18945 -5.7
-0.18921 -5.3
-0.18896 -4.9
-0.18872 -4.6
-0.18848 -4.2
-0.18823 -3.8
-0.18799 -3.4
-0.18774 -3.0
-0.1875 -2.6
-0.18726 -2.2
-0.18701 -1.7
-0.18677 -1.3
-0.18652 -0.9
-0.18628 -0.5
-0.18604 0.0
-0.18579 0.4
-0.18555 0.8
-0.1853 1.2
-0.18506 1.6
-0.18481 2.1
-0.18457 2.5
-0.18433 2.9
-0.18408 3.3
-0.18384 3.7
-0.18359 4.1
-0.18335 4.5
-0.18311 4.9
-0.18286 5.3
-0.18262 5.6
-0.18237 6.0
-0.18213 6.4
-0.18188 6.7
-0.18164 7.0
-0.1814 7.4
-0.18115 7.7
-0.18091 8.0
-0.18066 8.3
-0.18042 8.6
-0.18018 8.8
-0.17993 9.1
-0.17969 9.3
-0.17944 9.5
-0.1792 9.8
-0.17896 10.0
-0.17871 10.1
-0.17847 10.3
-0.17822 10.5
-0.17798 10.6
-0.17773 10.7
-0.17749 10.8
-0.17725 10.9
-0.177 11.0
-0.17676 11.0
-0.17651 11.1
-0.17627 11.1
-0.17603 11.1
-0.17578 11.1
-0.17554 11.0
-0.17529 11.0
-0.17505 10.9
-0.1748 10.8
-0.17456 10.7
-0.17432 10.6
-0.17407 10.5
-0.17383 10.3
-0.17358 10.1
-0.17334 10.0
-0.1731 9.8
-0.17285 9.5
-0.17261 9.3
-0.17236 9.1
-0.17212 8.8
-0.17188 8.5
-0.17163 8.2
-0.17139 7.9
-0.17114 7.6
-0.1709 7.3
-0.17065 7.0
-0.17041 6.6
-0.17017 6.3
-0.16992 5.9
-0.16968 5.5
-0.16943 5.1
-0.16919 4.7
-0.16895 4.3
-0.1687 3.9
-0.16846 3.5
-0.16821 3.0
-0.16797 2.6
-0.16772 2.2
-0.16748 1.7
-0.16724 1.3
-0.16699 0.8
-0.16675 0.4
-0.1665 0.0
-0.16626 -0.5
-0.16602 -1.0
-0.16577 -1.4
-0.16553 -1.9
-0.16528 -2.3
-0.16504 -2.7
-0.16479 -3.2
-0.16455 -3.6
-0.16431 -4.0
-0.16406 -4.5
-0.16382 -4.9
-0.16357 -5.3
-0.16333 -5.7
-0.16309 -6.1
-0.16284 -6.5
-0.1626 -6.8
-0.16235 -7.2
-0.16211 -7.5
-0.16187 -7.9
-0.16162 -8.2
-0.16138 -8.5
-0.16113 -8.8
-0.16089 -9.1
-0.16064 -9.4
-0.1604 -9.6
-0.16016 -9.8
-0.15991 -10.1
-0.15967 -10.3
-0.15942 -10.5
-0.15918 -10.6
-0.15894 -10.8
-0.15869 -10.9
-0.15845 -11.0
-0.1582 -11.1
-0.15796 -11.2
-0.15771 -11.3
-0.15747 -11.3
-0.15723 -11.4
-0.15698 -11.4
-0.15674 -11.4
-0.15649 -11.3
-0.15625 -11.3
-0.15601 -11.2
-0.15576 -11.1
-0.15552 -11.0
-0.15527 -10.9
-0.15503 -10.7
-0.15479 -10.6
-0.15454 -10.4
-0.1543 -10.2
-0.15405 -10.0
-0.15381 -9.7
-0.15356 -9.5
-0.15332 -9.2
-0.15308 -8.9
-0.15283 -8.6
-0.15259 -8.3
-0.15234 -8.0
-0.1521 -7.6
-0.15186 -7.3
-0.15161 -6.9
-0.15137 -6.5
-0.15112 -6.1
-0.15088 -5.7
-0.15063 -5.3
-0.15039 -4.9
-0.15015 -4.5
-0.1499 -4.0
-0.14966 -3.6
-0.14941 -3.1
-0.14917 -2.7
-0.14893 -2.2
-0.14868 -1.7
-0.14844 -1.2
-0.14819 -0.8
-0.14795 -0.3
-0.14771 0.2
-0.14746 0.7
-0.14722 1.2
-0.14697 1.6
-0.14673 2.1
-0.14648 2.6
-0.14624 3.1
-0.146 3.5
-0.14575 4.0
-0.14551 4.4
-0.14526 4.9
-0.14502 5.3
-0.14478 5.8
-0.14453 6.2
-0.14429 6.6
-0.14404 7.0
-0.1438 7.4
-0.14355 7.7
-0.14331 8.1
-0.14307 8.5
-0.14282 8.8
-0.14258 9.1
-0.14233 9.4
-0.14209 9.7
-0.14185 10.0
-0.1416 10.2
-0.14136 10.4
-0.14111 10.6
-0.14087 10.8
-0.14063 11.0
-0.14038 11.2
-0.14014 11.3
-0.13989 11.4
-0.13965 11.5
-0.1394 11.6
-0.13916 11.6
-0.13892 11.7
-0.13867 11.7
-0.13843 11.7
-0.13818 11.6
-0.13794 11.6
-0.1377 11.5
-0.13745 11.4
-0.13721 11.3
-0.13696 11.2
-0.13672 11.0
-0.13647 10.8
-0.13623 10.6
-0.13599 10.4
-0.13574 10.2
-0.1355 9.9
-0.13525 9.6
-0.13501 9.3
-0.13477 9.0
-0.13452 8.7
-0.13428 8.4
-0.13403 8.0
-0.13379 7.6
-0.13354 7.2
-0.1333 6.8
-0.13306 6.4
-0.13281 6.0
-0.13257 5.5
-0.13232 5.1
-0.13208 4.6
-0.13184 4.1
-0.13159 3.6
-0.13135 3.1
-0.1311 2.6
-0.13086 2.1
-0.13062 1.6
-0.13037 1.1
-0.13013 0.6
-0.12988 0.0
-0.12964 -0.4
-0.12939 -0.9
-0.12915 -1.5
-0.12891 -2.0
-0.12866 -2.5
-0.12842 -3.0
-0.12817 -3.5
-0.12793 -4.0
-0.12769 -4.5
-0.12744 -5.0
-0.1272 -5.5
-0.12695 -5.9
-0.12671 -6.4
-0.12646 -6.8
-0.12622 -7.2
-0.12598 -7.7
-0.12573 -8.1
-0.12549 -8.4
-0.12524 -8.8
-0.125 -9.2
-0.12476 -9.5
-0.12451 -9.8
-0.12427 -10.1
-0.12402 -10.4
-0.12378 -10.7
-0.12354 -10.9
-0.12329 -11.1
-0.12305 -11.3
-0.1228 -11.5
-0.12256 -11.6
-0.12231 -11.8
-0.12207 -11.9
-0.12183 -12.0
-0.12158 -12.0
-0.12134 -12.0
-0.12109 -12.1
-0.12085 -12.0
-0.12061 -12.0
-0.12036 -11.9
-0.12012 -11.9
-0.11987 -11.8
-0.11963 -11.6
-0.11938 -11.5
-0.11914 -11.3
-0.1189 -11.1
-0.11865 -10.9
-0.11841 -10.6
-0.11816 -10.3
-0.11792 -10.0
-0.11768 -9.7
-0.11743 -9.4
-0.11719 -9.0
-0.11694 -8.7
-0.1167 -8.3
-0.11646 -7.9
-0.11621 -7.4
-0.11597 -7.0
-0.11572 -6.5
-0.11548 -6.1
-0.11523 -5.6
-0.11499 -5.1
-0.11475 -4.6
-0.1145 -4.1
-0.11426 -3.5
-0.11401 -3.0
-0.11377 -2.5
-0.11353 -1.9
-0.11328 -1.4
-0.11304 -0.8
-0.11279 -0.2
-0.11255 0.3
-0.1123 0.9
-0.11206 1.4
-0.11182 2.0
-0.11157 2.6
-0.11133 3.1
-0.11108 3.6
-0.11084 4.2
-0.1106 4.7
-0.11035 5.2
-0.11011 5.8
-0.10986 6.3
-0.10962 6.7
-0.10938 7.2
-0.10913 7.7
-0.10889 8.1
-0.10864 8.5
-0.1084 9.0
-0.10815 9.3
-0.10791 9.7
-0.10767 10.1
-0.10742 10.4
-0.10718 10.7
-0.10693 11.0
-0.10669 11.3
-0.10645 11.5
-0.1062 11.7
-0.10596 11.9
-0.10571 12.1
-0.10547 12.2
-0.10522 12.3
-0.10498 12.4
-0.10474 12.4
-0.10449 12.5
-0.10425 12.5
-0.104 12.4
-0.10376 12.4
-0.10352 12.3
-0.10327 12.2
-0.10303 12.1
-0.10278 11.9
-0.10254 11.7
-0.10229 11.5
-0.10205 11.2
-0.10181 11.0
-0.10156 10.7
-0.10132 10.4
-0.10107 10.0
-0.10083 9.7
-0.10059 9.3
-0.10034 8.9
-0.1001 8.4
-0.09985 8.0
-0.09961 7.5
-0.09937 7.0
-0.09912 6.5
-0.09888 6.0
-0.09863 5.4
-0.09839 4.9
-0.09814 4.3
-0.0979 3.8
-0.09766 3.2
-0.09741 2.6
-0.09717 2.0
-0.09692 1.4
-0.09668 0.8
-0.09644 0.2
-0.09619 -0.4
-0.09595 -1.1
-0.0957 -1.7
-0.09546 -2.3
-0.09521 -2.9
-0.09497 -3.5
-0.09473 -4.1
-0.09448 -4.7
-0.09424 -5.2
-0.09399 -5.8
-0.09375 -6.4
-0.09351 -6.9
-0.09326 -7.4
-0.09302 -7.9
-0.09277 -8.4
-0.09253 -8.9
-0.09229 -9.3
-0.09204 -9.8
-0.0918 -10.2
-0.09155 -10.5
-0.09131 -10.9
-0.09106 -11.2
-0.09082 -11.5
-0.09058 -11.8
-0.09033 -12.0
-0.09009 -12.3
-0.08984 -12.5
-0.0896 -12.6
-0.08936 -12.7
-0.08911 -12.8
-0.08887 -12.9
-0.08862 -12.9
-0.08838 -12.9
-0.08813 -12.9
-0.08789 -12.9
-0.08765 -12.8
-0.0874 -12.6
-0.08716 -12.5
-0.08691 -12.3
-0.08667 -12.1
-0.08643 -11.8
-0.08618 -11.5
-0.08594 -11.2
-0.08569 -10.9
-0.08545 -10.5
-0.08521 -10.1
-0.08496 -9.7
-0.08472 -9.3
-0.08447 -8.8
-0.08423 -8.3
-0.08398 -7.8
-0.08374 -7.2
-0.0835 -6.7
-0.08325 -6.1
-0.08301 -5.5
-0.08276 -4.9
-0.08252 -4.3
-0.08228 -3.6
-0.08203 -3.0
-0.08179 -2.3
-0.08154 -1.7
-0.0813 -1.0
-0.08105 -0.3
-0.08081 0.4
-0.08057 1.0
-0.08032 1.7
-0.08008 2.4
-0.07983 3.1
-0.07959 3.7
-0.07935 4.4
-0.0791 5.0
-0.07886 5.6
-0.07861 6.3
-0.07837 6.9
-0.07813 7.5
-0.07788 8.0
-0.07764 8.6
-0.07739 9.1
-0.07715 9.6
-0.0769 10.1
-0.07666 10.5
-0.07642 11.0
-0.07617 11.3
-0.07593 11.7
-0.07568 12.0
-0.07544 12.4
-0.0752 12.6
-0.07495 12.9
-0.07471 13.1
-0.07446 13.2
-0.07422 13.3
-0.07397 13.4
-0.07373 13.5
-0.07349 13.5
-0.07324 13.5
-0.073 13.4
-0.07275 13.3
-0.07251 13.2
-0.07227 13.0
-0.07202 12.8
-0.07178 12.6
-0.07153 12.3
-0.07129 12.0
-0.07104 11.6
-0.0708 11.2
-0.07056 10.8
-0.07031 10.3
-0.07007 9.8
-0.06982 9.3
-0.06958 8.8
-0.06934 8.2
-0.06909 7.6
-0.06885 7.0
-0.0686 6.4
-0.06836 5.7
-0.06812 5.0
-0.06787 4.3
-0.06763 3.6
-0.06738 2.9
-0.06714 2.1
-0.06689 1.4
-0.06665 0.6
-0.06641 -0.1
-0.06616 -0.9
-0.06592 -1.6
-0.06567 -2.4
-0.06543 -3.2
-0.06519 -3.9
-0.06494 -4.6
-0.0647 -5.4
-0.06445 -6.1
-0.06421 -6.8
-0.06396 -7.4
-0.06372 -8.1
-0.06348 -8.7
-0.06323 -9.3
-0.06299 -9.9
-0.06274 -10.4
-0.0625 -10.9
-0.06226 -11.4
-0.06201 -11.9
-0.06177 -12.3
-0.06152 -12.7
-0.06128 -13.0
-0.06104 -13.3
-0.06079 -13.6
-0.06055 -13.8
-0.0603 -13.9
-0.06006 -14.1
-0.05981 -14.1
-0.05957 -14.2
-0.05933 -14.2
-0.05908 -14.1
-0.05884 -14.0
-0.05859 -13.9
-0.05835 -13.7
-0.05811 -13.4
-0.05786 -13.1
-0.05762 -12.8
-0.05737 -12.4
-0.05713 -12.0
-0.05688 -11.6
-0.05664 -11.1
-0.0564 -10.5
-0.05615 -9.9
-0.05591 -9.3
-0.05566 -8.7
-0.05542 -8.0
-0.05518 -7.3
-0.05493 -6.6
-0.05469 -5.8
-0.05444 -5.0
-0.0542 -4.2
-0.05396 -3.4
-0.05371 -2.6
-0.05347 -1.7
-0.05322 -0.9
-0.05298 0.0
-0.05273 0.9
-0.05249 1.7
-0.05225 2.6
-0.052 3.4
-0.05176 4.3
-0.05151 5.1
-0.05127 6.0
-0.05103 6.8
-0.05078 7.5
-0.05054 8.3
-0.05029 9.0
-0.05005 9.7
-0.0498 10.4
-0.04956 11.0
-0.04932 11.6
-0.04907 12.2
-0.04883 12.7
-0.04858 13.1
-0.04834 13.6
-0.0481 13.9
-0.04785 14.2
-0.04761 14.5
-0.04736 14.7
-0.04712 14.9
-0.04688 15.0
-0.04663 15.0
-0.04639 15.0
-0.04614 14.9
-0.0459 14.8
-0.04565 14.6
-0.04541 14.4
-0.04517 14.1
-0.04492 13.7
-0.04468 13.3
-0.04443 12.8
-0.04419 12.3
-0.04395 11.7
-0.0437 11.1
-0.04346 10.4
-0.04321 9.7
-0.04297 8.9
-0.04272 8.1
-0.04248 7.3
-0.04224 6.4
-0.04199 5.5
-0.04175 4.6
-0.0415 3.6
-0.04126 2.6
-0.04102 1.6
-0.04077 0.6
-0.04053 -0.4
-0.04028 -1.4
-0.04004 -2.4
-0.03979 -3.4
-0.03955 -4.4
-0.03931 -5.4
-0.03906 -6.4
-0.03882 -7.3
-0.03857 -8.2
-0.03833 -9.1
-0.03809 -10.0
-0.03784 -10.8
-0.0376 -11.5
-0.03735 -12.2
-0.03711 -12.9
-0.03687 -13.5
-0.03662 -14.1
-0.03638 -14.6
-0.03613 -15.0
-0.03589 -15.4
-0.03564 -15.7
-0.0354 -15.9
-0.03516 -16.0
-0.03491 -16.1
-0.03467 -16.1
-0.03442 -16.0
-0.03418 -15.8
-0.03394 -15.6
-0.03369 -15.3
-0.03345 -14.9
-0.0332 -14.4
-0.03296 -13.9
-0.03271 -13.3
-0.03247 -12.6
-0.03223 -11.9
-0.03198 -11.1
-0.03174 -10.2
-0.03149 -9.3
-0.03125 -8.3
-0.03101 -7.2
-0.03076 -6.2
-0.03052 -5.1
-0.03027 -3.9
-0.03003 -2.7
-0.02979 -1.5
-0.02954 -0.3
-0.0293 0.9
-0.02905 2.2
-0.02881 3.4
-0.02856 4.6
-0.02832 5.8
-0.02808 7.0
-0.02783 8.1
-0.02759 9.2
-0.02734 10.3
-0.0271 11.3
-0.02686 12.3
-0.02661 13.2
-0.02637 14.0
-0.02612 14.8
-0.02588 15.4
-0.02563 16.0
-0.02539 16.5
-0.02515 16.9
-0.0249 17.2
-0.02466 17.4
-0.02441 17.5
-0.02417 17.5
-0.02393 17.4
-0.02368 17.1
-0.02344 16.8
-0.02319 16.4
-0.02295 15.8
-0.02271 15.1
-0.02246 14.4
-0.02222 13.5
-0.02197 12.5
-0.02173 11.5
-0.02148 10.3
-0.02124 9.1
-0.021 7.8
-0.02075 6.5
-0.02051 5.0
-0.02026 3.6
-0.02002 2.1
-0.01978 0.5
-0.01953 -1.0
-0.01929 -2.6
-0.01904 -4.2
-0.0188 -5.7
-0.01855 -7.2
-0.01831 -8.7
-0.01807 -10.2
-0.01782 -11.5
-0.01758 -12.8
-0.01733 -14.0
-0.01709 -15.2
-0.01685 -16.2
-0.0166 -17.0
-0.01636 -17.8
-0.01611 -18.4
-0.01587 -18.9
-0.01563 -19.2
-0.01538 -19.4
-0.01514 -19.4
-0.01489 -19.3
-0.01465 -18.9
-0.0144 -18.4
-0.01416 -17.7
-0.01392 -16.9
-0.01367 -15.9
-0.01343 -14.7
-0.01318 -13.4
-0.01294 -11.9
-0.0127 -10.3
-0.01245 -8.5
-0.01221 -6.7
-0.01196 -4.8
-0.01172 -2.8
-0.01147 -0.7
-0.01123 1.4
-0.01099 3.6
-0.01074 5.7
-0.0105 7.8
-0.01025 9.8
-0.01001 11.8
-0.00977 13.6
-0.00952 15.4
-0.00928 17.0
-0.00903 18.4
-0.00879 19.6
-0.00854 20.6
-0.0083 21.3
-0.00806 21.8
-0.00781 22.0
-0.00757 21.9
-0.00732 21.6
-0.00708 20.9
-0.00684 19.9
-0.00659 18.6
-0.00635 17.0
-0.0061 15.1
-0.00586 13.0
-0.00562 10.6
-0.00537 8.0
-0.00513 5.2
-0.00488 2.3
-0.00464 -0.8
-0.00439 -3.9
-0.00415 -7.0
-0.00391 -10.1
-0.00366 -13.0
-0.00342 -15.8
-0.00317 -18.3
-0.00293 -20.5
-0.00269 -22.3
-0.00244 -23.7
-0.0022 -24.6
-0.00195 -25.0
-0.00171 -24.7
-0.00146 -23.9
-0.00122 -22.4
-0.00098 -20.3
-0.00073 -17.6
-0.00049 -14.3
-0.00024 -10.5
-0.0 -6.3
0.00024 -1.8
0.00049 2.9
0.00073 7.5
0.00098 11.9
0.00122 15.9
0.00146 19.3
0.00171 21.9
0.00195 23.6
0.0022 24.4
0.00244 24.0
0.00269 22.6
0.00293 20.2
0.00317 16.8
0.00342 12.7
0.00366 8.1
0.00391 3.2
0.00415 -1.7
0.00439 -6.3
0.00464 -10.4
0.00488 -13.8
0.00513 -16.3
0.00537 -17.7
0.00562 -18.1
0.00586 -17.4
0.0061 -15.8
0.00635 -13.3
0.00659 -10.2
0.00684 -6.7
0.00708 -3.0
0.00732 0.7
0.00757 4.0
0.00781 6.8
0.00806 9.0
0.0083 10.5
0.00854 11.2
0.00879 11.2
0.00903 10.4
0.00928 9.0
0.00952 7.1
0.00977 4.9
0.01001 2.6
0.01025 0.3
0.0105 -1.8
0.01074 -3.7
0.01099 -5.1
0.01123 -6.1
0.01147 -6.6
0.01172 -6.6
0.01196 -6.1
0.01221 -5.3
0.01245 -4.2
0.0127 -2.8
0.01294 -1.5
0.01318 0.0
0.01343 1.2
0.01367 2.2
0.01392 3.1
0.01416 3.6
0.0144 3.8
0.01465 3.8
0.01489 3.5
0.01514 2.9
0.01538 2.2
0.01562 1.5
0.01587 0.6
0.01611 -0.2
0.01636 -0.9
0.0166 -1.5
0.01685 -1.9
0.01709 -2.2
0.01733 -2.3
0.01758 -2.2
0.01782 -2.0
0.01807 -1.6
0.01831 -1.2
0.01855 -0.7
0.0188 -0.2
0.01904 0.2
0.01929 0.6
0.01953 1.0
0.01978 1.2
0.02002 1.3
0.02026 1.3
0.02051 1.3
0.02075 1.1
0.021 0.9
0.02124 0.6
0.02148 0.3
0.02173 0.0
0.02197 -0.2
0.02222 -0.5
0.02246 -0.6
0.02271 -0.7
0.02295 -0.8
0.02319 -0.8
0.02344 -0.7
0.02368 -0.6
0.02393 -0.5
0.02417 -0.3
0.02441 -0.1
0.02466 0.0
0.0249 0.2
0.02515 0.3
0.02539 0.4
0.02563 0.5
0.02588 0.5
0.02612 0.5
0.02637 0.4
0.02661 0.3
0.02686 0.2
0.0271 0.1
0.02734 0.0
0.02759 0.0
0.02783 -0.1
0.02808 -0.2
0.02832 -0.2
0.02856 -0.3
0.02881 -0.3
0.02905 -0.3
0.0293 -0.2
0.02954 -0.2
0.02979 -0.1
0.03003 0.0
0.03027 0.0
0.03052 0.0
0.03076 0.0
0.03101 0.1
0.03125 0.2
0.03149 0.2
0.03174 0.2
0.03198 0.1
0.03223 0.1
0.03247 0.0
0.03271 0.0
0.03296 0.0
0.0332 0.0
0.03345 0.0
0.03369 0.0
0.03394 0.0
0.03418 0.0
0.03442 0.0
0.03467 0.0
0.03491 0.0
0.03516 0.0
0.0354 0.0
0.03564 0.0
0.03589 0.0
0.03613 0.0
0.03638 0.0
0.03662 0.0
0.03687 0.0
0.03711 0.0
0.03735 0.0
0.0376 0.0
0.03784 0.0
0.03809 0.0
0.03833 0.0
0.03857 0.0
0.03882 0.0
0.03906 0.0
0.03931 0.0
0.03955 0.0
0.03979 0.0
0.04004 0.0
0.04028 0.0
0.04053 0.0
0.04077 0.0
0.04102 0.0
0.04126 0.0
0.0415 0.0
0.04175 0.0
0.04199 0.0
0.04224 0.0
0.04248 0.0
0.04272 0.0
0.04297 0.0
0.04321 0.0
0.04346 0.0
0.0437 0.0
0.04395 0.0
0.04419 0.0
0.04443 0.0
0.04468 0.0
0.04492 0.0
0.04517 0.0
0.04541 0.0
0.04565 0.0
0.0459 0.0
0.04614 0.0
0.04639 0.0
0.04663 0.0
0.04687 0.0
0.04712 0.0
0.04736 0.0
0.04761 0.0
0.04785 0.0
0.0481 0.0
0.04834 0.0
0.04858 0.0
0.04883 0.0
0.04907 0.0
0.04932 0.0
0.04956 0.0
0.0498 0.0
0.05005 0.0
0.05029 0.0
0.05054 0.0
0.05078 0.0
0.05103 0.0
0.05127 0.0
0.05151 0.0
0.05176 0.0
0.052 0.0
0.05225 0.0
0.05249 0.0
0.05273 0.0
0.05298 0.0
0.05322 0.0
0.05347 0.0
0.05371 0.0
0.05396 0.0
0.0542 0.0
0.05444 0.0
0.05469 0.0
0.05493 0.0
0.05518 0.0
0.05542 0.0
0.05566 0.0
0.05591 0.0
0.05615 0.0
0.0564 0.0
0.05664 0.0
0.05688 0.0
0.05713 0.0
0.05737 0.0
0.05762 0.0
0.05786 0.0
0.05811 0.0
0.05835 0.0
0.05859 0.0
0.05884 0.0
0.05908 0.0
0.05933 0.0
0.05957 0.0
0.05981 0.0
0.06006 0.0
0.0603 0.0
0.06055 0.0
0.06079 0.0
0.06104 0.0
0.06128 0.0
0.06152 0.0
0.06177 0.0
0.06201 0.0
0.06226 0.0
0.0625 0.0
0.06274 0.0
0.06299 0.0
0.06323 0.0
0.06348 0.0
0.06372 0.0
0.06396 0.0
0.06421 0.0
0.06445 0.0
0.0647 0.0
0.06494 0.0
0.06519 0.0
0.06543 0.0
0.06567 0.0
0.06592 0.0
0.06616 0.0
0.06641 0.0
0.06665 0.0
0.06689 0.0
0.06714 0.0
0.06738 0.0
0.06763 0.0
0.06787 0.0
0.06812 0.0
0.06836 0.0
0.0686 0.0
0.06885 0.0
0.06909 0.0
0.06934 0.0
0.06958 0.0
0.06982 0.0
0.07007 0.0
0.07031 0.0
0.07056 0.0
0.0708 0.0
0.07104 0.0
0.07129 0.0
0.07153 0.0
0.07178 0.0
0.07202 0.0
0.07227 0.0
0.07251 0.0
0.07275 0.0
0.073 0.0
0.07324 0.0
0.07349 0.0
0.07373 0.0
0.07397 0.0
0.07422 0.0
0.07446 0.0
0.07471 0.0
0.07495 0.0
0.0752 0.0
0.07544 0.0
0.07568 0.0
0.07593 0.0
0.07617 0.0
0.07642 0.0
0.07666 0.0
0.0769 0.0
0.07715 0.0
0.07739 0.0
0.07764 0.0
0.07788 0.0
0.07812 0.0
0.07837 0.0
0.07861 0.0
0.07886 0.0
0.0791 0.0
0.07935 0.0
0.07959 0.0
0.07983 0.0
0.08008 0.0
0.08032 0.0
0.08057 0.0
0.08081 0.0
0.08105 0.0
0.0813 0.0
0.08154 0.0
0.08179 0.0
0.08203 0.0
0.08228 0.0
0.08252 0.0
0.08276 0.0
0.08301 0.0
0.08325 0.0
0.0835 0.0
0.08374 0.0
0.08398 0.0
0.08423 0.0
0.08447 0.0
0.08472 0.0
0.08496 0.0
0.08521 0.0
0.08545 0.0
0.08569 0.0
0.08594 0.0
0.08618 0.0
0.08643 0.0
0.08667 0.0
0.08691 0.0
0.08716 0.0
0.0874 0.0
0.08765 0.0
0.08789 0.0
0.08813 0.0
0.08838 0.0
0.08862 0.0
0.08887 0.0
0.08911 0.0
0.08936 0.0
0.0896 0.0
0.08984 0.0
0.09009 0.0
0.09033 0.0
0.09058 0.0
0.09082 0.0
0.09106 0.0
0.09131 0.0
0.09155 0.0
0.0918 0.0
0.09204 0.0
0.09229 0.0
0.09253 0.0
0.09277 0.0
0.09302 0.0
0.09326 0.0
0.09351 0.0
0.09375 0.0
0.09399 0.0
0.09424 0.0
0.09448 0.0
0.09473 0.0
0.09497 0.0
0.09521 0.0
0.09546 0.0
0.0957 0.0
0.09595 0.0
0.09619 0.0
0.09644 0.0
0.09668 0.0
0.09692 0.0
0.09717 0.0
0.09741 0.0
0.09766 0.0
0.0979 0.0
0.09814 0.0
0.09839 0.0
0.09863 0.0
0.09888 0.0
0.09912 0.0
0.09937 0.0
0.09961 0.0
0.09985 0.0
0.1001 0.0
0.10034 0.0
0.10059 0.0
0.10083 0.0
0.10107 0.0
0.10132 0.0
0.10156 0.0
0.10181 0.0
0.10205 0.0
0.10229 0.0
0.10254 0.0
0.10278 0.0
0.10303 0.0
0.10327 0.0
0.10352 0.0
0.10376 0.0
0.104 0.0
0.10425 0.0
0.10449 0.0
0.10474 0.0
0.10498 0.0
0.10522 0.0
0.10547 0.0
0.10571 0.0
0.10596 0.0
0.1062 0.0
0.10645 0.0
0.10669 0.0
0.10693 0.0
0.10718 0.0
0.10742 0.0
0.10767 0.0
0.10791 0.0
0.10815 0.0
0.1084 0.0
0.10864 0.0
0.10889 0.0
0.10913 0.0
0.10937 0.0
0.10962 0.0
0.10986 0.0
0.11011 0.0
0.11035 0.0
0.1106 0.0
0.11084 0.0
0.11108 0.0
0.11133 0.0
0.11157 0.0
0.11182 0.0
0.11206 0.0
0.1123 0.0
0.11255 0.0
0.11279 0.0
0.11304 0.0
0.11328 0.0
0.11353 0.0
0.11377 0.0
0.11401 0.0
0.11426 0.0
0.1145 0.0
0.11475 0.0
0.11499 0.0
0.11523 0.0
0.11548 0.0
0.11572 0.0
0.11597 0.0
0.11621 0.0
0.11646 0.0
0.1167 0.0
0.11694 0.0
0.11719 0.0
0.11743 0.0
0.11768 0.0
0.11792 0.0
0.11816 0.0
0.11841 0.0
0.11865 0.0
0.1189 0.0
0.11914 0.0
0.11938 0.0
0.11963 0.0
0.11987 0.0
0.12012 0.0
0.12036 0.0
0.12061 0.0
0.12085 0.0
0.12109 0.0
0.12134 0.0
0.12158 0.0
0.12183 0.0
0.12207 0.0
0.12231 0.0
0.12256 0.0
0.1228 0.0
0.12305 0.0
0.12329 0.0
0.12354 0.0
0.12378 0.0
0.12402 0.0
0.12427 0.0
0.12451 0.0
0.12476 0.0
0.125 0.0
0.12524 0.0
0.12549 0.0
0.12573 0.0
0.12598 0.0
0.12622 0.0
0.12646 0.0
0.12671 0.0
0.12695 0.0
0.1272 0.0
0.12744 0.0
0.12769 0.0
0.12793 0.0
0.12817 0.0
0.12842 0.0
0.12866 0.0
0.12891 0.0
0.12915 0.0
0.12939 0.0
0.12964 0.0
0.12988 0.0
0.13013 0.0
0.13037 0.0
0.13062 0.0
0.13086 0.0
0.1311 0.0
0.13135 0.0
0.13159 0.0
0.13184 0.0
0.13208 0.0
0.13232 0.0
0.13257 0.0
0.13281 0.0
0.13306 0.0
0.1333 0.0
0.13354 0.0
0.13379 0.0
0.13403 0.0
0.13428 0.0
0.13452 0.0
0.13477 0.0
0.13501 0.0
0.13525 0.0
0.1355 0.0
0.13574 0.0
0.13599 0.0
0.13623 0.0
0.13647 0.0
0.13672 0.0
0.13696 0.0
0.13721 0.0
0.13745 0.0
0.1377 0.0
0.13794 0.0
0.13818 0.0
0.13843 0.0
0.13867 0.0
0.13892 0.0
0.13916 0.0
0.1394 0.0
0.13965 0.0
0.13989 0.0
0.14014 0.0
0.14038 0.0
0.14062 0.0
0.14087 0.0
0.14111 0.0
0.14136 0.0
0.1416 0.0
0.14185 0.0
0.14209 0.0
0.14233 0.0
0.14258 0.0
0.14282 0.0
0.14307 0.0
0.14331 0.0
0.14355 0.0
0.1438 0.0
0.14404 0.0
0.14429 0.0
0.14453 0.0
0.14478 0.0
0.14502 0.0
0.14526 0.0
0.14551 0.0
0.14575 0.0
0.146 0.0
0.14624 0.0
0.14648 0.0
0.14673 0.0
0.14697 0.0
0.14722 0.0
0.14746 0.0
0.14771 0.0
0.14795 0.0
0.14819 0.0
0.14844 0.0
0.14868 0.0
0.14893 0.0
0.14917 0.0
0.14941 0.0
0.14966 0.0
0.1499 0.0
0.15015 0.0
0.15039 0.0
0.15063 0.0
0.15088 0.0
0.15112 0.0
0.15137 0.0
0.15161 0.0
0.15186 0.0
0.1521 0.0
0.15234 0.0
0.15259 0.0
0.15283 0.0
0.15308 0.0
0.15332 0.0
0.15356 0.0
0.15381 0.0
0.15405 0.0
0.1543 0.0
0.15454 0.0
0.15479 0.0
0.15503 0.0
0.15527 0.0
0.15552 0.0
0.15576 0.0
0.15601 0.0
0.15625 0.0
0.15649 0.0
0.15674 0.0
0.15698 0.0
0.15723 0.0
0.15747 0.0
0.15771 0.0
0.15796 0.0
0.1582 0.0
0.15845 0.0
0.15869 0.0
0.15894 0.0
0.15918 0.0
0.15942 0.0
0.15967 0.0
0.15991 0.0
0.16016 0.0
0.1604 0.0
0.16064 0.0
0.16089 0.0
0.16113 0.0
0.16138 0.0
0.16162 0.0
0.16187 0.0
0.16211 0.0
0.16235 0.0
0.1626 0.0
0.16284 0.0
0.16309 0.0
0.16333 0.0
0.16357 0.0
0.16382 0.0
0.16406 0.0
0.16431 0.0
0.16455 0.0
0.16479 0.0
0.16504 0.0
0.16528 0.0
0.16553 0.0
0.16577 0.0
0.16602 0.0
0.16626 0.0
0.1665 0.0
0.16675 0.0
0.16699 0.0
0.16724 0.0
0.16748 0.0
0.16772 0.0
0.16797 0.0
0.16821 0.0
0.16846 0.0
0.1687 0.0
0.16895 0.0
0.16919 0.0
0.16943 0.0
0.16968 0.0
0.16992 0.0
0.17017 0.0
0.17041 0.0
0.17065 0.0
0.1709 0.0
0.17114 0.0
0.17139 0.0
0.17163 0.0
0.17187 0.0
0.17212 0.0
0.17236 0.0
0.17261 0.0
0.17285 0.0
0.1731 0.0
0.17334 0.0
0.17358 0.0
0.17383 0.0
0.17407 0.0
0.17432 0.0
0.17456 0.0
0.1748 0.0
0.17505 0.0
0.17529 0.0
0.17554 0.0
0.17578 0.0
0.17603 0.0
0.17627 0.0
0.17651 0.0
0.17676 0.0
0.177 0.0
0.17725 0.0
0.17749 0.0
0.17773 0.0
0.17798 0.0
0.17822 0.0
0.17847 0.0
0.17871 0.0
0.17896 0.0
0.1792 0.0
0.17944 0.0
0.17969 0.0
0.17993 0.0
0.18018 0.0
0.18042 0.0
0.18066 0.0
0.18091 0.0
0.18115 0.0
0.1814 0.0
0.18164 0.0
0.18188 0.0
0.18213 0.0
0.18237 0.0
0.18262 0.0
0.18286 0.0
0.18311 0.0
0.18335 0.0
0.18359 0.0
0.18384 0.0
0.18408 0.0
0.18433 0.0
0.18457 0.0
0.18481 0.0
0.18506 0.0
0.1853 0.0
0.18555 0.0
0.18579 0.0
0.18604 0.0
0.18628 0.0
0.18652 0.0
0.18677 0.0
0.18701 0.0
0.18726 0.0
0.1875 0.0
0.18774 0.0
0.18799 0.0
0.18823 0.0
0.18848 0.0
0.18872 0.0
0.18896 0.0
0.18921 0.0
0.18945 0.0
0.1897 0.0
0.18994 0.0
0.19019 0.0
0.19043 0.0
0.19067 0.0
0.19092 0.0
0.19116 0.0
0.19141 0.0
0.19165 0.0
0.19189 0.0
0.19214 0.0
0.19238 0.0
0.19263 0.0
0.19287 0.0
0.19312 0.0
0.19336 0.0
0.1936 0.0
0.19385 0.0
0.19409 0.0
0.19434 0.0
0.19458 0.0
0.19482 0.0
0.19507 0.0
0.19531 0.0
0.19556 0.0
0.1958 0.0
0.19604 0.0
0.19629 0.0
0.19653 0.0
0.19678 0.0
0.19702 0.0
0.19727 0.0
0.19751 0.0
0.19775 0.0
0.198 0.0
0.19824 0.0
0.19849 0.0
0.19873 0.0
0.19897 0.0
0.19922 0.0
0.19946 0.0
0.19971 0.0
0.19995 0.0
0.2002 0.0
0.20044 0.0
0.20068 0.0
0.20093 0.0
0.20117 0.0
0.20142 0.0
0.20166 0.0
0.2019 0.0
0.20215 0.0
0.20239 0.0
0.20264 0.0
0.20288 0.0
0.20312 0.0
0.20337 0.0
0.20361 0.0
0.20386 0.0
0.2041 0.0
0.20435 0.0
0.20459 0.0
0.20483 0.0
0.20508 0.0
0.20532 0.0
0.20557 0.0
0.20581 0.0
0.20605 0.0
0.2063 0.0
0.20654 0.0
0.20679 0.0
0.20703 0.0
0.20728 0.0
0.20752 0.0
0.20776 0.0
0.20801 0.0
0.20825 0.0
0.2085 0.0
0.20874 0.0
0.20898 0.0
0.20923 0.0
0.20947 0.0
0.20972 0.0
0.20996 0.0
0.21021 0.0
0.21045 0.0
0.21069 0.0
0.21094 0.0
0.21118 0.0
0.21143 0.0
0.21167 0.0
0.21191 0.0
0.21216 0.0
0.2124 0.0
0.21265 0.0
0.21289 0.0
0.21313 0.0
0.21338 0.0
0.21362 0.0
0.21387 0.0
0.21411 0.0
0.21436 0.0
0.2146 0.0
0.21484 0.0
0.21509 0.0
0.21533 0.0
0.21558 0.0
0.21582 0.0
0.21606 0.0
0.21631 0.0
0.21655 0.0
0.2168 0.0
0.21704 0.0
0.21729 0.0
0.21753 0.0
0.21777 0.0
0.21802 0.0
0.21826 0.0
0.21851 0.0
0.21875 0.0
0.21899 0.0
0.21924 0.0
