t strain*1e23
-0.42158 -79.6
-0.42133 -78.8
-0.42109 -77.9
-0.42085 -76.8
-0.4206 -75.6
-0.42036 -74.4
-0.42011 -73.0
-0.41987 -71.5
-0.41962 -69.9
-0.41938 -68.2
-0.41914 -66.3
-0.41889 -64.4
-0.41865 -62.4
-0.4184 -60.3
-0.41816 -58.2
-0.41792 -55.9
-0.41767 -53.5
-0.41743 -51.1
-0.41718 -48.6
-0.41694 -46.0
-0.41669 -43.3
-0.41645 -40.6
-0.41621 -37.8
-0.41596 -35.0
-0.41572 -32.1
-0.41547 -29.1
-0.41523 -26.1
-0.41499 -23.1
-0.41474 -20.0
-0.4145 -16.9
-0.41425 -13.8
-0.41401 -10.7
-0.41376 -7.5
-0.41352 -4.3
-0.41328 -1.1
-0.41303 2.1
-0.41279 5.2
-0.41254 8.4
-0.4123 11.6
-0.41206 14.7
-0.41181 17.9
-0.41157 21.0
-0.41132 24.1
-0.41108 27.1
-0.41084 30.1
-0.41059 33.1
-0.41035 36.0
-0.4101 38.8
-0.40986 41.6
-0.40961 44.4
-0.40937 47.0
-0.40913 49.6
-0.40888 52.2
-0.40864 54.6
-0.40839 57.0
-0.40815 59.3
-0.40791 61.5
-0.40766 63.6
-0.40742 65.6
-0.40717 67.5
-0.40693 69.4
-0.40668 71.1
-0.40644 72.7
-0.4062 74.2
-0.40595 75.5
-0.40571 76.8
-0.40546 78.0
-0.40522 79.0
-0.40498 79.9
-0.40473 80.7
-0.40449 81.4
-0.40424 82.0
-0.404 82.4
-0.40376 82.7
-0.40351 82.9
-0.40327 82.9
-0.40302 82.9
-0.40278 82.7
-0.40253 82.3
-0.40229 81.9
-0.40205 81.3
-0.4018 80.6
-0.40156 79.8
-0.40131 78.9
-0.40107 77.8
-0.40083 76.6
-0.40058 75.3
-0.40034 73.9
-0.40009 72.4
-0.39985 70.7
-0.3996 69.0
-0.39936 67.1
-0.39912 65.2
-0.39887 63.1
-0.39863 61.0
-0.39838 58.7
-0.39814 56.4
-0.3979 53.9
-0.39765 51.4
-0.39741 48.8
-0.39716 46.2
-0.39692 43.4
-0.39668 40.6
-0.39643 37.8
-0.39619 34.8
-0.39594 31.8
-0.3957 28.8
-0.39545 25.7
-0.39521 22.6
-0.39497 19.4
-0.39472 16.3
-0.39448 13.0
-0.39423 9.8
-0.39399 6.5
-0.39375 3.3
-0.3935 0.0
-0.39326 -3.3
-0.39301 -6.5
-0.39277 -9.8
-0.39252 -13.0
-0.39228 -16.3
-0.39204 -19.5
-0.39179 -22.7
-0.39155 -25.8
-0.3913 -28.9
-0.39106 -32.0
-0.39082 -35.0
-0.39057 -38.0
-0.39033 -40.9
-0.39008 -43.7
-0.38984 -46.5
-0.3896 -49.2
-0.38935 -51.8
-0.38911 -54.4
-0.38886 -56.8
-0.38862 -59.2
-0.38837 -61.5
-0.38813 -63.7
-0.38789 -65.8
-0.38764 -67.8
-0.3874 -69.7
-0.38715 -71.5
-0.38691 -73.1
-0.38667 -74.7
-0.38642 -76.1
-0.38618 -77.5
-0.38593 -78.7
-0.38569 -79.7
-0.38544 -80.7
-0.3852 -81.5
-0.38496 -82.2
-0.38471 -82.8
-0.38447 -83.3
-0.38422 -83.6
-0.38398 -83.8
-0.38374 -83.8
-0.38349 -83.7
-0.38325 -83.5
-0.383 -83.2
-0.38276 -82.7
-0.38251 -82.1
-0.38227 -81.4
-0.38203 -80.5
-0.38178 -79.6
-0.38154 -78.4
-0.38129 -77.2
-0.38105 -75.9
-0.38081 -74.4
-0.38056 -72.8
-0.38032 -71.1
-0.38007 -69.3
-0.37983 -67.3
-0.37959 -65.3
-0.37934 -63.1
-0.3791 -60.9
-0.37885 -58.5
-0.37861 -56.1
-0.37836 -53.6
-0.37812 -51.0
-0.37788 -48.3
-0.37763 -45.5
-0.37739 -42.6
-0.37714 -39.7
-0.3769 -36.8
-0.37666 -33.7
-0.37641 -30.6
-0.37617 -27.5
-0.37592 -24.3
-0.37568 -21.0
-0.37543 -17.8
-0.37519 -14.5
-0.37495 -11.2
-0.3747 -7.8
-0.37446 -4.5
-0.37421 -1.1
-0.37397 2.3
-0.37373 5.6
-0.37348 9.0
-0.37324 12.3
-0.37299 15.7
-0.37275 19.0
-0.37251 22.2
-0.37226 25.5
-0.37202 28.7
-0.37177 31.8
-0.37153 34.9
-0.37128 38.0
-0.37104 41.0
-0.3708 43.9
-0.37055 46.8
-0.37031 49.6
-0.37006 52.3
-0.36982 54.9
-0.36958 57.4
-0.36933 59.9
-0.36909 62.2
-0.36884 64.5
-0.3686 66.7
-0.36835 68.7
-0.36811 70.6
-0.36787 72.5
-0.36762 74.2
-0.36738 75.8
-0.36713 77.2
-0.36689 78.6
-0.36665 79.8
-0.3664 80.9
-0.36616 81.8
-0.36591 82.6
-0.36567 83.3
-0.36543 83.9
-0.36518 84.3
-0.36494 84.6
-0.36469 84.8
-0.36445 84.8
-0.3642 84.6
-0.36396 84.4
-0.36372 84.0
-0.36347 83.4
-0.36323 82.8
-0.36298 82.0
-0.36274 81.0
-0.3625 79.9
-0.36225 78.7
-0.36201 77.4
-0.36176 75.9
-0.36152 74.3
-0.36127 72.6
-0.36103 70.8
-0.36079 68.9
-0.36054 66.8
-0.3603 64.6
-0.36005 62.3
-0.35981 60.0
-0.35957 57.5
-0.35932 54.9
-0.35908 52.2
-0.35883 49.5
-0.35859 46.6
-0.35835 43.7
-0.3581 40.7
-0.35786 37.7
-0.35761 34.6
-0.35737 31.4
-0.35712 28.2
-0.35688 24.9
-0.35664 21.5
-0.35639 18.2
-0.35615 14.8
-0.3559 11.4
-0.35566 7.9
-0.35542 4.5
-0.35517 1.0
-0.35493 -2.5
-0.35468 -5.9
-0.35444 -9.4
-0.35419 -12.8
-0.35395 -16.2
-0.35371 -19.6
-0.35346 -23.0
-0.35322 -26.4
-0.35297 -29.6
-0.35273 -32.9
-0.35249 -36.1
-0.35224 -39.2
-0.352 -42.3
-0.35175 -45.3
-0.35151 -48.2
-0.35126 -51.1
-0.35102 -53.8
-0.35078 -56.5
-0.35053 -59.1
-0.35029 -61.6
-0.35004 -64.0
-0.3498 -66.2
-0.34956 -68.4
-0.34931 -70.5
-0.34907 -72.4
-0.34882 -74.2
-0.34858 -75.9
-0.34834 -77.5
-0.34809 -78.9
-0.34785 -80.2
-0.3476 -81.4
-0.34736 -82.5
-0.34711 -83.4
-0.34687 -84.1
-0.34663 -84.8
-0.34638 -85.2
-0.34614 -85.6
-0.34589 -85.8
-0.34565 -85.8
-0.34541 -85.7
-0.34516 -85.5
-0.34492 -85.1
-0.34467 -84.6
-0.34443 -83.9
-0.34418 -83.1
-0.34394 -82.1
-0.3437 -81.0
-0.34345 -79.8
-0.34321 -78.4
-0.34296 -76.9
-0.34272 -75.3
-0.34248 -73.5
-0.34223 -71.7
-0.34199 -69.6
-0.34174 -67.5
-0.3415 -65.3
-0.34126 -62.9
-0.34101 -60.4
-0.34077 -57.9
-0.34052 -55.2
-0.34028 -52.4
-0.34003 -49.6
-0.33979 -46.6
-0.33955 -43.6
-0.3393 -40.5
-0.33906 -37.3
-0.33881 -34.1
-0.33857 -30.8
-0.33833 -27.5
-0.33808 -24.1
-0.33784 -20.6
-0.33759 -17.1
-0.33735 -13.6
-0.3371 -10.1
-0.33686 -6.5
-0.33662 -3.0
-0.33637 0.6
-0.33613 4.2
-0.33588 7.8
-0.33564 11.3
-0.3354 14.9
-0.33515 18.4
-0.33491 21.9
-0.33466 25.3
-0.33442 28.8
-0.33418 32.1
-0.33393 35.4
-0.33369 38.7
-0.33344 41.9
-0.3332 45.0
-0.33295 48.0
-0.33271 51.0
-0.33247 53.9
-0.33222 56.7
-0.33198 59.4
-0.33173 61.9
-0.33149 64.4
-0.33125 66.8
-0.331 69.0
-0.33076 71.2
-0.33051 73.2
-0.33027 75.1
-0.33002 76.8
-0.32978 78.5
-0.32954 80.0
-0.32929 81.3
-0.32905 82.5
-0.3288 83.6
-0.32856 84.5
-0.32832 85.3
-0.32807 85.9
-0.32783 86.4
-0.32758 86.7
-0.32734 86.9
-0.3271 86.9
-0.32685 86.8
-0.32661 86.5
-0.32636 86.1
-0.32612 85.5
-0.32587 84.7
-0.32563 83.9
-0.32539 82.8
-0.32514 81.6
-0.3249 80.3
-0.32465 78.9
-0.32441 77.3
-0.32417 75.5
-0.32392 73.6
-0.32368 71.6
-0.32343 69.5
-0.32319 67.2
-0.32294 64.9
-0.3227 62.4
-0.32246 59.7
-0.32221 57.0
-0.32197 54.2
-0.32172 51.3
-0.32148 48.3
-0.32124 45.2
-0.32099 42.0
-0.32075 38.8
-0.3205 35.4
-0.32026 32.1
-0.32001 28.6
-0.31977 25.1
-0.31953 21.6
-0.31928 18.0
-0.31904 14.3
-0.31879 10.7
-0.31855 7.0
-0.31831 3.3
-0.31806 -0.4
-0.31782 -4.1
-0.31757 -7.7
-0.31733 -11.4
-0.31709 -15.1
-0.31684 -18.7
-0.3166 -22.3
-0.31635 -25.9
-0.31611 -29.4
-0.31586 -32.9
-0.31562 -36.3
-0.31538 -39.7
-0.31513 -42.9
-0.31489 -46.2
-0.31464 -49.3
-0.3144 -52.3
-0.31416 -55.3
-0.31391 -58.1
-0.31367 -60.9
-0.31342 -63.5
-0.31318 -66.0
-0.31293 -68.4
-0.31269 -70.7
-0.31245 -72.9
-0.3122 -74.9
-0.31196 -76.8
-0.31171 -78.6
-0.31147 -80.2
-0.31123 -81.7
-0.31098 -83.0
-0.31074 -84.2
-0.31049 -85.2
-0.31025 -86.1
-0.31001 -86.8
-0.30976 -87.3
-0.30952 -87.7
-0.30927 -88.0
-0.30903 -88.0
-0.30878 -88.0
-0.30854 -87.7
-0.3083 -87.3
-0.30805 -86.8
-0.30781 -86.0
-0.30756 -85.2
-0.30732 -84.1
-0.30708 -82.9
-0.30683 -81.6
-0.30659 -80.1
-0.30634 -78.5
-0.3061 -76.7
-0.30585 -74.8
-0.30561 -72.7
-0.30537 -70.5
-0.30512 -68.2
-0.30488 -65.7
-0.30463 -63.1
-0.30439 -60.4
-0.30415 -57.6
-0.3039 -54.7
-0.30366 -51.7
-0.30341 -48.6
-0.30317 -45.4
-0.30293 -42.1
-0.30268 -38.7
-0.30244 -35.3
-0.30219 -31.7
-0.30195 -28.2
-0.3017 -24.5
-0.30146 -20.9
-0.30122 -17.1
-0.30097 -13.4
-0.30073 -9.6
-0.30048 -5.8
-0.30024 -2.0
-0.3 1.8
-0.29975 5.6
-0.29951 9.4
-0.29926 13.2
-0.29902 17.0
-0.29877 20.8
-0.29853 24.5
-0.29829 28.1
-0.29804 31.7
-0.2978 35.3
-0.29755 38.8
-0.29731 42.2
-0.29707 45.6
-0.29682 48.8
-0.29658 52.0
-0.29633 55.1
-0.29609 58.0
-0.29585 60.9
-0.2956 63.7
-0.29536 66.3
-0.29511 68.8
-0.29487 71.2
-0.29462 73.5
-0.29438 75.6
-0.29414 77.6
-0.29389 79.4
-0.29365 81.1
-0.2934 82.6
-0.29316 84.0
-0.29292 85.2
-0.29267 86.3
-0.29243 87.2
-0.29218 87.9
-0.29194 88.5
-0.29169 88.9
-0.29145 89.1
-0.29121 89.2
-0.29096 89.1
-0.29072 88.8
-0.29047 88.4
-0.29023 87.8
-0.28999 87.0
-0.28974 86.1
-0.2895 85.0
-0.28925 83.7
-0.28901 82.3
-0.28876 80.7
-0.28852 78.9
-0.28828 77.0
-0.28803 75.0
-0.28779 72.8
-0.28754 70.5
-0.2873 68.0
-0.28706 65.4
-0.28681 62.7
-0.28657 59.9
-0.28632 56.9
-0.28608 53.8
-0.28584 50.7
-0.28559 47.4
-0.28535 44.0
-0.2851 40.6
-0.28486 37.0
-0.28461 33.4
-0.28437 29.8
-0.28413 26.0
-0.28388 22.2
-0.28364 18.4
-0.28339 14.5
-0.28315 10.6
-0.28291 6.7
-0.28266 2.8
-0.28242 -1.2
-0.28217 -5.1
-0.28193 -9.1
-0.28168 -13.0
-0.28144 -16.9
-0.2812 -20.8
-0.28095 -24.6
-0.28071 -28.4
-0.28046 -32.1
-0.28022 -35.8
-0.27998 -39.4
-0.27973 -43.0
-0.27949 -46.4
-0.27924 -49.8
-0.279 -53.1
-0.27876 -56.2
-0.27851 -59.3
-0.27827 -62.2
-0.27802 -65.1
-0.27778 -67.8
-0.27753 -70.4
-0.27729 -72.8
-0.27705 -75.1
-0.2768 -77.2
-0.27656 -79.2
-0.27631 -81.1
-0.27607 -82.8
-0.27583 -84.3
-0.27558 -85.7
-0.27534 -86.9
-0.27509 -87.9
-0.27485 -88.7
-0.2746 -89.4
-0.27436 -89.9
-0.27412 -90.3
-0.27387 -90.4
-0.27363 -90.4
-0.27338 -90.2
-0.27314 -89.8
-0.2729 -89.2
-0.27265 -88.5
-0.27241 -87.6
-0.27216 -86.5
-0.27192 -85.2
-0.27168 -83.8
-0.27143 -82.2
-0.27119 -80.4
-0.27094 -78.5
-0.2707 -76.4
-0.27045 -74.2
-0.27021 -71.8
-0.26997 -69.2
-0.26972 -66.6
-0.26948 -63.8
-0.26923 -60.8
-0.26899 -57.8
-0.26875 -54.6
-0.2685 -51.3
-0.26826 -47.9
-0.26801 -44.4
-0.26777 -40.9
-0.26752 -37.2
-0.26728 -33.4
-0.26704 -29.6
-0.26679 -25.8
-0.26655 -21.8
-0.2663 -17.8
-0.26606 -13.8
-0.26582 -9.8
-0.26557 -5.7
-0.26533 -1.6
-0.26508 2.5
-0.26484 6.6
-0.2646 10.6
-0.26435 14.7
-0.26411 18.7
-0.26386 22.7
-0.26362 26.7
-0.26337 30.6
-0.26313 34.4
-0.26289 38.2
-0.26264 41.9
-0.2624 45.5
-0.26215 49.1
-0.26191 52.5
-0.26167 55.8
-0.26142 59.0
-0.26118 62.1
-0.26093 65.1
-0.26069 67.9
-0.26044 70.7
-0.2602 73.2
-0.25996 75.6
-0.25971 77.9
-0.25947 80.0
-0.25922 82.0
-0.25898 83.7
-0.25874 85.3
-0.25849 86.8
-0.25825 88.0
-0.258 89.1
-0.25776 90.0
-0.25751 90.7
-0.25727 91.2
-0.25703 91.6
-0.25678 91.7
-0.25654 91.7
-0.25629 91.5
-0.25605 91.0
-0.25581 90.4
-0.25556 89.6
-0.25532 88.6
-0.25507 87.5
-0.25483 86.1
-0.25459 84.6
-0.25434 82.9
-0.2541 81.0
-0.25385 79.0
-0.25361 76.8
-0.25336 74.4
-0.25312 71.9
-0.25288 69.2
-0.25263 66.3
-0.25239 63.4
-0.25214 60.3
-0.2519 57.0
-0.25166 53.7
-0.25141 50.2
-0.25117 46.6
-0.25092 42.9
-0.25068 39.2
-0.25043 35.3
-0.25019 31.4
-0.24995 27.4
-0.2497 23.3
-0.24946 19.2
-0.24921 15.0
-0.24897 10.9
-0.24873 6.6
-0.24848 2.4
-0.24824 -1.9
-0.24799 -6.1
-0.24775 -10.3
-0.24751 -14.6
-0.24726 -18.7
-0.24702 -22.9
-0.24677 -27.0
-0.24653 -31.1
-0.24628 -35.0
-0.24604 -39.0
-0.2458 -42.8
-0.24555 -46.6
-0.24531 -50.2
-0.24506 -53.8
-0.24482 -57.2
-0.24458 -60.5
-0.24433 -63.7
-0.24409 -66.8
-0.24384 -69.7
-0.2436 -72.5
-0.24335 -75.1
-0.24311 -77.6
-0.24287 -79.9
-0.24262 -82.0
-0.24238 -84.0
-0.24213 -85.7
-0.24189 -87.3
-0.24165 -88.7
-0.2414 -90.0
-0.24116 -91.0
-0.24091 -91.8
-0.24067 -92.4
-0.24043 -92.9
-0.24018 -93.1
-0.23994 -93.1
-0.23969 -93.0
-0.23945 -92.6
-0.2392 -92.0
-0.23896 -91.3
-0.23872 -90.3
-0.23847 -89.1
-0.23823 -87.8
-0.23798 -86.2
-0.23774 -84.5
-0.2375 -82.5
-0.23725 -80.4
-0.23701 -78.2
-0.23676 -75.7
-0.23652 -73.1
-0.23627 -70.3
-0.23603 -67.3
-0.23579 -64.3
-0.23554 -61.0
-0.2353 -57.6
-0.23505 -54.1
-0.23481 -50.5
-0.23457 -46.8
-0.23432 -42.9
-0.23408 -39.0
-0.23383 -35.0
-0.23359 -30.9
-0.23335 -26.7
-0.2331 -22.4
-0.23286 -18.2
-0.23261 -13.8
-0.23237 -9.4
-0.23212 -5.0
-0.23188 -0.6
-0.23164 3.8
-0.23139 8.2
-0.23115 12.6
-0.2309 17.0
-0.23066 21.3
-0.23042 25.6
-0.23017 29.9
-0.22993 34.0
-0.22968 38.2
-0.22944 42.2
-0.22919 46.1
-0.22895 50.0
-0.22871 53.7
-0.22846 57.3
-0.22822 60.8
-0.22797 64.1
-0.22773 67.3
-0.22749 70.4
-0.22724 73.3
-0.227 76.1
-0.22675 78.6
-0.22651 81.1
-0.22626 83.3
-0.22602 85.3
-0.22578 87.2
-0.22553 88.8
-0.22529 90.3
-0.22504 91.5
-0.2248 92.6
-0.22456 93.4
-0.22431 94.0
-0.22407 94.4
-0.22382 94.6
-0.22358 94.6
-0.22334 94.4
-0.22309 94.0
-0.22285 93.3
-0.2226 92.4
-0.22236 91.3
-0.22211 90.1
-0.22187 88.6
-0.22163 86.9
-0.22138 85.0
-0.22114 82.9
-0.22089 80.6
-0.22065 78.1
-0.22041 75.4
-0.22016 72.6
-0.21992 69.6
-0.21967 66.5
-0.21943 63.1
-0.21918 59.7
-0.21894 56.1
-0.2187 52.3
-0.21845 48.5
-0.21821 44.5
-0.21796 40.4
-0.21772 36.2
-0.21748 32.0
-0.21723 27.6
-0.21699 23.2
-0.21674 18.7
-0.2165 14.2
-0.21626 9.6
-0.21601 5.1
-0.21577 0.5
-0.21552 -4.1
-0.21528 -8.7
-0.21503 -13.3
-0.21479 -17.9
-0.21455 -22.4
-0.2143 -26.9
-0.21406 -31.3
-0.21381 -35.6
-0.21357 -39.9
-0.21333 -44.0
-0.21308 -48.1
-0.21284 -52.1
-0.21259 -55.9
-0.21235 -59.6
-0.2121 -63.2
-0.21186 -66.6
-0.21162 -69.9
-0.21137 -73.0
-0.21113 -76.0
-0.21088 -78.8
-0.21064 -81.4
-0.2104 -83.8
-0.21015 -86.0
-0.20991 -88.0
-0.20966 -89.8
-0.20942 -91.3
-0.20918 -92.7
-0.20893 -93.9
-0.20869 -94.8
-0.20844 -95.5
-0.2082 -96.0
-0.20795 -96.2
-0.20771 -96.2
-0.20747 -96.0
-0.20722 -95.6
-0.20698 -94.9
-0.20673 -94.0
-0.20649 -92.9
-0.20625 -91.5
-0.206 -90.0
-0.20576 -88.2
-0.20551 -86.2
-0.20527 -84.0
-0.20502 -81.6
-0.20478 -79.0
-0.20454 -76.2
-0.20429 -73.2
-0.20405 -70.0
-0.2038 -66.7
-0.20356 -63.2
-0.20332 -59.5
-0.20307 -55.7
-0.20283 -51.7
-0.20258 -47.7
-0.20234 -43.5
-0.2021 -39.2
-0.20185 -34.8
-0.20161 -30.3
-0.20136 -25.7
-0.20112 -21.1
-0.20087 -16.4
-0.20063 -11.6
-0.20039 -6.9
-0.20014 -2.1
-0.1999 2.7
-0.19965 7.5
-0.19941 12.3
-0.19917 17.1
-0.19892 21.8
-0.19868 26.5
-0.19843 31.1
-0.19819 35.6
-0.19794 40.1
-0.1977 44.4
-0.19746 48.7
-0.19721 52.8
-0.19697 56.8
-0.19672 60.7
-0.19648 64.5
-0.19624 68.0
-0.19599 71.4
-0.19575 74.7
-0.1955 77.7
-0.19526 80.6
-0.19501 83.3
-0.19477 85.7
-0.19453 88.0
-0.19428 90.0
-0.19404 91.8
-0.19379 93.4
-0.19355 94.7
-0.19331 95.9
-0.19306 96.7
-0.19282 97.4
-0.19257 97.8
-0.19233 97.9
-0.19209 97.8
-0.19184 97.5
-0.1916 96.9
-0.19135 96.0
-0.19111 95.0
-0.19086 93.6
-0.19062 92.1
-0.19038 90.3
-0.19013 88.3
-0.18989 86.0
-0.18964 83.5
-0.1894 80.9
-0.18916 78.0
-0.18891 74.9
-0.18867 71.6
-0.18842 68.1
-0.18818 64.5
-0.18793 60.7
-0.18769 56.7
-0.18745 52.6
-0.1872 48.3
-0.18696 43.9
-0.18671 39.4
-0.18647 34.8
-0.18623 30.1
-0.18598 25.3
-0.18574 20.4
-0.18549 15.5
-0.18525 10.6
-0.18501 5.6
-0.18476 0.6
-0.18452 -4.5
-0.18427 -9.5
-0.18403 -14.5
-0.18378 -19.4
-0.18354 -24.3
-0.1833 -29.2
-0.18305 -34.0
-0.18281 -38.7
-0.18256 -43.3
-0.18232 -47.8
-0.18208 -52.2
-0.18183 -56.4
-0.18159 -60.5
-0.18134 -64.5
-0.1811 -68.3
-0.18085 -71.9
-0.18061 -75.3
-0.18037 -78.6
-0.18012 -81.6
-0.17988 -84.4
-0.17963 -87.0
-0.17939 -89.4
-0.17915 -91.5
-0.1789 -93.4
-0.17866 -95.1
-0.17841 -96.5
-0.17817 -97.7
-0.17793 -98.6
-0.17768 -99.2
-0.17744 -99.6
-0.17719 -99.7
-0.17695 -99.6
-0.1767 -99.1
-0.17646 -98.5
-0.17622 -97.5
-0.17597 -96.3
-0.17573 -94.9
-0.17548 -93.1
-0.17524 -91.2
-0.175 -89.0
-0.17475 -86.5
-0.17451 -83.8
-0.17426 -80.9
-0.17402 -77.8
-0.17377 -74.4
-0.17353 -70.9
-0.17329 -67.1
-0.17304 -63.2
-0.1728 -59.1
-0.17255 -54.8
-0.17231 -50.4
-0.17207 -45.8
-0.17182 -41.1
-0.17158 -36.3
-0.17133 -31.4
-0.17109 -26.4
-0.17085 -21.3
-0.1706 -16.2
-0.17036 -11.0
-0.17011 -5.7
-0.16987 -0.5
-0.16962 4.8
-0.16938 10.0
-0.16914 15.3
-0.16889 20.5
-0.16865 25.6
-0.1684 30.7
-0.16816 35.7
-0.16792 40.6
-0.16767 45.4
-0.16743 50.1
-0.16718 54.7
-0.16694 59.1
-0.16669 63.3
-0.16645 67.4
-0.16621 71.3
-0.16596 75.0
-0.16572 78.5
-0.16547 81.8
-0.16523 84.8
-0.16499 87.7
-0.16474 90.3
-0.1645 92.6
-0.16425 94.7
-0.16401 96.5
-0.16376 98.1
-0.16352 99.3
-0.16328 100.3
-0.16303 101.1
-0.16279 101.5
-0.16254 101.7
-0.1623 101.5
-0.16206 101.1
-0.16181 100.4
-0.16157 99.4
-0.16132 98.2
-0.16108 96.6
-0.16084 94.8
-0.16059 92.7
-0.16035 90.3
-0.1601 87.7
-0.15986 84.8
-0.15961 81.7
-0.15937 78.4
-0.15913 74.8
-0.15888 71.0
-0.15864 67.0
-0.15839 62.8
-0.15815 58.4
-0.15791 53.8
-0.15766 49.1
-0.15742 44.2
-0.15717 39.2
-0.15693 34.1
-0.15668 28.9
-0.15644 23.5
-0.1562 18.2
-0.15595 12.7
-0.15571 7.2
-0.15546 1.7
-0.15522 -3.9
-0.15498 -9.4
-0.15473 -14.9
-0.15449 -20.4
-0.15424 -25.8
-0.154 -31.1
-0.15376 -36.4
-0.15351 -41.6
-0.15327 -46.6
-0.15302 -51.6
-0.15278 -56.3
-0.15253 -61.0
-0.15229 -65.4
-0.15205 -69.7
-0.1518 -73.7
-0.15156 -77.6
-0.15131 -81.2
-0.15107 -84.6
-0.15083 -87.7
-0.15058 -90.6
-0.15034 -93.2
-0.15009 -95.6
-0.14985 -97.6
-0.1496 -99.4
-0.14936 -100.9
-0.14912 -102.1
-0.14887 -103.0
-0.14863 -103.5
-0.14838 -103.8
-0.14814 -103.7
-0.1479 -103.4
-0.14765 -102.7
-0.14741 -101.7
-0.14716 -100.5
-0.14692 -98.9
-0.14668 -97.0
-0.14643 -94.8
-0.14619 -92.3
-0.14594 -89.6
-0.1457 -86.5
-0.14545 -83.2
-0.14521 -79.7
-0.14497 -75.9
-0.14472 -71.8
-0.14448 -67.5
-0.14423 -63.1
-0.14399 -58.4
-0.14375 -53.5
-0.1435 -48.5
-0.14326 -43.3
-0.14301 -38.0
-0.14277 -32.5
-0.14252 -27.0
-0.14228 -21.3
-0.14204 -15.6
-0.14179 -9.8
-0.14155 -4.0
-0.1413 1.9
-0.14106 7.7
-0.14082 13.5
-0.14057 19.3
-0.14033 25.0
-0.14008 30.7
-0.13984 36.3
-0.1396 41.8
-0.13935 47.1
-0.13911 52.3
-0.13886 57.4
-0.13862 62.3
-0.13837 67.0
-0.13813 71.5
-0.13789 75.7
-0.13764 79.8
-0.1374 83.6
-0.13715 87.1
-0.13691 90.4
-0.13667 93.4
-0.13642 96.0
-0.13618 98.4
-0.13593 100.5
-0.13569 102.3
-0.13544 103.7
-0.1352 104.8
-0.13496 105.6
-0.13471 106.0
-0.13447 106.1
-0.13422 105.9
-0.13398 105.3
-0.13374 104.4
-0.13349 103.1
-0.13325 101.6
-0.133 99.6
-0.13276 97.4
-0.13251 94.8
-0.13227 92.0
-0.13203 88.8
-0.13178 85.3
-0.13154 81.6
-0.13129 77.5
-0.13105 73.2
-0.13081 68.7
-0.13056 64.0
-0.13032 59.0
-0.13007 53.8
-0.12983 48.4
-0.12959 42.9
-0.12934 37.2
-0.1291 31.4
-0.12885 25.5
-0.12861 19.5
-0.12836 13.4
-0.12812 7.3
-0.12788 1.1
-0.12763 -5.1
-0.12739 -11.3
-0.12714 -17.4
-0.1269 -23.5
-0.12666 -29.6
-0.12641 -35.5
-0.12617 -41.3
-0.12592 -47.0
-0.12568 -52.6
-0.12543 -58.0
-0.12519 -63.2
-0.12495 -68.2
-0.1247 -73.0
-0.12446 -77.5
-0.12421 -81.8
-0.12397 -85.8
-0.12373 -89.5
-0.12348 -92.9
-0.12324 -96.1
-0.12299 -98.9
-0.12275 -101.3
-0.12251 -103.4
-0.12226 -105.2
-0.12202 -106.6
-0.12177 -107.7
-0.12153 -108.4
-0.12128 -108.7
-0.12104 -108.6
-0.1208 -108.2
-0.12055 -107.4
-0.12031 -106.2
-0.12006 -104.6
-0.11982 -102.7
-0.11958 -100.4
-0.11933 -97.8
-0.11909 -94.8
-0.11884 -91.5
-0.1186 -87.9
-0.11835 -83.9
-0.11811 -79.7
-0.11787 -75.2
-0.11762 -70.4
-0.11738 -65.3
-0.11713 -60.0
-0.11689 -54.5
-0.11665 -48.8
-0.1164 -42.9
-0.11616 -36.8
-0.11591 -30.6
-0.11567 -24.3
-0.11543 -17.9
-0.11518 -11.4
-0.11494 -4.9
-0.11469 1.7
-0.11445 8.3
-0.1142 14.9
-0.11396 21.4
-0.11372 27.8
-0.11347 34.2
-0.11323 40.4
-0.11298 46.5
-0.11274 52.5
-0.1125 58.3
-0.11225 63.8
-0.11201 69.2
-0.11176 74.3
-0.11152 79.2
-0.11127 83.7
-0.11103 88.0
-0.11079 92.0
-0.11054 95.6
-0.1103 98.9
-0.11005 101.8
-0.10981 104.4
-0.10957 106.5
-0.10932 108.3
-0.10908 109.7
-0.10883 110.7
-0.10859 111.3
-0.10835 111.5
-0.1081 111.2
-0.10786 110.6
-0.10761 109.5
-0.10737 108.0
-0.10712 106.1
-0.10688 103.8
-0.10664 101.2
-0.10639 98.1
-0.10615 94.7
-0.1059 90.8
-0.10566 86.7
-0.10542 82.2
-0.10517 77.4
-0.10493 72.3
-0.10468 66.9
-0.10444 61.2
-0.10419 55.3
-0.10395 49.2
-0.10371 42.9
-0.10346 36.4
-0.10322 29.7
-0.10297 23.0
-0.10273 16.1
-0.10249 9.1
-0.10224 2.1
-0.102 -4.9
-0.10175 -11.9
-0.10151 -18.9
-0.10126 -25.8
-0.10102 -32.7
-0.10078 -39.4
-0.10053 -46.0
-0.10029 -52.4
-0.10004 -58.6
-0.0998 -64.6
-0.09956 -70.4
-0.09931 -75.9
-0.09907 -81.1
-0.09882 -86.0
-0.09858 -90.5
-0.09834 -94.8
-0.09809 -98.6
-0.09785 -102.1
-0.0976 -105.1
-0.09736 -107.8
-0.09711 -110.0
-0.09687 -111.8
-0.09663 -113.2
-0.09638 -114.1
-0.09614 -114.5
-0.09589 -114.5
-0.09565 -114.0
-0.09541 -113.1
-0.09516 -111.7
-0.09492 -109.8
-0.09467 -107.5
-0.09443 -104.7
-0.09418 -101.6
-0.09394 -97.9
-0.0937 -93.9
-0.09345 -89.5
-0.09321 -84.7
-0.09296 -79.6
-0.09272 -74.1
-0.09248 -68.3
-0.09223 -62.2
-0.09199 -55.8
-0.09174 -49.2
-0.0915 -42.4
-0.09126 -35.4
-0.09101 -28.2
-0.09077 -20.9
-0.09052 -13.4
-0.09028 -6.0
-0.09003 1.6
-0.08979 9.1
-0.08955 16.7
-0.0893 24.1
-0.08906 31.5
-0.08881 38.8
-0.08857 45.9
-0.08833 52.8
-0.08808 59.6
-0.08784 66.0
-0.08759 72.3
-0.08735 78.2
-0.0871 83.8
-0.08686 89.0
-0.08662 93.9
-0.08637 98.4
-0.08613 102.5
-0.08588 106.1
-0.08564 109.3
-0.0854 112.0
-0.08515 114.2
-0.08491 115.9
-0.08466 117.2
-0.08442 117.9
-0.08418 118.1
-0.08393 117.7
-0.08369 116.9
-0.08344 115.5
-0.0832 113.6
-0.08295 111.2
-0.08271 108.3
-0.08247 105.0
-0.08222 101.1
-0.08198 96.8
-0.08173 92.0
-0.08149 86.8
-0.08125 81.2
-0.081 75.2
-0.08076 68.9
-0.08051 62.2
-0.08027 55.2
-0.08002 48.0
-0.07978 40.5
-0.07954 32.8
-0.07929 25.0
-0.07905 17.0
-0.0788 8.9
-0.07856 0.8
-0.07832 -7.4
-0.07807 -15.6
-0.07783 -23.7
-0.07758 -31.7
-0.07734 -39.6
-0.0771 -47.3
-0.07685 -54.8
-0.07661 -62.1
-0.07636 -69.1
-0.07612 -75.8
-0.07587 -82.1
-0.07563 -88.1
-0.07539 -93.7
-0.07514 -98.8
-0.0749 -103.5
-0.07465 -107.7
-0.07441 -111.4
-0.07417 -114.6
-0.07392 -117.2
-0.07368 -119.3
-0.07343 -120.8
-0.07319 -121.7
-0.07294 -122.1
-0.0727 -121.8
-0.07246 -120.9
-0.07221 -119.5
-0.07197 -117.4
-0.07172 -114.8
-0.07148 -111.6
-0.07124 -107.8
-0.07099 -103.5
-0.07075 -98.7
-0.0705 -93.3
-0.07026 -87.5
-0.07001 -81.2
-0.06977 -74.5
-0.06953 -67.4
-0.06928 -60.0
-0.06904 -52.2
-0.06879 -44.1
-0.06855 -35.8
-0.06831 -27.3
-0.06806 -18.6
-0.06782 -9.8
-0.06757 -0.9
-0.06733 8.0
-0.06709 16.9
-0.06684 25.8
-0.0666 34.5
-0.06635 43.1
-0.06611 51.4
-0.06586 59.6
-0.06562 67.4
-0.06538 74.9
-0.06513 82.1
-0.06489 88.8
-0.06464 95.1
-0.0644 100.9
-0.06416 106.2
-0.06391 110.9
-0.06367 115.1
-0.06342 118.6
-0.06318 121.6
-0.06293 123.8
-0.06269 125.5
-0.06245 126.4
-0.0622 126.7
-0.06196 126.2
-0.06171 125.1
-0.06147 123.3
-0.06123 120.8
-0.06098 117.6
-0.06074 113.8
-0.06049 109.3
-0.06025 104.2
-0.06001 98.5
-0.05976 92.3
-0.05952 85.5
-0.05927 78.1
-0.05903 70.4
-0.05878 62.2
-0.05854 53.6
-0.0583 44.7
-0.05805 35.5
-0.05781 26.1
-0.05756 16.5
-0.05732 6.7
-0.05708 -3.1
-0.05683 -12.9
-0.05659 -22.7
-0.05634 -32.4
-0.0561 -41.9
-0.05585 -51.3
-0.05561 -60.3
-0.05537 -69.1
-0.05512 -77.4
-0.05488 -85.4
-0.05463 -92.8
-0.05439 -99.7
-0.05415 -106.1
-0.0539 -111.8
-0.05366 -116.9
-0.05341 -121.3
-0.05317 -125.0
-0.05293 -127.9
-0.05268 -130.1
-0.05244 -131.4
-0.05219 -132.0
-0.05195 -131.8
-0.0517 -130.7
-0.05146 -128.8
-0.05122 -126.2
-0.05097 -122.7
-0.05073 -118.4
-0.05048 -113.4
-0.05024 -107.6
-0.05 -101.2
-0.04975 -94.0
-0.04951 -86.3
-0.04926 -77.9
-0.04902 -69.0
-0.04877 -59.7
-0.04853 -49.9
-0.04829 -39.7
-0.04804 -29.3
-0.0478 -18.6
-0.04755 -7.7
-0.04731 3.2
-0.04707 14.2
-0.04682 25.2
-0.04658 36.0
-0.04633 46.6
-0.04609 56.9
-0.04585 67.0
-0.0456 76.6
-0.04536 85.7
-0.04511 94.3
-0.04487 102.3
-0.04462 109.6
-0.04438 116.2
-0.04414 122.0
-0.04389 127.0
-0.04365 131.1
-0.0434 134.4
-0.04316 136.7
-0.04292 138.0
-0.04267 138.4
-0.04243 137.8
-0.04218 136.2
-0.04194 133.7
-0.04169 130.1
-0.04145 125.6
-0.04121 120.2
-0.04096 113.8
-0.04072 106.6
-0.04047 98.6
-0.04023 89.8
-0.03999 80.3
-0.03974 70.1
-0.0395 59.4
-0.03925 48.2
-0.03901 36.5
-0.03876 24.5
-0.03852 12.3
-0.03828 -0.1
-0.03803 -12.6
-0.03779 -25.0
-0.03754 -37.3
-0.0373 -49.4
-0.03706 -61.2
-0.03681 -72.5
-0.03657 -83.4
-0.03632 -93.6
-0.03608 -103.2
-0.03584 -111.9
-0.03559 -119.9
-0.03535 -126.9
-0.0351 -132.9
-0.03486 -137.8
-0.03461 -141.7
-0.03437 -144.4
-0.03413 -145.9
-0.03388 -146.2
-0.03364 -145.2
-0.03339 -143.1
-0.03315 -139.7
-0.03291 -135.1
-0.03266 -129.3
-0.03242 -122.4
-0.03217 -114.4
-0.03193 -105.3
-0.03168 -95.2
-0.03144 -84.2
-0.0312 -72.4
-0.03095 -59.9
-0.03071 -46.8
-0.03046 -33.1
-0.03022 -19.1
-0.02998 -4.8
-0.02973 9.7
-0.02949 24.2
-0.02924 38.5
-0.029 52.6
-0.02876 66.3
-0.02851 79.4
-0.02827 91.9
-0.02802 103.7
-0.02778 114.5
-0.02753 124.2
-0.02729 132.9
-0.02705 140.2
-0.0268 146.3
-0.02656 150.9
-0.02631 154.1
-0.02607 155.7
-0.02583 155.8
-0.02558 154.3
-0.02534 151.1
-0.02509 146.4
-0.02485 140.1
-0.0246 132.3
-0.02436 123.0
-0.02412 112.3
-0.02387 100.3
-0.02363 87.1
-0.02338 72.8
-0.02314 57.6
-0.0229 41.7
-0.02265 25.1
-0.02241 8.1
-0.02216 -9.2
-0.02192 -26.5
-0.02168 -43.7
-0.02143 -60.5
-0.02119 -76.8
-0.02094 -92.3
-0.0207 -106.9
-0.02045 -120.4
-0.02021 -132.5
-0.01997 -143.1
-0.01972 -152.0
-0.01948 -159.2
-0.01923 -164.4
-0.01899 -167.6
-0.01875 -168.6
-0.0185 -167.5
-0.01826 -164.1
-0.01801 -158.6
-0.01777 -150.9
-0.01752 -141.0
-0.01728 -129.1
-0.01704 -115.2
-0.01679 -99.6
-0.01655 -82.4
-0.0163 -63.8
-0.01606 -44.1
-0.01582 -23.5
-0.01557 -2.2
-0.01533 19.4
-0.01508 40.9
-0.01484 62.2
-0.0146 82.7
-0.01435 102.3
-0.01411 120.5
-0.01386 137.1
-0.01362 151.6
-0.01337 163.9
-0.01313 173.6
-0.01289 180.6
-0.01264 184.6
-0.0124 185.4
-0.01215 182.9
-0.01191 177.2
-0.01167 168.1
-0.01142 155.8
-0.01118 140.3
-0.01093 121.9
-0.01069 100.8
-0.01044 77.4
-0.0102 51.9
-0.00996 25.0
-0.00971 -3.1
-0.00947 -31.5
-0.00922 -59.9
-0.00898 -87.6
-0.00874 -113.9
-0.00849 -138.1
-0.00825 -159.7
-0.008 -178.1
-0.00776 -192.5
-0.00751 -202.5
-0.00727 -207.7
-0.00703 -207.7
-0.00678 -202.2
-0.00654 -191.2
-0.00629 -174.5
-0.00605 -152.6
-0.00581 -125.6
-0.00556 -94.1
-0.00532 -58.9
-0.00507 -20.8
-0.00483 19.0
-0.00459 59.5
-0.00434 99.2
-0.0041 136.7
-0.00385 170.5
-0.00361 199.0
-0.00336 220.7
-0.00312 234.4
-0.00288 238.7
-0.00263 232.9
-0.00239 216.3
-0.00214 188.9
-0.0019 151.1
-0.00166 103.9
-0.00141 49.0
-0.00117 -11.1
-0.00092 -73.4
-0.00068 -133.7
-0.00043 -187.6
-0.00019 -229.8
5e-05 -255.2
0.0003 -259.6
0.00054 -240.5
0.00079 -197.9
0.00103 -134.7
0.00127 -56.9
0.00152 26.8
0.00176 105.8
0.00201 169.8
0.00225 209.8
0.00249 220.4
0.00274 200.5
0.00298 153.9
0.00323 88.6
0.00347 15.3
0.00372 -54.1
0.00396 -109.1
0.0042 -142.1
0.00445 -149.6
0.00469 -132.5
0.00494 -96.0
0.00518 -48.0
0.00542 2.5
0.00567 46.6
0.00591 77.6
0.00616 91.7
0.0064 88.4
0.00665 70.3
0.00689 42.4
0.00713 10.6
0.00738 -19.0
0.00762 -41.4
0.00787 -53.6
0.00811 -54.7
0.00835 -45.9
0.0086 -30.1
0.00884 -10.9
0.00909 7.7
0.00933 22.6
0.00957 31.4
0.00982 33.4
0.01006 29.1
0.01031 20.1
0.01055 8.6
0.0108 -3.0
0.01104 -12.6
0.01128 -18.6
0.01153 -20.4
0.01177 -18.3
0.01202 -13.1
0.01226 -6.2
0.0125 0.9
0.01275 7.0
0.01299 11.0
0.01324 12.5
0.01348 11.5
0.01373 8.6
0.01397 4.4
0.01421 0.0
0.01446 -3.9
0.0147 -6.5
0.01495 -7.6
0.01519 -7.2
0.01543 -5.5
0.01568 -3.1
0.01592 -0.3
0.01617 2.1
0.01641 3.9
0.01665 4.7
0.0169 4.5
0.01714 3.6
0.01739 2.1
0.01763 0.4
0.01788 -1.1
0.01812 -2.3
0.01836 -2.8
0.01861 -2.8
0.01885 -2.3
0.0191 -1.4
0.01934 -0.4
0.01958 0.6
0.01983 1.3
0.02007 1.7
0.02032 1.8
0.02056 1.5
0.02081 0.9
0.02105 0.3
0.02129 -0.3
0.02154 -0.8
0.02178 -1.0
0.02203 -1.1
0.02227 -0.9
0.02251 -0.6
0.02276 -0.2
0.023 0.1
0.02325 0.4
0.02349 0.6
0.02374 0.7
0.02398 0.6
0.02422 0.4
0.02447 0.2
0.02471 0.0
0.02496 -0.2
0.0252 -0.4
0.02544 -0.4
0.02569 -0.4
0.02593 -0.3
0.02618 -0.1
0.02642 0.0
0.02666 0.1
0.02691 0.2
0.02715 0.3
0.0274 0.2
0.02764 0.2
0.02789 0.0
0.02813 0.0
0.02837 0.0
0.02862 -0.1
0.02886 -0.2
0.02911 -0.1
0.02935 -0.1
0.02959 0.0
0.02984 0.0
0.03008 0.0
0.03033 0.0
0.03057 0.0
0.03082 0.0
0.03106 0.0
0.0313 0.0
0.03155 0.0
0.03179 0.0
0.03204 0.0
0.03228 0.0
0.03252 0.0
0.03277 0.0
0.03301 0.0
0.03326 0.0
0.0335 0.0
0.03374 0.0
0.03399 0.0
0.03423 0.0
0.03448 0.0
0.03472 0.0
0.03497 0.0
0.03521 0.0
0.03545 0.0
0.0357 0.0
0.03594 0.0
0.03619 0.0
0.03643 0.0
0.03667 0.0
0.03692 0.0
0.03716 0.0
0.03741 0.0
0.03765 0.0
0.0379 0.0
0.03814 0.0
0.03838 0.0
0.03863 0.0
0.03887 0.0
0.03912 0.0
0.03936 0.0
0.0396 0.0
0.03985 0.0
0.04009 0.0
0.04034 0.0
0.04058 0.0
0.04082 0.0
0.04107 0.0
0.04131 0.0
0.04156 0.0
0.0418 0.0
0.04205 0.0
0.04229 0.0
0.04253 0.0
0.04278 0.0
0.04302 0.0
0.04327 0.0
0.04351 0.0
0.04375 0.0
0.044 0.0
0.04424 0.0
0.04449 0.0
0.04473 0.0
0.04498 0.0
0.04522 0.0
0.04546 0.0
0.04571 0.0
0.04595 0.0
0.0462 0.0
0.04644 0.0
0.04668 0.0
0.04693 0.0
0.04717 0.0
0.04742 0.0
0.04766 0.0
0.0479 0.0
0.04815 0.0
0.04839 0.0
0.04864 0.0
0.04888 0.0
0.04913 0.0
0.04937 0.0
0.04961 0.0
0.04986 0.0
0.0501 0.0
0.05035 0.0
0.05059 0.0
0.05083 0.0
0.05108 0.0
0.05132 0.0
0.05157 0.0
0.05181 0.0
0.05206 0.0
0.0523 0.0
0.05254 0.0
0.05279 0.0
0.05303 0.0
0.05328 0.0
0.05352 0.0
0.05376 0.0
0.05401 0.0
0.05425 0.0
0.0545 0.0
0.05474 0.0
0.05499 0.0
0.05523 0.0
0.05547 0.0
0.05572 0.0
0.05596 0.0
0.05621 0.0
0.05645 0.0
0.05669 0.0
0.05694 0.0
0.05718 0.0
0.05743 0.0
0.05767 0.0
0.05791 0.0
0.05816 0.0
0.0584 0.0
0.05865 0.0
0.05889 0.0
0.05914 0.0
0.05938 0.0
0.05962 0.0
0.05987 0.0
0.06011 0.0
0.06036 0.0
0.0606 0.0
0.06084 0.0
0.06109 0.0
0.06133 0.0
0.06158 0.0
0.06182 0.0
0.06207 0.0
0.06231 0.0
0.06255 0.0
0.0628 0.0
0.06304 0.0
0.06329 0.0
0.06353 0.0
0.06377 0.0
0.06402 0.0
0.06426 0.0
0.06451 0.0
0.06475 0.0
0.06499 0.0
0.06524 0.0
0.06548 0.0
0.06573 0.0
0.06597 0.0
0.06622 0.0
0.06646 0.0
0.0667 0.0
0.06695 0.0
0.06719 0.0
0.06744 0.0
0.06768 0.0
0.06792 0.0
0.06817 0.0
0.06841 0.0
0.06866 0.0
0.0689 0.0
0.06915 0.0
0.06939 0.0
0.06963 0.0
0.06988 0.0
0.07012 0.0
0.07037 0.0
0.07061 0.0
0.07085 0.0
0.0711 0.0
0.07134 0.0
0.07159 0.0
0.07183 0.0
0.07207 0.0
0.07232 0.0
0.07256 0.0
0.07281 0.0
0.07305 0.0
0.0733 0.0
0.07354 0.0
0.07378 0.0
0.07403 0.0
0.07427 0.0
0.07452 0.0
0.07476 0.0
0.075 0.0
0.07525 0.0
0.07549 0.0
0.07574 0.0
0.07598 0.0
0.07623 0.0
0.07647 0.0
0.07671 0.0
0.07696 0.0
0.0772 0.0
0.07745 0.0
0.07769 0.0
0.07793 0.0
0.07818 0.0
0.07842 0.0
0.07867 0.0
0.07891 0.0
0.07915 0.0
0.0794 0.0
0.07964 0.0
0.07989 0.0
0.08013 0.0
0.08038 0.0
0.08062 0.0
0.08086 0.0
0.08111 0.0
0.08135 0.0
0.0816 0.0
0.08184 0.0
0.08208 0.0
0.08233 0.0
0.08257 0.0
0.08282 0.0
0.08306 0.0
0.08331 0.0
0.08355 0.0
0.08379 0.0
0.08404 0.0
0.08428 0.0
0.08453 0.0
0.08477 0.0
0.08501 0.0
0.08526 0.0
0.0855 0.0
0.08575 0.0
0.08599 0.0
0.08624 0.0
0.08648 0.0
0.08672 0.0
0.08697 0.0
0.08721 0.0
0.08746 0.0
0.0877 0.0
0.08794 0.0
0.08819 0.0
0.08843 0.0
0.08868 0.0
0.08892 0.0
0.08916 0.0
0.08941 0.0
0.08965 0.0
0.0899 0.0
0.09014 0.0
0.09039 0.0
0.09063 0.0
0.09087 0.0
0.09112 0.0
0.09136 0.0
0.09161 0.0
0.09185 0.0
0.09209 0.0
0.09234 0.0
0.09258 0.0
0.09283 0.0
0.09307 0.0
0.09332 0.0
0.09356 0.0
0.0938 0.0
0.09405 0.0
0.09429 0.0
0.09454 0.0
0.09478 0.0
0.09502 0.0
0.09527 0.0
0.09551 0.0
0.09576 0.0
0.096 0.0
0.09624 0.0
0.09649 0.0
0.09673 0.0
0.09698 0.0
0.09722 0.0
0.09747 0.0
0.09771 0.0
0.09795 0.0
0.0982 0.0
0.09844 0.0
0.09869 0.0
0.09893 0.0
0.09917 0.0
0.09942 0.0
0.09966 0.0
0.09991 0.0
0.10015 0.0
0.1004 0.0
0.10064 0.0
0.10088 0.0
0.10113 0.0
0.10137 0.0
0.10162 0.0
0.10186 0.0
0.1021 0.0
0.10235 0.0
0.10259 0.0
0.10284 0.0
0.10308 0.0
0.10332 0.0
0.10357 0.0
0.10381 0.0
0.10406 0.0
0.1043 0.0
0.10455 0.0
0.10479 0.0
0.10503 0.0
0.10528 0.0
0.10552 0.0
0.10577 0.0
0.10601 0.0
0.10625 0.0
0.1065 0.0
0.10674 0.0
0.10699 0.0
0.10723 0.0
0.10748 0.0
0.10772 0.0
0.10796 0.0
0.10821 0.0
0.10845 0.0
0.1087 0.0
0.10894 0.0
0.10918 0.0
0.10943 0.0
0.10967 0.0
0.10992 0.0
0.11016 0.0
0.1104 0.0
0.11065 0.0
0.11089 0.0
0.11114 0.0
0.11138 0.0
0.11163 0.0
0.11187 0.0
0.11211 0.0
0.11236 0.0
0.1126 0.0
0.11285 0.0
0.11309 0.0
0.11333 0.0
0.11358 0.0
0.11382 0.0
0.11407 0.0
0.11431 0.0
0.11456 0.0
0.1148 0.0
0.11504 0.0
0.11529 0.0
0.11553 0.0
0.11578 0.0
0.11602 0.0
0.11626 0.0
0.11651 0.0
0.11675 0.0
0.117 0.0
0.11724 0.0
0.11749 0.0
0.11773 0.0
0.11797 0.0
0.11822 0.0
0.11846 0.0
0.11871 0.0
0.11895 0.0
0.11919 0.0
0.11944 0.0
0.11968 0.0
0.11993 0.0
0.12017 0.0
0.12041 0.0
0.12066 0.0
0.1209 0.0
0.12115 0.0
0.12139 0.0
0.12164 0.0
0.12188 0.0
0.12212 0.0
0.12237 0.0
0.12261 0.0
0.12286 0.0
0.1231 0.0
0.12334 0.0
0.12359 0.0
0.12383 0.0
0.12408 0.0
0.12432 0.0
0.12457 0.0
0.12481 0.0
0.12505 0.0
0.1253 0.0
0.12554 0.0
0.12579 0.0
0.12603 0.0
0.12627 0.0
0.12652 0.0
0.12676 0.0
0.12701 0.0
0.12725 0.0
0.12749 0.0
0.12774 0.0
0.12798 0.0
0.12823 0.0
0.12847 0.0
0.12872 0.0
0.12896 0.0
0.1292 0.0
0.12945 0.0
0.12969 0.0
0.12994 0.0
0.13018 0.0
0.13042 0.0
0.13067 0.0
0.13091 0.0
0.13116 0.0
0.1314 0.0
0.13165 0.0
0.13189 0.0
0.13213 0.0
0.13238 0.0
0.13262 0.0
0.13287 0.0
0.13311 0.0
0.13335 0.0
0.1336 0.0
0.13384 0.0
0.13409 0.0
0.13433 0.0
0.13457 0.0
0.13482 0.0
0.13506 0.0
0.13531 0.0
0.13555 0.0
0.1358 0.0
0.13604 0.0
0.13628 0.0
0.13653 0.0
0.13677 0.0
0.13702 0.0
0.13726 0.0
0.1375 0.0
0.13775 0.0
0.13799 0.0
0.13824 0.0
0.13848 0.0
0.13873 0.0
0.13897 0.0
0.13921 0.0
0.13946 0.0
0.1397 0.0
0.13995 0.0
0.14019 0.0
0.14043 0.0
0.14068 0.0
0.14092 0.0
0.14117 0.0
0.14141 0.0
0.14165 0.0
0.1419 0.0
0.14214 0.0
0.14239 0.0
0.14263 0.0
0.14288 0.0
0.14312 0.0
