t strain*1e23
-1.47314 -4.0
-1.4729 -3.9
-1.47265 -3.9
-1.47241 -3.9
-1.47216 -3.8
-1.47192 -3.8
-1.47168 -3.7
-1.47143 -3.7
-1.47119 -3.6
-1.47094 -3.5
-1.4707 -3.4
-1.47046 -3.4
-1.47021 -3.3
-1.46997 -3.2
-1.46972 -3.1
-1.46948 -3.0
-1.46923 -2.9
-1.46899 -2.8
-1.46875 -2.7
-1.4685 -2.5
-1.46826 -2.4
-1.46801 -2.3
-1.46777 -2.2
-1.46753 -2.0
-1.46728 -1.9
-1.46704 -1.8
-1.46679 -1.6
-1.46655 -1.5
-1.4663 -1.3
-1.46606 -1.2
-1.46582 -1.0
-1.46557 -0.9
-1.46533 -0.7
-1.46508 -0.6
-1.46484 -0.4
-1.4646 -0.3
-1.46435 -0.1
-1.46411 0.0
-1.46386 0.2
-1.46362 0.3
-1.46338 0.5
-1.46313 0.7
-1.46289 0.8
-1.46264 1.0
-1.4624 1.1
-1.46215 1.3
-1.46191 1.4
-1.46167 1.5
-1.46142 1.7
-1.46118 1.8
-1.46093 2.0
-1.46069 2.1
-1.46045 2.2
-1.4602 2.4
-1.45996 2.5
-1.45971 2.6
-1.45947 2.7
-1.45922 2.8
-1.45898 2.9
-1.45874 3.0
-1.45849 3.1
-1.45825 3.2
-1.458 3.3
-1.45776 3.4
-1.45752 3.5
-1.45727 3.6
-1.45703 3.6
-1.45678 3.7
-1.45654 3.8
-1.4563 3.8
-1.45605 3.9
-1.45581 3.9
-1.45556 3.9
-1.45532 4.0
-1.45507 4.0
-1.45483 4.0
-1.45459 4.0
-1.45434 4.0
-1.4541 4.0
-1.45385 4.0
-1.45361 4.0
-1.45337 4.0
-1.45312 4.0
-1.45288 3.9
-1.45263 3.9
-1.45239 3.9
-1.45214 3.8
-1.4519 3.8
-1.45166 3.7
-1.45141 3.6
-1.45117 3.6
-1.45092 3.5
-1.45068 3.4
-1.45044 3.3
-1.45019 3.2
-1.44995 3.2
-1.4497 3.1
-1.44946 3.0
-1.44921 2.8
-1.44897 2.7
-1.44873 2.6
-1.44848 2.5
-1.44824 2.4
-1.44799 2.2
-1.44775 2.1
-1.44751 2.0
-1.44726 1.8
-1.44702 1.7
-1.44677 1.6
-1.44653 1.4
-1.44629 1.3
-1.44604 1.1
-1.4458 1.0
-1.44555 0.8
-1.44531 0.7
-1.44506 0.5
-1.44482 0.4
-1.44458 0.2
-1.44433 0.0
-1.44409 -0.1
-1.44384 -0.3
-1.4436 -0.4
-1.44336 -0.6
-1.44311 -0.7
-1.44287 -0.9
-1.44262 -1.0
-1.44238 -1.2
-1.44213 -1.3
-1.44189 -1.5
-1.44165 -1.6
-1.4414 -1.8
-1.44116 -1.9
-1.44091 -2.0
-1.44067 -2.2
-1.44043 -2.3
-1.44018 -2.4
-1.43994 -2.6
-1.43969 -2.7
-1.43945 -2.8
-1.43921 -2.9
-1.43896 -3.0
-1.43872 -3.1
-1.43847 -3.2
-1.43823 -3.3
-1.43798 -3.4
-1.43774 -3.5
-1.4375 -3.5
-1.43725 -3.6
-1.43701 -3.7
-1.43676 -3.7
-1.43652 -3.8
-1.43628 -3.9
-1.43603 -3.9
-1.43579 -3.9
-1.43554 -4.0
-1.4353 -4.0
-1.43505 -4.0
-1.43481 -4.0
-1.43457 -4.0
-1.43432 -4.0
-1.43408 -4.0
-1.43383 -4.0
-1.43359 -4.0
-1.43335 -4.0
-1.4331 -4.0
-1.43286 -3.9
-1.43261 -3.9
-1.43237 -3.8
-1.43213 -3.8
-1.43188 -3.7
-1.43164 -3.7
-1.43139 -3.6
-1.43115 -3.5
-1.4309 -3.5
-1.43066 -3.4
-1.43042 -3.3
-1.43017 -3.2
-1.42993 -3.1
-1.42968 -3.0
-1.42944 -2.9
-1.4292 -2.8
-1.42895 -2.6
-1.42871 -2.5
-1.42846 -2.4
-1.42822 -2.3
-1.42797 -2.1
-1.42773 -2.0
-1.42749 -1.9
-1.42724 -1.7
-1.427 -1.6
-1.42675 -1.4
-1.42651 -1.3
-1.42627 -1.1
-1.42602 -1.0
-1.42578 -0.8
-1.42553 -0.7
-1.42529 -0.5
-1.42505 -0.4
-1.4248 -0.2
-1.42456 0.0
-1.42431 0.0
-1.42407 0.2
-1.42382 0.4
-1.42358 0.6
-1.42334 0.7
-1.42309 0.9
-1.42285 1.0
-1.4226 1.2
-1.42236 1.3
-1.42212 1.5
-1.42187 1.6
-1.42163 1.8
-1.42138 1.9
-1.42114 2.0
-1.42089 2.2
-1.42065 2.3
-1.42041 2.4
-1.42016 2.6
-1.41992 2.7
-1.41967 2.8
-1.41943 2.9
-1.41919 3.0
-1.41894 3.1
-1.4187 3.2
-1.41845 3.3
-1.41821 3.4
-1.41796 3.5
-1.41772 3.6
-1.41748 3.6
-1.41723 3.7
-1.41699 3.8
-1.41674 3.8
-1.4165 3.9
-1.41626 3.9
-1.41601 3.9
-1.41577 4.0
-1.41552 4.0
-1.41528 4.0
-1.41504 4.0
-1.41479 4.1
-1.41455 4.1
-1.4143 4.0
-1.41406 4.0
-1.41381 4.0
-1.41357 4.0
-1.41333 4.0
-1.41308 3.9
-1.41284 3.9
-1.41259 3.9
-1.41235 3.8
-1.41211 3.7
-1.41186 3.7
-1.41162 3.6
-1.41137 3.5
-1.41113 3.5
-1.41088 3.4
-1.41064 3.3
-1.4104 3.2
-1.41015 3.1
-1.40991 3.0
-1.40966 2.9
-1.40942 2.8
-1.40918 2.6
-1.40893 2.5
-1.40869 2.4
-1.40844 2.3
-1.4082 2.1
-1.40796 2.0
-1.40771 1.9
-1.40747 1.7
-1.40722 1.6
-1.40698 1.4
-1.40673 1.3
-1.40649 1.1
-1.40625 1.0
-1.406 0.8
-1.40576 0.7
-1.40551 0.5
-1.40527 0.3
-1.40503 0.2
-1.40478 0.0
-1.40454 -0.1
-1.40429 -0.3
-1.40405 -0.5
-1.4038 -0.6
-1.40356 -0.8
-1.40332 -0.9
-1.40307 -1.1
-1.40283 -1.2
-1.40258 -1.4
-1.40234 -1.5
-1.4021 -1.7
-1.40185 -1.8
-1.40161 -2.0
-1.40136 -2.1
-1.40112 -2.2
-1.40088 -2.4
-1.40063 -2.5
-1.40039 -2.6
-1.40014 -2.7
-1.3999 -2.8
-1.39965 -3.0
-1.39941 -3.1
-1.39917 -3.2
-1.39892 -3.3
-1.39868 -3.4
-1.39843 -3.4
-1.39819 -3.5
-1.39795 -3.6
-1.3977 -3.7
-1.39746 -3.7
-1.39721 -3.8
-1.39697 -3.8
-1.39672 -3.9
-1.39648 -3.9
-1.39624 -4.0
-1.39599 -4.0
-1.39575 -4.0
-1.3955 -4.0
-1.39526 -4.1
-1.39502 -4.1
-1.39477 -4.1
-1.39453 -4.1
-1.39428 -4.0
-1.39404 -4.0
-1.3938 -4.0
-1.39355 -4.0
-1.39331 -3.9
-1.39306 -3.9
-1.39282 -3.8
-1.39257 -3.8
-1.39233 -3.7
-1.39209 -3.7
-1.39184 -3.6
-1.3916 -3.5
-1.39135 -3.4
-1.39111 -3.3
-1.39087 -3.2
-1.39062 -3.1
-1.39038 -3.0
-1.39013 -2.9
-1.38989 -2.8
-1.38964 -2.7
-1.3894 -2.6
-1.38916 -2.4
-1.38891 -2.3
-1.38867 -2.2
-1.38842 -2.1
-1.38818 -1.9
-1.38794 -1.8
-1.38769 -1.6
-1.38745 -1.5
-1.3872 -1.3
-1.38696 -1.2
-1.38671 -1.0
-1.38647 -0.9
-1.38623 -0.7
-1.38598 -0.6
-1.38574 -0.4
-1.38549 -0.2
-1.38525 0.0
-1.38501 0.0
-1.38476 0.2
-1.38452 0.4
-1.38427 0.6
-1.38403 0.7
-1.38379 0.9
-1.38354 1.0
-1.3833 1.2
-1.38305 1.3
-1.38281 1.5
-1.38256 1.6
-1.38232 1.8
-1.38208 1.9
-1.38183 2.1
-1.38159 2.2
-1.38134 2.3
-1.3811 2.5
-1.38086 2.6
-1.38061 2.7
-1.38037 2.8
-1.38012 2.9
-1.37988 3.0
-1.37963 3.2
-1.37939 3.3
-1.37915 3.3
-1.3789 3.4
-1.37866 3.5
-1.37841 3.6
-1.37817 3.7
-1.37793 3.7
-1.37768 3.8
-1.37744 3.9
-1.37719 3.9
-1.37695 3.9
-1.37671 4.0
-1.37646 4.0
-1.37622 4.0
-1.37597 4.1
-1.37573 4.1
-1.37548 4.1
-1.37524 4.1
-1.375 4.1
-1.37475 4.1
-1.37451 4.0
-1.37426 4.0
-1.37402 4.0
-1.37378 3.9
-1.37353 3.9
-1.37329 3.9
-1.37304 3.8
-1.3728 3.7
-1.37255 3.7
-1.37231 3.6
-1.37207 3.5
-1.37182 3.4
-1.37158 3.3
-1.37133 3.3
-1.37109 3.2
-1.37085 3.0
-1.3706 2.9
-1.37036 2.8
-1.37011 2.7
-1.36987 2.6
-1.36963 2.5
-1.36938 2.3
-1.36914 2.2
-1.36889 2.1
-1.36865 1.9
-1.3684 1.8
-1.36816 1.6
-1.36792 1.5
-1.36767 1.3
-1.36743 1.2
-1.36718 1.0
-1.36694 0.9
-1.3667 0.7
-1.36645 0.5
-1.36621 0.4
-1.36596 0.2
-1.36572 0.0
-1.36547 0.0
-1.36523 -0.3
-1.36499 -0.4
-1.36474 -0.6
-1.3645 -0.7
-1.36425 -0.9
-1.36401 -1.1
-1.36377 -1.2
-1.36352 -1.4
-1.36328 -1.5
-1.36303 -1.7
-1.36279 -1.8
-1.36255 -1.9
-1.3623 -2.1
-1.36206 -2.2
-1.36181 -2.4
-1.36157 -2.5
-1.36132 -2.6
-1.36108 -2.7
-1.36084 -2.9
-1.36059 -3.0
-1.36035 -3.1
-1.3601 -3.2
-1.35986 -3.3
-1.35962 -3.4
-1.35937 -3.5
-1.35913 -3.5
-1.35888 -3.6
-1.35864 -3.7
-1.35839 -3.8
-1.35815 -3.8
-1.35791 -3.9
-1.35766 -3.9
-1.35742 -4.0
-1.35717 -4.0
-1.35693 -4.0
-1.35669 -4.1
-1.35644 -4.1
-1.3562 -4.1
-1.35595 -4.1
-1.35571 -4.1
-1.35546 -4.1
-1.35522 -4.1
-1.35498 -4.0
-1.35473 -4.0
-1.35449 -4.0
-1.35424 -3.9
-1.354 -3.9
-1.35376 -3.8
-1.35351 -3.8
-1.35327 -3.7
-1.35302 -3.7
-1.35278 -3.6
-1.35254 -3.5
-1.35229 -3.4
-1.35205 -3.3
-1.3518 -3.2
-1.35156 -3.1
-1.35131 -3.0
-1.35107 -2.9
-1.35083 -2.8
-1.35058 -2.7
-1.35034 -2.5
-1.35009 -2.4
-1.34985 -2.3
-1.34961 -2.1
-1.34936 -2.0
-1.34912 -1.9
-1.34887 -1.7
-1.34863 -1.6
-1.34838 -1.4
-1.34814 -1.3
-1.3479 -1.1
-1.34765 -1.0
-1.34741 -0.8
-1.34716 -0.6
-1.34692 -0.5
-1.34668 -0.3
-1.34643 -0.1
-1.34619 0.0
-1.34594 0.2
-1.3457 0.3
-1.34546 0.5
-1.34521 0.7
-1.34497 0.8
-1.34472 1.0
-1.34448 1.1
-1.34423 1.3
-1.34399 1.4
-1.34375 1.6
-1.3435 1.7
-1.34326 1.9
-1.34301 2.0
-1.34277 2.2
-1.34253 2.3
-1.34228 2.4
-1.34204 2.6
-1.34179 2.7
-1.34155 2.8
-1.3413 2.9
-1.34106 3.0
-1.34082 3.2
-1.34057 3.3
-1.34033 3.4
-1.34008 3.4
-1.33984 3.5
-1.3396 3.6
-1.33935 3.7
-1.33911 3.8
-1.33886 3.8
-1.33862 3.9
-1.33838 3.9
-1.33813 4.0
-1.33789 4.0
-1.33764 4.0
-1.3374 4.1
-1.33715 4.1
-1.33691 4.1
-1.33667 4.1
-1.33642 4.1
-1.33618 4.1
-1.33593 4.1
-1.33569 4.1
-1.33545 4.0
-1.3352 4.0
-1.33496 4.0
-1.33471 3.9
-1.33447 3.9
-1.33422 3.8
-1.33398 3.8
-1.33374 3.7
-1.33349 3.6
-1.33325 3.5
-1.333 3.4
-1.33276 3.4
-1.33252 3.3
-1.33227 3.2
-1.33203 3.1
-1.33178 2.9
-1.33154 2.8
-1.3313 2.7
-1.33105 2.6
-1.33081 2.4
-1.33056 2.3
-1.33032 2.2
-1.33007 2.0
-1.32983 1.9
-1.32959 1.7
-1.32934 1.6
-1.3291 1.4
-1.32885 1.3
-1.32861 1.1
-1.32837 1.0
-1.32812 0.8
-1.32788 0.7
-1.32763 0.5
-1.32739 0.3
-1.32714 0.2
-1.3269 0.0
-1.32666 -0.2
-1.32641 -0.3
-1.32617 -0.5
-1.32592 -0.6
-1.32568 -0.8
-1.32544 -1.0
-1.32519 -1.1
-1.32495 -1.3
-1.3247 -1.4
-1.32446 -1.6
-1.32421 -1.7
-1.32397 -1.9
-1.32373 -2.0
-1.32348 -2.2
-1.32324 -2.3
-1.32299 -2.4
-1.32275 -2.6
-1.32251 -2.7
-1.32226 -2.8
-1.32202 -2.9
-1.32177 -3.1
-1.32153 -3.2
-1.32129 -3.3
-1.32104 -3.4
-1.3208 -3.5
-1.32055 -3.5
-1.32031 -3.6
-1.32006 -3.7
-1.31982 -3.8
-1.31958 -3.8
-1.31933 -3.9
-1.31909 -3.9
-1.31884 -4.0
-1.3186 -4.0
-1.31836 -4.1
-1.31811 -4.1
-1.31787 -4.1
-1.31762 -4.1
-1.31738 -4.1
-1.31713 -4.1
-1.31689 -4.1
-1.31665 -4.1
-1.3164 -4.1
-1.31616 -4.1
-1.31591 -4.0
-1.31567 -4.0
-1.31543 -3.9
-1.31518 -3.9
-1.31494 -3.8
-1.31469 -3.8
-1.31445 -3.7
-1.31421 -3.6
-1.31396 -3.5
-1.31372 -3.4
-1.31347 -3.4
-1.31323 -3.3
-1.31298 -3.1
-1.31274 -3.0
-1.3125 -2.9
-1.31225 -2.8
-1.31201 -2.7
-1.31176 -2.6
-1.31152 -2.4
-1.31128 -2.3
-1.31103 -2.2
-1.31079 -2.0
-1.31054 -1.9
-1.3103 -1.7
-1.31005 -1.6
-1.30981 -1.4
-1.30957 -1.3
-1.30932 -1.1
-1.30908 -0.9
-1.30883 -0.8
-1.30859 -0.6
-1.30835 -0.4
-1.3081 -0.3
-1.30786 -0.1
-1.30761 0.0
-1.30737 0.2
-1.30713 0.4
-1.30688 0.5
-1.30664 0.7
-1.30639 0.9
-1.30615 1.0
-1.3059 1.2
-1.30566 1.3
-1.30542 1.5
-1.30517 1.7
-1.30493 1.8
-1.30468 1.9
-1.30444 2.1
-1.3042 2.2
-1.30395 2.4
-1.30371 2.5
-1.30346 2.6
-1.30322 2.8
-1.30297 2.9
-1.30273 3.0
-1.30249 3.1
-1.30224 3.2
-1.302 3.3
-1.30175 3.4
-1.30151 3.5
-1.30127 3.6
-1.30102 3.7
-1.30078 3.7
-1.30053 3.8
-1.30029 3.9
-1.30005 3.9
-1.2998 4.0
-1.29956 4.0
-1.29931 4.1
-1.29907 4.1
-1.29882 4.1
-1.29858 4.1
-1.29834 4.1
-1.29809 4.1
-1.29785 4.1
-1.2976 4.1
-1.29736 4.1
-1.29712 4.1
-1.29687 4.1
-1.29663 4.0
-1.29638 4.0
-1.29614 3.9
-1.29589 3.9
-1.29565 3.8
-1.29541 3.7
-1.29516 3.7
-1.29492 3.6
-1.29467 3.5
-1.29443 3.4
-1.29419 3.3
-1.29394 3.2
-1.2937 3.1
-1.29345 3.0
-1.29321 2.9
-1.29296 2.7
-1.29272 2.6
-1.29248 2.5
-1.29223 2.4
-1.29199 2.2
-1.29174 2.1
-1.2915 1.9
-1.29126 1.8
-1.29101 1.6
-1.29077 1.5
-1.29052 1.3
-1.29028 1.2
-1.29004 1.0
-1.28979 0.8
-1.28955 0.7
-1.2893 0.5
-1.28906 0.3
-1.28881 0.2
-1.28857 0.0
-1.28833 -0.2
-1.28808 -0.3
-1.28784 -0.5
-1.28759 -0.7
-1.28735 -0.8
-1.28711 -1.0
-1.28686 -1.1
-1.28662 -1.3
-1.28637 -1.5
-1.28613 -1.6
-1.28588 -1.8
-1.28564 -1.9
-1.2854 -2.1
-1.28515 -2.2
-1.28491 -2.4
-1.28466 -2.5
-1.28442 -2.6
-1.28418 -2.7
-1.28393 -2.9
-1.28369 -3.0
-1.28344 -3.1
-1.2832 -3.2
-1.28296 -3.3
-1.28271 -3.4
-1.28247 -3.5
-1.28222 -3.6
-1.28198 -3.7
-1.28173 -3.7
-1.28149 -3.8
-1.28125 -3.9
-1.281 -3.9
-1.28076 -4.0
-1.28051 -4.0
-1.28027 -4.1
-1.28003 -4.1
-1.27978 -4.1
-1.27954 -4.1
-1.27929 -4.1
-1.27905 -4.1
-1.2788 -4.1
-1.27856 -4.1
-1.27832 -4.1
-1.27807 -4.1
-1.27783 -4.1
-1.27758 -4.0
-1.27734 -4.0
-1.2771 -3.9
-1.27685 -3.9
-1.27661 -3.8
-1.27636 -3.7
-1.27612 -3.7
-1.27588 -3.6
-1.27563 -3.5
-1.27539 -3.4
-1.27514 -3.3
-1.2749 -3.2
-1.27465 -3.1
-1.27441 -3.0
-1.27417 -2.9
-1.27392 -2.7
-1.27368 -2.6
-1.27343 -2.5
-1.27319 -2.4
-1.27295 -2.2
-1.2727 -2.1
-1.27246 -1.9
-1.27221 -1.8
-1.27197 -1.6
-1.27172 -1.5
-1.27148 -1.3
-1.27124 -1.1
-1.27099 -1.0
-1.27075 -0.8
-1.2705 -0.7
-1.27026 -0.5
-1.27002 -0.3
-1.26977 -0.2
-1.26953 0.0
-1.26928 0.2
-1.26904 0.4
-1.2688 0.5
-1.26855 0.7
-1.26831 0.9
-1.26806 1.0
-1.26782 1.2
-1.26757 1.3
-1.26733 1.5
-1.26709 1.7
-1.26684 1.8
-1.2666 2.0
-1.26635 2.1
-1.26611 2.2
-1.26587 2.4
-1.26562 2.5
-1.26538 2.7
-1.26513 2.8
-1.26489 2.9
-1.26464 3.0
-1.2644 3.1
-1.26416 3.2
-1.26391 3.3
-1.26367 3.4
-1.26342 3.5
-1.26318 3.6
-1.26294 3.7
-1.26269 3.8
-1.26245 3.8
-1.2622 3.9
-1.26196 4.0
-1.26171 4.0
-1.26147 4.1
-1.26123 4.1
-1.26098 4.1
-1.26074 4.1
-1.26049 4.2
-1.26025 4.2
-1.26001 4.2
-1.25976 4.2
-1.25952 4.1
-1.25927 4.1
-1.25903 4.1
-1.25879 4.1
-1.25854 4.0
-1.2583 4.0
-1.25805 3.9
-1.25781 3.9
-1.25756 3.8
-1.25732 3.7
-1.25708 3.7
-1.25683 3.6
-1.25659 3.5
-1.25634 3.4
-1.2561 3.3
-1.25586 3.2
-1.25561 3.1
-1.25537 3.0
-1.25512 2.8
-1.25488 2.7
-1.25463 2.6
-1.25439 2.4
-1.25415 2.3
-1.2539 2.2
-1.25366 2.0
-1.25341 1.9
-1.25317 1.7
-1.25293 1.5
-1.25268 1.4
-1.25244 1.2
-1.25219 1.1
-1.25195 0.9
-1.25171 0.7
-1.25146 0.6
-1.25122 0.4
-1.25097 0.2
-1.25073 0.0
-1.25048 -0.1
-1.25024 -0.3
-1.25 -0.4
-1.24975 -0.6
-1.24951 -0.8
-1.24926 -0.9
-1.24902 -1.1
-1.24878 -1.3
-1.24853 -1.4
-1.24829 -1.6
-1.24804 -1.7
-1.2478 -1.9
-1.24755 -2.1
-1.24731 -2.2
-1.24707 -2.3
-1.24682 -2.5
-1.24658 -2.6
-1.24633 -2.7
-1.24609 -2.9
-1.24585 -3.0
-1.2456 -3.1
-1.24536 -3.2
-1.24511 -3.3
-1.24487 -3.4
-1.24463 -3.5
-1.24438 -3.6
-1.24414 -3.7
-1.24389 -3.8
-1.24365 -3.8
-1.2434 -3.9
-1.24316 -4.0
-1.24292 -4.0
-1.24267 -4.1
-1.24243 -4.1
-1.24218 -4.1
-1.24194 -4.1
-1.2417 -4.2
-1.24145 -4.2
-1.24121 -4.2
-1.24096 -4.2
-1.24072 -4.2
-1.24047 -4.1
-1.24023 -4.1
-1.23999 -4.1
-1.23974 -4.1
-1.2395 -4.0
-1.23925 -4.0
-1.23901 -3.9
-1.23877 -3.8
-1.23852 -3.8
-1.23828 -3.7
-1.23803 -3.6
-1.23779 -3.5
-1.23755 -3.4
-1.2373 -3.3
-1.23706 -3.2
-1.23681 -3.1
-1.23657 -3.0
-1.23632 -2.9
-1.23608 -2.7
-1.23584 -2.6
-1.23559 -2.5
-1.23535 -2.3
-1.2351 -2.2
-1.23486 -2.0
-1.23462 -1.9
-1.23437 -1.7
-1.23413 -1.6
-1.23388 -1.4
-1.23364 -1.2
-1.23339 -1.1
-1.23315 -0.9
-1.23291 -0.8
-1.23266 -0.6
-1.23242 -0.4
-1.23217 -0.2
-1.23193 0.0
-1.23169 0.0
-1.23144 0.3
-1.2312 0.4
-1.23095 0.6
-1.23071 0.8
-1.23046 0.9
-1.23022 1.1
-1.22998 1.3
-1.22973 1.4
-1.22949 1.6
-1.22924 1.8
-1.229 1.9
-1.22876 2.1
-1.22851 2.2
-1.22827 2.4
-1.22802 2.5
-1.22778 2.6
-1.22754 2.8
-1.22729 2.9
-1.22705 3.0
-1.2268 3.1
-1.22656 3.2
-1.22631 3.3
-1.22607 3.4
-1.22583 3.5
-1.22558 3.6
-1.22534 3.7
-1.22509 3.8
-1.22485 3.9
-1.22461 3.9
-1.22436 4.0
-1.22412 4.0
-1.22387 4.1
-1.22363 4.1
-1.22338 4.1
-1.22314 4.2
-1.2229 4.2
-1.22265 4.2
-1.22241 4.2
-1.22216 4.2
-1.22192 4.2
-1.22168 4.2
-1.22143 4.1
-1.22119 4.1
-1.22094 4.1
-1.2207 4.0
-1.22046 4.0
-1.22021 3.9
-1.21997 3.8
-1.21972 3.8
-1.21948 3.7
-1.21923 3.6
-1.21899 3.5
-1.21875 3.4
-1.2185 3.3
-1.21826 3.2
-1.21801 3.1
-1.21777 3.0
-1.21753 2.8
-1.21728 2.7
-1.21704 2.6
-1.21679 2.4
-1.21655 2.3
-1.2163 2.1
-1.21606 2.0
-1.21582 1.8
-1.21557 1.7
-1.21533 1.5
-1.21508 1.4
-1.21484 1.2
-1.2146 1.0
-1.21435 0.9
-1.21411 0.7
-1.21386 0.5
-1.21362 0.4
-1.21338 0.2
-1.21313 0.0
-1.21289 -0.2
-1.21264 -0.3
-1.2124 -0.5
-1.21215 -0.7
-1.21191 -0.8
-1.21167 -1.0
-1.21142 -1.2
-1.21118 -1.3
-1.21093 -1.5
-1.21069 -1.7
-1.21045 -1.8
-1.2102 -2.0
-1.20996 -2.1
-1.20971 -2.3
-1.20947 -2.4
-1.20922 -2.6
-1.20898 -2.7
-1.20874 -2.8
-1.20849 -3.0
-1.20825 -3.1
-1.208 -3.2
-1.20776 -3.3
-1.20752 -3.4
-1.20727 -3.5
-1.20703 -3.6
-1.20678 -3.7
-1.20654 -3.8
-1.2063 -3.8
-1.20605 -3.9
-1.20581 -4.0
-1.20556 -4.0
-1.20532 -4.1
-1.20507 -4.1
-1.20483 -4.1
-1.20459 -4.2
-1.20434 -4.2
-1.2041 -4.2
-1.20385 -4.2
-1.20361 -4.2
-1.20337 -4.2
-1.20312 -4.2
-1.20288 -4.2
-1.20263 -4.1
-1.20239 -4.1
-1.20214 -4.0
-1.2019 -4.0
-1.20166 -3.9
-1.20141 -3.9
-1.20117 -3.8
-1.20092 -3.7
-1.20068 -3.6
-1.20044 -3.5
-1.20019 -3.5
-1.19995 -3.3
-1.1997 -3.2
-1.19946 -3.1
-1.19921 -3.0
-1.19897 -2.9
-1.19873 -2.8
-1.19848 -2.6
-1.19824 -2.5
-1.19799 -2.3
-1.19775 -2.2
-1.19751 -2.0
-1.19726 -1.9
-1.19702 -1.7
-1.19677 -1.6
-1.19653 -1.4
-1.19629 -1.2
-1.19604 -1.1
-1.1958 -0.9
-1.19555 -0.7
-1.19531 -0.6
-1.19506 -0.4
-1.19482 -0.2
-1.19458 0.0
-1.19433 0.1
-1.19409 0.3
-1.19384 0.5
-1.1936 0.6
-1.19336 0.8
-1.19311 1.0
-1.19287 1.2
-1.19262 1.3
-1.19238 1.5
-1.19213 1.7
-1.19189 1.8
-1.19165 2.0
-1.1914 2.1
-1.19116 2.3
-1.19091 2.4
-1.19067 2.6
-1.19043 2.7
-1.19018 2.8
-1.18994 3.0
-1.18969 3.1
-1.18945 3.2
-1.18921 3.3
-1.18896 3.4
-1.18872 3.5
-1.18847 3.6
-1.18823 3.7
-1.18798 3.8
-1.18774 3.8
-1.1875 3.9
-1.18725 4.0
-1.18701 4.0
-1.18676 4.1
-1.18652 4.1
-1.18628 4.2
-1.18603 4.2
-1.18579 4.2
-1.18554 4.2
-1.1853 4.2
-1.18505 4.2
-1.18481 4.2
-1.18457 4.2
-1.18432 4.2
-1.18408 4.1
-1.18383 4.1
-1.18359 4.1
-1.18335 4.0
-1.1831 3.9
-1.18286 3.9
-1.18261 3.8
-1.18237 3.7
-1.18213 3.6
-1.18188 3.6
-1.18164 3.5
-1.18139 3.4
-1.18115 3.2
-1.1809 3.1
-1.18066 3.0
-1.18042 2.9
-1.18017 2.8
-1.17993 2.6
-1.17968 2.5
-1.17944 2.3
-1.1792 2.2
-1.17895 2.0
-1.17871 1.9
-1.17846 1.7
-1.17822 1.6
-1.17797 1.4
-1.17773 1.2
-1.17749 1.1
-1.17724 0.9
-1.177 0.7
-1.17675 0.5
-1.17651 0.4
-1.17627 0.2
-1.17602 0.0
-1.17578 -0.2
-1.17553 -0.3
-1.17529 -0.5
-1.17505 -0.7
-1.1748 -0.9
-1.17456 -1.0
-1.17431 -1.2
-1.17407 -1.4
-1.17382 -1.5
-1.17358 -1.7
-1.17334 -1.9
-1.17309 -2.0
-1.17285 -2.2
-1.1726 -2.3
-1.17236 -2.5
-1.17212 -2.6
-1.17187 -2.7
-1.17163 -2.9
-1.17138 -3.0
-1.17114 -3.1
-1.17089 -3.2
-1.17065 -3.4
-1.17041 -3.5
-1.17016 -3.6
-1.16992 -3.6
-1.16967 -3.7
-1.16943 -3.8
-1.16919 -3.9
-1.16894 -4.0
-1.1687 -4.0
-1.16845 -4.1
-1.16821 -4.1
-1.16796 -4.2
-1.16772 -4.2
-1.16748 -4.2
-1.16723 -4.2
-1.16699 -4.2
-1.16674 -4.2
-1.1665 -4.2
-1.16626 -4.2
-1.16601 -4.2
-1.16577 -4.2
-1.16552 -4.1
-1.16528 -4.1
-1.16504 -4.0
-1.16479 -4.0
-1.16455 -3.9
-1.1643 -3.9
-1.16406 -3.8
-1.16381 -3.7
-1.16357 -3.6
-1.16333 -3.5
-1.16308 -3.4
-1.16284 -3.3
-1.16259 -3.2
-1.16235 -3.1
-1.16211 -3.0
-1.16186 -2.8
-1.16162 -2.7
-1.16137 -2.5
-1.16113 -2.4
-1.16088 -2.3
-1.16064 -2.1
-1.1604 -2.0
-1.16015 -1.8
-1.15991 -1.6
-1.15966 -1.5
-1.15942 -1.3
-1.15918 -1.1
-1.15893 -1.0
-1.15869 -0.8
-1.15844 -0.6
-1.1582 -0.4
-1.15796 -0.3
-1.15771 0.0
-1.15747 0.1
-1.15722 0.3
-1.15698 0.5
-1.15673 0.6
-1.15649 0.8
-1.15625 1.0
-1.156 1.2
-1.15576 1.3
-1.15551 1.5
-1.15527 1.7
-1.15503 1.8
-1.15478 2.0
-1.15454 2.1
-1.15429 2.3
-1.15405 2.4
-1.1538 2.6
-1.15356 2.7
-1.15332 2.8
-1.15307 3.0
-1.15283 3.1
-1.15258 3.2
-1.15234 3.3
-1.1521 3.4
-1.15185 3.5
-1.15161 3.6
-1.15136 3.7
-1.15112 3.8
-1.15088 3.9
-1.15063 4.0
-1.15039 4.0
-1.15014 4.1
-1.1499 4.1
-1.14965 4.2
-1.14941 4.2
-1.14917 4.2
-1.14892 4.2
-1.14868 4.2
-1.14843 4.3
-1.14819 4.2
-1.14795 4.2
-1.1477 4.2
-1.14746 4.2
-1.14721 4.2
-1.14697 4.1
-1.14672 4.1
-1.14648 4.0
-1.14624 4.0
-1.14599 3.9
-1.14575 3.8
-1.1455 3.7
-1.14526 3.6
-1.14502 3.5
-1.14477 3.4
-1.14453 3.3
-1.14428 3.2
-1.14404 3.1
-1.1438 3.0
-1.14355 2.8
-1.14331 2.7
-1.14306 2.6
-1.14282 2.4
-1.14257 2.3
-1.14233 2.1
-1.14209 2.0
-1.14184 1.8
-1.1416 1.6
-1.14135 1.5
-1.14111 1.3
-1.14087 1.1
-1.14062 1.0
-1.14038 0.8
-1.14013 0.6
-1.13989 0.4
-1.13964 0.2
-1.1394 0.0
-1.13916 -0.1
-1.13891 -0.3
-1.13867 -0.5
-1.13842 -0.6
-1.13818 -0.8
-1.13794 -1.0
-1.13769 -1.2
-1.13745 -1.3
-1.1372 -1.5
-1.13696 -1.7
-1.13671 -1.8
-1.13647 -2.0
-1.13623 -2.2
-1.13598 -2.3
-1.13574 -2.5
-1.13549 -2.6
-1.13525 -2.7
-1.13501 -2.9
-1.13476 -3.0
-1.13452 -3.1
-1.13427 -3.3
-1.13403 -3.4
-1.13379 -3.5
-1.13354 -3.6
-1.1333 -3.7
-1.13305 -3.8
-1.13281 -3.8
-1.13256 -3.9
-1.13232 -4.0
-1.13208 -4.0
-1.13183 -4.1
-1.13159 -4.1
-1.13134 -4.2
-1.1311 -4.2
-1.13086 -4.2
-1.13061 -4.3
-1.13037 -4.3
-1.13012 -4.3
-1.12988 -4.3
-1.12963 -4.2
-1.12939 -4.2
-1.12915 -4.2
-1.1289 -4.2
-1.12866 -4.1
-1.12841 -4.1
-1.12817 -4.0
-1.12793 -3.9
-1.12768 -3.9
-1.12744 -3.8
-1.12719 -3.7
-1.12695 -3.6
-1.12671 -3.5
-1.12646 -3.4
-1.12622 -3.3
-1.12597 -3.2
-1.12573 -3.1
-1.12548 -2.9
-1.12524 -2.8
-1.125 -2.7
-1.12475 -2.5
-1.12451 -2.4
-1.12426 -2.2
-1.12402 -2.1
-1.12378 -1.9
-1.12353 -1.7
-1.12329 -1.6
-1.12304 -1.4
-1.1228 -1.2
-1.12255 -1.1
-1.12231 -0.9
-1.12207 -0.7
-1.12182 -0.5
-1.12158 -0.3
-1.12133 -0.2
-1.12109 0.0
-1.12085 0.2
-1.1206 0.4
-1.12036 0.6
-1.12011 0.7
-1.11987 0.9
-1.11963 1.1
-1.11938 1.3
-1.11914 1.4
-1.11889 1.6
-1.11865 1.8
-1.1184 1.9
-1.11816 2.1
-1.11792 2.3
-1.11767 2.4
-1.11743 2.6
-1.11718 2.7
-1.11694 2.8
-1.1167 3.0
-1.11645 3.1
-1.11621 3.2
-1.11596 3.3
-1.11572 3.4
-1.11547 3.5
-1.11523 3.6
-1.11499 3.7
-1.11474 3.8
-1.1145 3.9
-1.11425 4.0
-1.11401 4.0
-1.11377 4.1
-1.11352 4.1
-1.11328 4.2
-1.11303 4.2
-1.11279 4.2
-1.11255 4.3
-1.1123 4.3
-1.11206 4.3
-1.11181 4.3
-1.11157 4.3
-1.11132 4.3
-1.11108 4.2
-1.11084 4.2
-1.11059 4.1
-1.11035 4.1
-1.1101 4.0
-1.10986 4.0
-1.10962 3.9
-1.10937 3.8
-1.10913 3.7
-1.10888 3.7
-1.10864 3.6
-1.10839 3.5
-1.10815 3.3
-1.10791 3.2
-1.10766 3.1
-1.10742 3.0
-1.10717 2.8
-1.10693 2.7
-1.10669 2.6
-1.10644 2.4
-1.1062 2.3
-1.10595 2.1
-1.10571 1.9
-1.10546 1.8
-1.10522 1.6
-1.10498 1.4
-1.10473 1.3
-1.10449 1.1
-1.10424 0.9
-1.104 0.7
-1.10376 0.5
-1.10351 0.4
-1.10327 0.2
-1.10302 0.0
-1.10278 -0.2
-1.10254 -0.4
-1.10229 -0.5
-1.10205 -0.7
-1.1018 -0.9
-1.10156 -1.1
-1.10131 -1.3
-1.10107 -1.4
-1.10083 -1.6
-1.10058 -1.8
-1.10034 -1.9
-1.10009 -2.1
-1.09985 -2.3
-1.09961 -2.4
-1.09936 -2.6
-1.09912 -2.7
-1.09887 -2.8
-1.09863 -3.0
-1.09838 -3.1
-1.09814 -3.2
-1.0979 -3.3
-1.09765 -3.5
-1.09741 -3.6
-1.09716 -3.7
-1.09692 -3.8
-1.09668 -3.8
-1.09643 -3.9
-1.09619 -4.0
-1.09594 -4.1
-1.0957 -4.1
-1.09546 -4.2
-1.09521 -4.2
-1.09497 -4.2
-1.09472 -4.3
-1.09448 -4.3
-1.09423 -4.3
-1.09399 -4.3
-1.09375 -4.3
-1.0935 -4.3
-1.09326 -4.3
-1.09301 -4.2
-1.09277 -4.2
-1.09253 -4.2
-1.09228 -4.1
-1.09204 -4.0
-1.09179 -4.0
-1.09155 -3.9
-1.0913 -3.8
-1.09106 -3.7
-1.09082 -3.6
-1.09057 -3.5
-1.09033 -3.4
-1.09008 -3.3
-1.08984 -3.2
-1.0896 -3.1
-1.08935 -3.0
-1.08911 -2.8
-1.08886 -2.7
-1.08862 -2.5
-1.08838 -2.4
-1.08813 -2.2
-1.08789 -2.1
-1.08764 -1.9
-1.0874 -1.7
-1.08715 -1.6
-1.08691 -1.4
-1.08667 -1.2
-1.08642 -1.0
-1.08618 -0.9
-1.08593 -0.7
-1.08569 -0.5
-1.08545 -0.3
-1.0852 -0.1
-1.08496 0.0
-1.08471 0.2
-1.08447 0.4
-1.08422 0.6
-1.08398 0.8
-1.08374 1.0
-1.08349 1.2
-1.08325 1.3
-1.083 1.5
-1.08276 1.7
-1.08252 1.8
-1.08227 2.0
-1.08203 2.2
-1.08178 2.3
-1.08154 2.5
-1.0813 2.6
-1.08105 2.8
-1.08081 2.9
-1.08056 3.0
-1.08032 3.2
-1.08007 3.3
-1.07983 3.4
-1.07959 3.5
-1.07934 3.6
-1.0791 3.7
-1.07885 3.8
-1.07861 3.9
-1.07837 4.0
-1.07812 4.0
-1.07788 4.1
-1.07763 4.2
-1.07739 4.2
-1.07714 4.2
-1.0769 4.3
-1.07666 4.3
-1.07641 4.3
-1.07617 4.3
-1.07592 4.3
-1.07568 4.3
-1.07544 4.3
-1.07519 4.3
-1.07495 4.2
-1.0747 4.2
-1.07446 4.1
-1.07421 4.1
-1.07397 4.0
-1.07373 4.0
-1.07348 3.9
-1.07324 3.8
-1.07299 3.7
-1.07275 3.6
-1.07251 3.5
-1.07226 3.4
-1.07202 3.3
-1.07177 3.1
-1.07153 3.0
-1.07129 2.9
-1.07104 2.7
-1.0708 2.6
-1.07055 2.4
-1.07031 2.3
-1.07006 2.1
-1.06982 2.0
-1.06958 1.8
-1.06933 1.6
-1.06909 1.4
-1.06884 1.3
-1.0686 1.1
-1.06836 0.9
-1.06811 0.7
-1.06787 0.5
-1.06762 0.4
-1.06738 0.2
-1.06713 0.0
-1.06689 -0.2
-1.06665 -0.4
-1.0664 -0.6
-1.06616 -0.8
-1.06591 -0.9
-1.06567 -1.1
-1.06543 -1.3
-1.06518 -1.5
-1.06494 -1.6
-1.06469 -1.8
-1.06445 -2.0
-1.06421 -2.2
-1.06396 -2.3
-1.06372 -2.5
-1.06347 -2.6
-1.06323 -2.8
-1.06298 -2.9
-1.06274 -3.0
-1.0625 -3.2
-1.06225 -3.3
-1.06201 -3.4
-1.06176 -3.5
-1.06152 -3.6
-1.06128 -3.7
-1.06103 -3.8
-1.06079 -3.9
-1.06054 -4.0
-1.0603 -4.1
-1.06005 -4.1
-1.05981 -4.2
-1.05957 -4.2
-1.05932 -4.3
-1.05908 -4.3
-1.05883 -4.3
-1.05859 -4.3
-1.05835 -4.3
-1.0581 -4.3
-1.05786 -4.3
-1.05761 -4.3
-1.05737 -4.3
-1.05713 -4.2
-1.05688 -4.2
-1.05664 -4.2
-1.05639 -4.1
-1.05615 -4.0
-1.0559 -4.0
-1.05566 -3.9
-1.05542 -3.8
-1.05517 -3.7
-1.05493 -3.6
-1.05468 -3.5
-1.05444 -3.4
-1.0542 -3.3
-1.05395 -3.1
-1.05371 -3.0
-1.05346 -2.9
-1.05322 -2.7
-1.05297 -2.6
-1.05273 -2.4
-1.05249 -2.3
-1.05224 -2.1
-1.052 -1.9
-1.05175 -1.8
-1.05151 -1.6
-1.05127 -1.4
-1.05102 -1.2
-1.05078 -1.1
-1.05053 -0.9
-1.05029 -0.7
-1.05005 -0.5
-1.0498 -0.3
-1.04956 -0.1
-1.04931 0.0
-1.04907 0.2
-1.04882 0.4
-1.04858 0.6
-1.04834 0.8
-1.04809 1.0
-1.04785 1.2
-1.0476 1.3
-1.04736 1.5
-1.04712 1.7
-1.04687 1.9
-1.04663 2.0
-1.04638 2.2
-1.04614 2.4
-1.04589 2.5
-1.04565 2.7
-1.04541 2.8
-1.04516 3.0
-1.04492 3.1
-1.04467 3.2
-1.04443 3.3
-1.04419 3.5
-1.04394 3.6
-1.0437 3.7
-1.04345 3.8
-1.04321 3.9
-1.04296 3.9
-1.04272 4.0
-1.04248 4.1
-1.04223 4.2
-1.04199 4.2
-1.04174 4.2
-1.0415 4.3
-1.04126 4.3
-1.04101 4.3
-1.04077 4.3
-1.04052 4.4
-1.04028 4.3
-1.04004 4.3
-1.03979 4.3
-1.03955 4.3
-1.0393 4.2
-1.03906 4.2
-1.03881 4.2
-1.03857 4.1
-1.03833 4.0
-1.03808 3.9
-1.03784 3.9
-1.03759 3.8
-1.03735 3.7
-1.03711 3.6
-1.03686 3.5
-1.03662 3.3
-1.03637 3.2
-1.03613 3.1
-1.03588 2.9
-1.03564 2.8
-1.0354 2.7
-1.03515 2.5
-1.03491 2.3
-1.03466 2.2
-1.03442 2.0
-1.03418 1.9
-1.03393 1.7
-1.03369 1.5
-1.03344 1.3
-1.0332 1.1
-1.03296 1.0
-1.03271 0.8
-1.03247 0.6
-1.03222 0.4
-1.03198 0.2
-1.03173 0.0
-1.03149 -0.2
-1.03125 -0.4
-1.031 -0.6
-1.03076 -0.7
-1.03051 -0.9
-1.03027 -1.1
-1.03003 -1.3
-1.02978 -1.5
-1.02954 -1.7
-1.02929 -1.8
-1.02905 -2.0
-1.0288 -2.2
-1.02856 -2.3
-1.02832 -2.5
-1.02807 -2.6
-1.02783 -2.8
-1.02758 -2.9
-1.02734 -3.1
-1.0271 -3.2
-1.02685 -3.3
-1.02661 -3.4
-1.02636 -3.6
-1.02612 -3.7
-1.02588 -3.8
-1.02563 -3.9
-1.02539 -3.9
-1.02514 -4.0
-1.0249 -4.1
-1.02465 -4.2
-1.02441 -4.2
-1.02417 -4.3
-1.02392 -4.3
-1.02368 -4.3
-1.02343 -4.3
-1.02319 -4.4
-1.02295 -4.4
-1.0227 -4.4
-1.02246 -4.4
-1.02221 -4.3
-1.02197 -4.3
-1.02172 -4.3
-1.02148 -4.2
-1.02124 -4.2
-1.02099 -4.1
-1.02075 -4.0
-1.0205 -4.0
-1.02026 -3.9
-1.02002 -3.8
-1.01977 -3.7
-1.01953 -3.6
-1.01928 -3.5
-1.01904 -3.4
-1.0188 -3.2
-1.01855 -3.1
-1.01831 -3.0
-1.01806 -2.8
-1.01782 -2.7
-1.01757 -2.5
-1.01733 -2.4
-1.01709 -2.2
-1.01684 -2.0
-1.0166 -1.9
-1.01635 -1.7
-1.01611 -1.5
-1.01587 -1.3
-1.01562 -1.1
-1.01538 -1.0
-1.01513 -0.8
-1.01489 -0.6
-1.01464 -0.4
-1.0144 -0.2
-1.01416 0.0
-1.01391 0.2
-1.01367 0.4
-1.01342 0.6
-1.01318 0.8
-1.01294 0.9
-1.01269 1.1
-1.01245 1.3
-1.0122 1.5
-1.01196 1.7
-1.01171 1.9
-1.01147 2.0
-1.01123 2.2
-1.01098 2.4
-1.01074 2.5
-1.01049 2.7
-1.01025 2.8
-1.01001 3.0
-1.00976 3.1
-1.00952 3.2
-1.00927 3.4
-1.00903 3.5
-1.00879 3.6
-1.00854 3.7
-1.0083 3.8
-1.00805 3.9
-1.00781 4.0
-1.00756 4.1
-1.00732 4.1
-1.00708 4.2
-1.00683 4.2
-1.00659 4.3
-1.00634 4.3
-1.0061 4.4
-1.00586 4.4
-1.00561 4.4
-1.00537 4.4
-1.00512 4.4
-1.00488 4.4
-1.00463 4.3
-1.00439 4.3
-1.00415 4.3
-1.0039 4.2
-1.00366 4.2
-1.00341 4.1
-1.00317 4.0
-1.00293 4.0
-1.00268 3.9
-1.00244 3.8
-1.00219 3.7
-1.00195 3.6
-1.00171 3.4
-1.00146 3.3
-1.00122 3.2
-1.00097 3.1
-1.00073 2.9
-1.00048 2.8
-1.00024 2.6
-1.0 2.5
-0.99975 2.3
-0.99951 2.1
-0.99926 2.0
-0.99902 1.8
-0.99878 1.6
-0.99853 1.4
-0.99829 1.2
-0.99804 1.1
-0.9978 0.9
-0.99755 0.7
-0.99731 0.5
-0.99707 0.3
-0.99682 0.0
-0.99658 0.0
-0.99633 -0.3
-0.99609 -0.5
-0.99585 -0.7
-0.9956 -0.9
-0.99536 -1.1
-0.99511 -1.2
-0.99487 -1.4
-0.99463 -1.6
-0.99438 -1.8
-0.99414 -2.0
-0.99389 -2.1
-0.99365 -2.3
-0.9934 -2.5
-0.99316 -2.6
-0.99292 -2.8
-0.99267 -2.9
-0.99243 -3.1
-0.99218 -3.2
-0.99194 -3.3
-0.9917 -3.5
-0.99145 -3.6
-0.99121 -3.7
-0.99096 -3.8
-0.99072 -3.9
-0.99047 -4.0
-0.99023 -4.1
-0.98999 -4.1
-0.98974 -4.2
-0.9895 -4.2
-0.98925 -4.3
-0.98901 -4.3
-0.98877 -4.4
-0.98852 -4.4
-0.98828 -4.4
-0.98803 -4.4
-0.98779 -4.4
-0.98755 -4.4
-0.9873 -4.4
-0.98706 -4.3
-0.98681 -4.3
-0.98657 -4.3
-0.98632 -4.2
-0.98608 -4.1
-0.98584 -4.1
-0.98559 -4.0
-0.98535 -3.9
-0.9851 -3.8
-0.98486 -3.7
-0.98462 -3.6
-0.98437 -3.5
-0.98413 -3.4
-0.98388 -3.2
-0.98364 -3.1
-0.98339 -3.0
-0.98315 -2.8
-0.98291 -2.7
-0.98266 -2.5
-0.98242 -2.3
-0.98217 -2.2
-0.98193 -2.0
-0.98169 -1.8
-0.98144 -1.6
-0.9812 -1.5
-0.98095 -1.3
-0.98071 -1.1
-0.98046 -0.9
-0.98022 -0.7
-0.97998 -0.5
-0.97973 -0.3
-0.97949 -0.1
-0.97924 0.0
-0.979 0.3
-0.97876 0.5
-0.97851 0.7
-0.97827 0.9
-0.97802 1.1
-0.97778 1.2
-0.97754 1.4
-0.97729 1.6
-0.97705 1.8
-0.9768 2.0
-0.97656 2.1
-0.97631 2.3
-0.97607 2.5
-0.97583 2.6
-0.97558 2.8
-0.97534 2.9
-0.97509 3.1
-0.97485 3.2
-0.97461 3.4
-0.97436 3.5
-0.97412 3.6
-0.97387 3.7
-0.97363 3.8
-0.97338 3.9
-0.97314 4.0
-0.9729 4.1
-0.97265 4.1
-0.97241 4.2
-0.97216 4.3
-0.97192 4.3
-0.97168 4.4
-0.97143 4.4
-0.97119 4.4
-0.97094 4.4
-0.9707 4.4
-0.97046 4.4
-0.97021 4.4
-0.96997 4.4
-0.96972 4.3
-0.96948 4.3
-0.96923 4.3
-0.96899 4.2
-0.96875 4.1
-0.9685 4.1
-0.96826 4.0
-0.96801 3.9
-0.96777 3.8
-0.96753 3.7
-0.96728 3.6
-0.96704 3.5
-0.96679 3.3
-0.96655 3.2
-0.9663 3.1
-0.96606 2.9
-0.96582 2.8
-0.96557 2.6
-0.96533 2.5
-0.96508 2.3
-0.96484 2.1
-0.9646 1.9
-0.96435 1.8
-0.96411 1.6
-0.96386 1.4
-0.96362 1.2
-0.96338 1.0
-0.96313 0.8
-0.96289 0.6
-0.96264 0.4
-0.9624 0.2
-0.96215 0.0
-0.96191 -0.2
-0.96167 -0.4
-0.96142 -0.6
-0.96118 -0.8
-0.96093 -0.9
-0.96069 -1.1
-0.96045 -1.3
-0.9602 -1.5
-0.95996 -1.7
-0.95971 -1.9
-0.95947 -2.1
-0.95922 -2.2
-0.95898 -2.4
-0.95874 -2.6
-0.95849 -2.7
-0.95825 -2.9
-0.958 -3.0
-0.95776 -3.2
-0.95752 -3.3
-0.95727 -3.4
-0.95703 -3.6
-0.95678 -3.7
-0.95654 -3.8
-0.9563 -3.9
-0.95605 -4.0
-0.95581 -4.1
-0.95556 -4.1
-0.95532 -4.2
-0.95507 -4.3
-0.95483 -4.3
-0.95459 -4.4
-0.95434 -4.4
-0.9541 -4.4
-0.95385 -4.4
-0.95361 -4.4
-0.95337 -4.4
-0.95312 -4.4
-0.95288 -4.4
-0.95263 -4.4
-0.95239 -4.3
-0.95214 -4.3
-0.9519 -4.2
-0.95166 -4.2
-0.95141 -4.1
-0.95117 -4.0
-0.95092 -3.9
-0.95068 -3.8
-0.95044 -3.7
-0.95019 -3.6
-0.94995 -3.5
-0.9497 -3.4
-0.94946 -3.3
-0.94921 -3.1
-0.94897 -3.0
-0.94873 -2.8
-0.94848 -2.7
-0.94824 -2.5
-0.94799 -2.3
-0.94775 -2.2
-0.94751 -2.0
-0.94726 -1.8
-0.94702 -1.6
-0.94677 -1.4
-0.94653 -1.2
-0.94629 -1.1
-0.94604 -0.9
-0.9458 -0.7
-0.94555 -0.5
-0.94531 -0.3
-0.94506 0.0
-0.94482 0.1
-0.94458 0.3
-0.94433 0.5
-0.94409 0.7
-0.94384 0.9
-0.9436 1.1
-0.94336 1.3
-0.94311 1.5
-0.94287 1.7
-0.94262 1.9
-0.94238 2.1
-0.94213 2.2
-0.94189 2.4
-0.94165 2.6
-0.9414 2.7
-0.94116 2.9
-0.94091 3.0
-0.94067 3.2
-0.94043 3.3
-0.94018 3.4
-0.93994 3.6
-0.93969 3.7
-0.93945 3.8
-0.93921 3.9
-0.93896 4.0
-0.93872 4.1
-0.93847 4.2
-0.93823 4.2
-0.93798 4.3
-0.93774 4.3
-0.9375 4.4
-0.93725 4.4
-0.93701 4.4
-0.93676 4.5
-0.93652 4.5
-0.93628 4.5
-0.93603 4.4
-0.93579 4.4
-0.93554 4.4
-0.9353 4.4
-0.93505 4.3
-0.93481 4.3
-0.93457 4.2
-0.93432 4.1
-0.93408 4.0
-0.93383 3.9
-0.93359 3.9
-0.93335 3.7
-0.9331 3.6
-0.93286 3.5
-0.93261 3.4
-0.93237 3.2
-0.93213 3.1
-0.93188 3.0
-0.93164 2.8
-0.93139 2.6
-0.93115 2.5
-0.9309 2.3
-0.93066 2.1
-0.93042 2.0
-0.93017 1.8
-0.92993 1.6
-0.92968 1.4
-0.92944 1.2
-0.9292 1.0
-0.92895 0.8
-0.92871 0.6
-0.92846 0.4
-0.92822 0.2
-0.92797 0.0
-0.92773 -0.2
-0.92749 -0.4
-0.92724 -0.6
-0.927 -0.8
-0.92675 -1.0
-0.92651 -1.2
-0.92627 -1.4
-0.92602 -1.6
-0.92578 -1.8
-0.92553 -1.9
-0.92529 -2.1
-0.92505 -2.3
-0.9248 -2.5
-0.92456 -2.6
-0.92431 -2.8
-0.92407 -3.0
-0.92382 -3.1
-0.92358 -3.2
-0.92334 -3.4
-0.92309 -3.5
-0.92285 -3.6
-0.9226 -3.7
-0.92236 -3.9
-0.92212 -4.0
-0.92187 -4.0
-0.92163 -4.1
-0.92138 -4.2
-0.92114 -4.3
-0.92089 -4.3
-0.92065 -4.4
-0.92041 -4.4
-0.92016 -4.4
-0.91992 -4.5
-0.91967 -4.5
-0.91943 -4.5
-0.91919 -4.5
-0.91894 -4.5
-0.9187 -4.4
-0.91845 -4.4
-0.91821 -4.4
-0.91796 -4.3
-0.91772 -4.2
-0.91748 -4.2
-0.91723 -4.1
-0.91699 -4.0
-0.91674 -3.9
-0.9165 -3.8
-0.91626 -3.7
-0.91601 -3.6
-0.91577 -3.4
-0.91552 -3.3
-0.91528 -3.2
-0.91504 -3.0
-0.91479 -2.9
-0.91455 -2.7
-0.9143 -2.6
-0.91406 -2.4
-0.91381 -2.2
-0.91357 -2.0
-0.91333 -1.8
-0.91308 -1.7
-0.91284 -1.5
-0.91259 -1.3
-0.91235 -1.1
-0.91211 -0.9
-0.91186 -0.7
-0.91162 -0.5
-0.91137 -0.3
-0.91113 0.0
-0.91088 0.1
-0.91064 0.3
-0.9104 0.5
-0.91015 0.7
-0.90991 0.9
-0.90966 1.1
-0.90942 1.3
-0.90918 1.5
-0.90893 1.7
-0.90869 1.9
-0.90844 2.1
-0.9082 2.3
-0.90796 2.4
-0.90771 2.6
-0.90747 2.8
-0.90722 2.9
-0.90698 3.1
-0.90673 3.2
-0.90649 3.4
-0.90625 3.5
-0.906 3.6
-0.90576 3.7
-0.90551 3.9
-0.90527 4.0
-0.90503 4.1
-0.90478 4.1
-0.90454 4.2
-0.90429 4.3
-0.90405 4.3
-0.9038 4.4
-0.90356 4.4
-0.90332 4.5
-0.90307 4.5
-0.90283 4.5
-0.90258 4.5
-0.90234 4.5
-0.9021 4.5
-0.90185 4.4
-0.90161 4.4
-0.90136 4.4
-0.90112 4.3
-0.90088 4.3
-0.90063 4.2
-0.90039 4.1
-0.90014 4.0
-0.8999 3.9
-0.89965 3.8
-0.89941 3.7
-0.89917 3.6
-0.89892 3.5
-0.89868 3.3
-0.89843 3.2
-0.89819 3.0
-0.89795 2.9
-0.8977 2.7
-0.89746 2.5
-0.89721 2.4
-0.89697 2.2
-0.89672 2.0
-0.89648 1.8
-0.89624 1.6
-0.89599 1.4
-0.89575 1.2
-0.8955 1.1
-0.89526 0.8
-0.89502 0.6
-0.89477 0.4
-0.89453 0.2
-0.89428 0.0
-0.89404 -0.2
-0.8938 -0.4
-0.89355 -0.6
-0.89331 -0.8
-0.89306 -1.0
-0.89282 -1.2
-0.89257 -1.4
-0.89233 -1.6
-0.89209 -1.8
-0.89184 -2.0
-0.8916 -2.2
-0.89135 -2.3
-0.89111 -2.5
-0.89087 -2.7
-0.89062 -2.8
-0.89038 -3.0
-0.89013 -3.1
-0.88989 -3.3
-0.88964 -3.4
-0.8894 -3.6
-0.88916 -3.7
-0.88891 -3.8
-0.88867 -3.9
-0.88842 -4.0
-0.88818 -4.1
-0.88794 -4.2
-0.88769 -4.3
-0.88745 -4.3
-0.8872 -4.4
-0.88696 -4.4
-0.88671 -4.5
-0.88647 -4.5
-0.88623 -4.5
-0.88598 -4.5
-0.88574 -4.5
-0.88549 -4.5
-0.88525 -4.5
-0.88501 -4.5
-0.88476 -4.4
-0.88452 -4.4
-0.88427 -4.3
-0.88403 -4.2
-0.88379 -4.2
-0.88354 -4.1
-0.8833 -4.0
-0.88305 -3.9
-0.88281 -3.8
-0.88256 -3.7
-0.88232 -3.5
-0.88208 -3.4
-0.88183 -3.3
-0.88159 -3.1
-0.88134 -3.0
-0.8811 -2.8
-0.88086 -2.6
-0.88061 -2.5
-0.88037 -2.3
-0.88012 -2.1
-0.87988 -1.9
-0.87963 -1.7
-0.87939 -1.5
-0.87915 -1.3
-0.8789 -1.1
-0.87866 -0.9
-0.87841 -0.7
-0.87817 -0.5
-0.87793 -0.3
-0.87768 -0.1
-0.87744 0.1
-0.87719 0.3
-0.87695 0.5
-0.87671 0.7
-0.87646 0.9
-0.87622 1.1
-0.87597 1.3
-0.87573 1.5
-0.87548 1.7
-0.87524 1.9
-0.875 2.1
-0.87475 2.3
-0.87451 2.5
-0.87426 2.6
-0.87402 2.8
-0.87378 3.0
-0.87353 3.1
-0.87329 3.3
-0.87304 3.4
-0.8728 3.5
-0.87255 3.7
-0.87231 3.8
-0.87207 3.9
-0.87182 4.0
-0.87158 4.1
-0.87133 4.2
-0.87109 4.3
-0.87085 4.3
-0.8706 4.4
-0.87036 4.4
-0.87011 4.5
-0.86987 4.5
-0.86963 4.5
-0.86938 4.5
-0.86914 4.5
-0.86889 4.5
-0.86865 4.5
-0.8684 4.5
-0.86816 4.4
-0.86792 4.4
-0.86767 4.3
-0.86743 4.3
-0.86718 4.2
-0.86694 4.1
-0.8667 4.0
-0.86645 3.9
-0.86621 3.8
-0.86596 3.7
-0.86572 3.6
-0.86547 3.4
-0.86523 3.3
-0.86499 3.1
-0.86474 3.0
-0.8645 2.8
-0.86425 2.6
-0.86401 2.5
-0.86377 2.3
-0.86352 2.1
-0.86328 1.9
-0.86303 1.7
-0.86279 1.5
-0.86255 1.3
-0.8623 1.1
-0.86206 0.9
-0.86181 0.7
-0.86157 0.5
-0.86132 0.3
-0.86108 0.0
-0.86084 -0.1
-0.86059 -0.3
-0.86035 -0.5
-0.8601 -0.8
-0.85986 -1.0
-0.85962 -1.2
-0.85937 -1.4
-0.85913 -1.6
-0.85888 -1.8
-0.85864 -2.0
-0.85839 -2.1
-0.85815 -2.3
-0.85791 -2.5
-0.85766 -2.7
-0.85742 -2.9
-0.85717 -3.0
-0.85693 -3.2
-0.85669 -3.3
-0.85644 -3.5
-0.8562 -3.6
-0.85595 -3.7
-0.85571 -3.8
-0.85546 -3.9
-0.85522 -4.0
-0.85498 -4.1
-0.85473 -4.2
-0.85449 -4.3
-0.85424 -4.4
-0.854 -4.4
-0.85376 -4.5
-0.85351 -4.5
-0.85327 -4.5
-0.85302 -4.5
-0.85278 -4.6
-0.85254 -4.6
-0.85229 -4.5
-0.85205 -4.5
-0.8518 -4.5
-0.85156 -4.4
-0.85131 -4.4
-0.85107 -4.3
-0.85083 -4.3
-0.85058 -4.2
-0.85034 -4.1
-0.85009 -4.0
-0.84985 -3.9
-0.84961 -3.8
-0.84936 -3.6
-0.84912 -3.5
-0.84887 -3.4
-0.84863 -3.2
-0.84838 -3.1
-0.84814 -2.9
-0.8479 -2.7
-0.84765 -2.6
-0.84741 -2.4
-0.84716 -2.2
-0.84692 -2.0
-0.84668 -1.8
-0.84643 -1.6
-0.84619 -1.4
-0.84594 -1.2
-0.8457 -1.0
-0.84546 -0.8
-0.84521 -0.6
-0.84497 -0.4
-0.84472 -0.2
-0.84448 0.0
-0.84423 0.2
-0.84399 0.5
-0.84375 0.7
-0.8435 0.9
-0.84326 1.1
-0.84301 1.3
-0.84277 1.5
-0.84253 1.7
-0.84228 1.9
-0.84204 2.1
-0.84179 2.3
-0.84155 2.5
-0.8413 2.6
-0.84106 2.8
-0.84082 3.0
-0.84057 3.1
-0.84033 3.3
-0.84008 3.4
-0.83984 3.6
-0.8396 3.7
-0.83935 3.8
-0.83911 3.9
-0.83886 4.0
-0.83862 4.1
-0.83838 4.2
-0.83813 4.3
-0.83789 4.4
-0.83764 4.4
-0.8374 4.5
-0.83715 4.5
-0.83691 4.5
-0.83667 4.6
-0.83642 4.6
-0.83618 4.6
-0.83593 4.6
-0.83569 4.5
-0.83545 4.5
-0.8352 4.5
-0.83496 4.4
-0.83471 4.4
-0.83447 4.3
-0.83422 4.2
-0.83398 4.1
-0.83374 4.0
-0.83349 3.9
-0.83325 3.8
-0.833 3.7
-0.83276 3.5
-0.83252 3.4
-0.83227 3.3
-0.83203 3.1
-0.83178 2.9
-0.83154 2.8
-0.8313 2.6
-0.83105 2.4
-0.83081 2.2
-0.83056 2.0
-0.83032 1.9
-0.83007 1.7
-0.82983 1.4
-0.82959 1.2
-0.82934 1.0
-0.8291 0.8
-0.82885 0.6
-0.82861 0.4
-0.82837 0.2
-0.82812 0.0
-0.82788 -0.3
-0.82763 -0.5
-0.82739 -0.7
-0.82714 -0.9
-0.8269 -1.1
-0.82666 -1.3
-0.82641 -1.5
-0.82617 -1.7
-0.82592 -1.9
-0.82568 -2.1
-0.82544 -2.3
-0.82519 -2.5
-0.82495 -2.7
-0.8247 -2.8
-0.82446 -3.0
-0.82421 -3.2
-0.82397 -3.3
-0.82373 -3.5
-0.82348 -3.6
-0.82324 -3.7
-0.82299 -3.9
-0.82275 -4.0
-0.82251 -4.1
-0.82226 -4.2
-0.82202 -4.3
-0.82177 -4.3
-0.82153 -4.4
-0.82129 -4.5
-0.82104 -4.5
-0.8208 -4.5
-0.82055 -4.6
-0.82031 -4.6
-0.82006 -4.6
-0.81982 -4.6
-0.81958 -4.6
-0.81933 -4.6
-0.81909 -4.5
-0.81884 -4.5
-0.8186 -4.4
-0.81836 -4.4
-0.81811 -4.3
-0.81787 -4.2
-0.81762 -4.1
-0.81738 -4.0
-0.81713 -3.9
-0.81689 -3.8
-0.81665 -3.7
-0.8164 -3.5
-0.81616 -3.4
-0.81591 -3.2
-0.81567 -3.1
-0.81543 -2.9
-0.81518 -2.7
-0.81494 -2.5
-0.81469 -2.4
-0.81445 -2.2
-0.81421 -2.0
-0.81396 -1.8
-0.81372 -1.6
-0.81347 -1.4
-0.81323 -1.2
-0.81298 -0.9
-0.81274 -0.7
-0.8125 -0.5
-0.81225 -0.3
-0.81201 0.0
-0.81176 0.1
-0.81152 0.4
-0.81128 0.6
-0.81103 0.8
-0.81079 1.0
-0.81054 1.2
-0.8103 1.4
-0.81005 1.6
-0.80981 1.8
-0.80957 2.0
-0.80932 2.2
-0.80908 2.4
-0.80883 2.6
-0.80859 2.8
-0.80835 2.9
-0.8081 3.1
-0.80786 3.3
-0.80761 3.4
-0.80737 3.6
-0.80713 3.7
-0.80688 3.8
-0.80664 3.9
-0.80639 4.1
-0.80615 4.2
-0.8059 4.2
-0.80566 4.3
-0.80542 4.4
-0.80517 4.5
-0.80493 4.5
-0.80468 4.6
-0.80444 4.6
-0.8042 4.6
-0.80395 4.6
-0.80371 4.6
-0.80346 4.6
-0.80322 4.6
-0.80297 4.6
-0.80273 4.5
-0.80249 4.5
-0.80224 4.4
-0.802 4.3
-0.80175 4.2
-0.80151 4.2
-0.80127 4.1
-0.80102 3.9
-0.80078 3.8
-0.80053 3.7
-0.80029 3.6
-0.80005 3.4
-0.7998 3.3
-0.79956 3.1
-0.79931 2.9
-0.79907 2.8
-0.79882 2.6
-0.79858 2.4
-0.79834 2.2
-0.79809 2.0
-0.79785 1.8
-0.7976 1.6
-0.79736 1.4
-0.79712 1.2
-0.79687 1.0
-0.79663 0.8
-0.79638 0.5
-0.79614 0.3
-0.79589 0.0
-0.79565 -0.1
-0.79541 -0.3
-0.79516 -0.6
-0.79492 -0.8
-0.79467 -1.0
-0.79443 -1.2
-0.79419 -1.4
-0.79394 -1.6
-0.7937 -1.8
-0.79345 -2.0
-0.79321 -2.2
-0.79296 -2.4
-0.79272 -2.6
-0.79248 -2.8
-0.79223 -3.0
-0.79199 -3.1
-0.79174 -3.3
-0.7915 -3.4
-0.79126 -3.6
-0.79101 -3.7
-0.79077 -3.9
-0.79052 -4.0
-0.79028 -4.1
-0.79004 -4.2
-0.78979 -4.3
-0.78955 -4.4
-0.7893 -4.4
-0.78906 -4.5
-0.78881 -4.5
-0.78857 -4.6
-0.78833 -4.6
-0.78808 -4.6
-0.78784 -4.6
-0.78759 -4.6
-0.78735 -4.6
-0.78711 -4.6
-0.78686 -4.6
-0.78662 -4.5
-0.78637 -4.5
-0.78613 -4.4
-0.78588 -4.3
-0.78564 -4.2
-0.7854 -4.1
-0.78515 -4.0
-0.78491 -3.9
-0.78466 -3.8
-0.78442 -3.7
-0.78418 -3.5
-0.78393 -3.4
-0.78369 -3.2
-0.78344 -3.1
-0.7832 -2.9
-0.78296 -2.7
-0.78271 -2.5
-0.78247 -2.3
-0.78222 -2.1
-0.78198 -1.9
-0.78173 -1.7
-0.78149 -1.5
-0.78125 -1.3
-0.781 -1.1
-0.78076 -0.9
-0.78051 -0.7
-0.78027 -0.4
-0.78003 -0.2
-0.77978 0.0
-0.77954 0.2
-0.77929 0.4
-0.77905 0.7
-0.7788 0.9
-0.77856 1.1
-0.77832 1.3
-0.77807 1.5
-0.77783 1.7
-0.77758 1.9
-0.77734 2.2
-0.7771 2.3
-0.77685 2.5
-0.77661 2.7
-0.77636 2.9
-0.77612 3.1
-0.77588 3.2
-0.77563 3.4
-0.77539 3.5
-0.77514 3.7
-0.7749 3.8
-0.77465 3.9
-0.77441 4.1
-0.77417 4.2
-0.77392 4.3
-0.77368 4.3
-0.77343 4.4
-0.77319 4.5
-0.77295 4.5
-0.7727 4.6
-0.77246 4.6
-0.77221 4.6
-0.77197 4.7
-0.77172 4.7
-0.77148 4.7
-0.77124 4.6
-0.77099 4.6
-0.77075 4.6
-0.7705 4.5
-0.77026 4.4
-0.77002 4.4
-0.76977 4.3
-0.76953 4.2
-0.76928 4.1
-0.76904 4.0
-0.7688 3.9
-0.76855 3.7
-0.76831 3.6
-0.76806 3.4
-0.76782 3.3
-0.76757 3.1
-0.76733 2.9
-0.76709 2.8
-0.76684 2.6
-0.7666 2.4
-0.76635 2.2
-0.76611 2.0
-0.76587 1.8
-0.76562 1.6
-0.76538 1.4
-0.76513 1.1
-0.76489 0.9
-0.76464 0.7
-0.7644 0.5
-0.76416 0.3
-0.76391 0.0
-0.76367 -0.2
-0.76342 -0.4
-0.76318 -0.6
-0.76294 -0.9
-0.76269 -1.1
-0.76245 -1.3
-0.7622 -1.5
-0.76196 -1.7
-0.76171 -1.9
-0.76147 -2.2
-0.76123 -2.4
-0.76098 -2.5
-0.76074 -2.7
-0.76049 -2.9
-0.76025 -3.1
-0.76001 -3.3
-0.75976 -3.4
-0.75952 -3.6
-0.75927 -3.7
-0.75903 -3.8
-0.75879 -4.0
-0.75854 -4.1
-0.7583 -4.2
-0.75805 -4.3
-0.75781 -4.4
-0.75756 -4.4
-0.75732 -4.5
-0.75708 -4.6
-0.75683 -4.6
-0.75659 -4.6
-0.75634 -4.7
-0.7561 -4.7
-0.75586 -4.7
-0.75561 -4.7
-0.75537 -4.6
-0.75512 -4.6
-0.75488 -4.6
-0.75463 -4.5
-0.75439 -4.5
-0.75415 -4.4
-0.7539 -4.3
-0.75366 -4.2
-0.75341 -4.1
-0.75317 -4.0
-0.75293 -3.8
-0.75268 -3.7
-0.75244 -3.6
-0.75219 -3.4
-0.75195 -3.3
-0.75171 -3.1
-0.75146 -2.9
-0.75122 -2.7
-0.75097 -2.5
-0.75073 -2.4
-0.75048 -2.2
-0.75024 -1.9
-0.75 -1.7
-0.74975 -1.5
-0.74951 -1.3
-0.74926 -1.1
-0.74902 -0.9
-0.74878 -0.6
-0.74853 -0.4
-0.74829 -0.2
-0.74804 0.0
-0.7478 0.3
-0.74755 0.5
-0.74731 0.7
-0.74707 1.0
-0.74682 1.2
-0.74658 1.4
-0.74633 1.6
-0.74609 1.8
-0.74585 2.0
-0.7456 2.2
-0.74536 2.4
-0.74511 2.6
-0.74487 2.8
-0.74463 3.0
-0.74438 3.2
-0.74414 3.3
-0.74389 3.5
-0.74365 3.7
-0.7434 3.8
-0.74316 3.9
-0.74292 4.0
-0.74267 4.2
-0.74243 4.3
-0.74218 4.4
-0.74194 4.4
-0.7417 4.5
-0.74145 4.6
-0.74121 4.6
-0.74096 4.7
-0.74072 4.7
-0.74047 4.7
-0.74023 4.7
-0.73999 4.7
-0.73974 4.7
-0.7395 4.7
-0.73925 4.6
-0.73901 4.6
-0.73877 4.5
-0.73852 4.4
-0.73828 4.3
-0.73803 4.2
-0.73779 4.1
-0.73755 4.0
-0.7373 3.9
-0.73706 3.8
-0.73681 3.6
-0.73657 3.5
-0.73632 3.3
-0.73608 3.2
-0.73584 3.0
-0.73559 2.8
-0.73535 2.6
-0.7351 2.4
-0.73486 2.2
-0.73462 2.0
-0.73437 1.8
-0.73413 1.6
-0.73388 1.4
-0.73364 1.1
-0.73339 0.9
-0.73315 0.7
-0.73291 0.4
-0.73266 0.2
-0.73242 0.0
-0.73217 -0.2
-0.73193 -0.5
-0.73169 -0.7
-0.73144 -0.9
-0.7312 -1.2
-0.73095 -1.4
-0.73071 -1.6
-0.73046 -1.8
-0.73022 -2.0
-0.72998 -2.2
-0.72973 -2.4
-0.72949 -2.6
-0.72924 -2.8
-0.729 -3.0
-0.72876 -3.2
-0.72851 -3.4
-0.72827 -3.5
-0.72802 -3.7
-0.72778 -3.8
-0.72754 -3.9
-0.72729 -4.1
-0.72705 -4.2
-0.7268 -4.3
-0.72656 -4.4
-0.72631 -4.5
-0.72607 -4.5
-0.72583 -4.6
-0.72558 -4.6
-0.72534 -4.7
-0.72509 -4.7
-0.72485 -4.7
-0.72461 -4.7
-0.72436 -4.7
-0.72412 -4.7
-0.72387 -4.7
-0.72363 -4.6
-0.72338 -4.6
-0.72314 -4.5
-0.7229 -4.4
-0.72265 -4.4
-0.72241 -4.3
-0.72216 -4.1
-0.72192 -4.0
-0.72168 -3.9
-0.72143 -3.8
-0.72119 -3.6
-0.72094 -3.5
-0.7207 -3.3
-0.72046 -3.1
-0.72021 -3.0
-0.71997 -2.8
-0.71972 -2.6
-0.71948 -2.4
-0.71923 -2.2
-0.71899 -2.0
-0.71875 -1.7
-0.7185 -1.5
-0.71826 -1.3
-0.71801 -1.1
-0.71777 -0.8
-0.71753 -0.6
-0.71728 -0.4
-0.71704 -0.1
-0.71679 0.0
-0.71655 0.3
-0.7163 0.6
-0.71606 0.8
-0.71582 1.0
-0.71557 1.2
-0.71533 1.5
-0.71508 1.7
-0.71484 1.9
-0.7146 2.1
-0.71435 2.3
-0.71411 2.5
-0.71386 2.7
-0.71362 2.9
-0.71338 3.1
-0.71313 3.3
-0.71289 3.4
-0.71264 3.6
-0.7124 3.7
-0.71215 3.9
-0.71191 4.0
-0.71167 4.1
-0.71142 4.3
-0.71118 4.4
-0.71093 4.4
-0.71069 4.5
-0.71045 4.6
-0.7102 4.6
-0.70996 4.7
-0.70971 4.7
-0.70947 4.7
-0.70922 4.8
-0.70898 4.7
-0.70874 4.7
-0.70849 4.7
-0.70825 4.7
-0.708 4.6
-0.70776 4.6
-0.70752 4.5
-0.70727 4.4
-0.70703 4.3
-0.70678 4.2
-0.70654 4.1
-0.7063 4.0
-0.70605 3.8
-0.70581 3.7
-0.70556 3.5
-0.70532 3.4
-0.70507 3.2
-0.70483 3.0
-0.70459 2.8
-0.70434 2.6
-0.7041 2.4
-0.70385 2.2
-0.70361 2.0
-0.70337 1.8
-0.70312 1.6
-0.70288 1.4
-0.70263 1.1
-0.70239 0.9
-0.70214 0.7
-0.7019 0.4
-0.70166 0.2
-0.70141 0.0
-0.70117 -0.3
-0.70092 -0.5
-0.70068 -0.7
-0.70044 -1.0
-0.70019 -1.2
-0.69995 -1.4
-0.6997 -1.7
-0.69946 -1.9
-0.69921 -2.1
-0.69897 -2.3
-0.69873 -2.5
-0.69848 -2.7
-0.69824 -2.9
-0.69799 -3.1
-0.69775 -3.3
-0.69751 -3.4
-0.69726 -3.6
-0.69702 -3.8
-0.69677 -3.9
-0.69653 -4.0
-0.69629 -4.2
-0.69604 -4.3
-0.6958 -4.4
-0.69555 -4.5
-0.69531 -4.5
-0.69506 -4.6
-0.69482 -4.7
-0.69458 -4.7
-0.69433 -4.7
-0.69409 -4.8
-0.69384 -4.8
-0.6936 -4.8
-0.69336 -4.8
-0.69311 -4.7
-0.69287 -4.7
-0.69262 -4.6
-0.69238 -4.6
-0.69213 -4.5
-0.69189 -4.4
-0.69165 -4.3
-0.6914 -4.2
-0.69116 -4.1
-0.69091 -4.0
-0.69067 -3.8
-0.69043 -3.7
-0.69018 -3.5
-0.68994 -3.4
-0.68969 -3.2
-0.68945 -3.0
-0.68921 -2.8
-0.68896 -2.6
-0.68872 -2.4
-0.68847 -2.2
-0.68823 -2.0
-0.68798 -1.8
-0.68774 -1.5
-0.6875 -1.3
-0.68725 -1.1
-0.68701 -0.9
-0.68676 -0.6
-0.68652 -0.4
-0.68628 -0.1
-0.68603 0.1
-0.68579 0.3
-0.68554 0.6
-0.6853 0.8
-0.68505 1.1
-0.68481 1.3
-0.68457 1.5
-0.68432 1.8
-0.68408 2.0
-0.68383 2.2
-0.68359 2.4
-0.68335 2.6
-0.6831 2.8
-0.68286 3.0
-0.68261 3.2
-0.68237 3.4
-0.68213 3.5
-0.68188 3.7
-0.68164 3.8
-0.68139 4.0
-0.68115 4.1
-0.6809 4.2
-0.68066 4.3
-0.68042 4.4
-0.68017 4.5
-0.67993 4.6
-0.67968 4.7
-0.67944 4.7
-0.6792 4.8
-0.67895 4.8
-0.67871 4.8
-0.67846 4.8
-0.67822 4.8
-0.67797 4.8
-0.67773 4.7
-0.67749 4.7
-0.67724 4.6
-0.677 4.6
-0.67675 4.5
-0.67651 4.4
-0.67627 4.3
-0.67602 4.2
-0.67578 4.0
-0.67553 3.9
-0.67529 3.8
-0.67505 3.6
-0.6748 3.4
-0.67456 3.3
-0.67431 3.1
-0.67407 2.9
-0.67382 2.7
-0.67358 2.5
-0.67334 2.3
-0.67309 2.1
-0.67285 1.8
-0.6726 1.6
-0.67236 1.4
-0.67212 1.2
-0.67187 0.9
-0.67163 0.7
-0.67138 0.4
-0.67114 0.2
-0.67089 0.0
-0.67065 -0.3
-0.67041 -0.5
-0.67016 -0.8
-0.66992 -1.0
-0.66967 -1.3
-0.66943 -1.5
-0.66919 -1.7
-0.66894 -1.9
-0.6687 -2.2
-0.66845 -2.4
-0.66821 -2.6
-0.66796 -2.8
-0.66772 -3.0
-0.66748 -3.2
-0.66723 -3.4
-0.66699 -3.5
-0.66674 -3.7
-0.6665 -3.8
-0.66626 -4.0
-0.66601 -4.1
-0.66577 -4.2
-0.66552 -4.4
-0.66528 -4.5
-0.66504 -4.5
-0.66479 -4.6
-0.66455 -4.7
-0.6643 -4.7
-0.66406 -4.8
-0.66381 -4.8
-0.66357 -4.8
-0.66333 -4.8
-0.66308 -4.8
-0.66284 -4.8
-0.66259 -4.8
-0.66235 -4.7
-0.66211 -4.7
-0.66186 -4.6
-0.66162 -4.5
-0.66137 -4.4
-0.66113 -4.3
-0.66088 -4.2
-0.66064 -4.1
-0.6604 -3.9
-0.66015 -3.8
-0.65991 -3.6
-0.65966 -3.4
-0.65942 -3.3
-0.65918 -3.1
-0.65893 -2.9
-0.65869 -2.7
-0.65844 -2.5
-0.6582 -2.3
-0.65796 -2.0
-0.65771 -1.8
-0.65747 -1.6
-0.65722 -1.3
-0.65698 -1.1
-0.65673 -0.9
-0.65649 -0.6
-0.65625 -0.4
-0.656 -0.1
-0.65576 0.1
-0.65551 0.4
-0.65527 0.6
-0.65503 0.9
-0.65478 1.1
-0.65454 1.3
-0.65429 1.6
-0.65405 1.8
-0.6538 2.0
-0.65356 2.3
-0.65332 2.5
-0.65307 2.7
-0.65283 2.9
-0.65258 3.1
-0.65234 3.3
-0.6521 3.4
-0.65185 3.6
-0.65161 3.8
-0.65136 3.9
-0.65112 4.1
-0.65088 4.2
-0.65063 4.3
-0.65039 4.4
-0.65014 4.5
-0.6499 4.6
-0.64965 4.7
-0.64941 4.7
-0.64917 4.8
-0.64892 4.8
-0.64868 4.8
-0.64843 4.8
-0.64819 4.8
-0.64795 4.8
-0.6477 4.8
-0.64746 4.8
-0.64721 4.7
-0.64697 4.6
-0.64672 4.6
-0.64648 4.5
-0.64624 4.4
-0.64599 4.3
-0.64575 4.1
-0.6455 4.0
-0.64526 3.8
-0.64502 3.7
-0.64477 3.5
-0.64453 3.3
-0.64428 3.2
-0.64404 3.0
-0.6438 2.8
-0.64355 2.6
-0.64331 2.3
-0.64306 2.1
-0.64282 1.9
-0.64257 1.7
-0.64233 1.4
-0.64209 1.2
-0.64184 0.9
-0.6416 0.7
-0.64135 0.4
-0.64111 0.2
-0.64087 0.0
-0.64062 -0.3
-0.64038 -0.6
-0.64013 -0.8
-0.63989 -1.0
-0.63964 -1.3
-0.6394 -1.5
-0.63916 -1.8
-0.63891 -2.0
-0.63867 -2.2
-0.63842 -2.4
-0.63818 -2.7
-0.63794 -2.9
-0.63769 -3.1
-0.63745 -3.3
-0.6372 -3.4
-0.63696 -3.6
-0.63671 -3.8
-0.63647 -3.9
-0.63623 -4.1
-0.63598 -4.2
-0.63574 -4.3
-0.63549 -4.4
-0.63525 -4.5
-0.63501 -4.6
-0.63476 -4.7
-0.63452 -4.8
-0.63427 -4.8
-0.63403 -4.8
-0.63379 -4.9
-0.63354 -4.9
-0.6333 -4.9
-0.63305 -4.9
-0.63281 -4.8
-0.63256 -4.8
-0.63232 -4.7
-0.63208 -4.7
-0.63183 -4.6
-0.63159 -4.5
-0.63134 -4.4
-0.6311 -4.3
-0.63086 -4.1
-0.63061 -4.0
-0.63037 -3.9
-0.63012 -3.7
-0.62988 -3.5
-0.62963 -3.3
-0.62939 -3.2
-0.62915 -3.0
-0.6289 -2.8
-0.62866 -2.5
-0.62841 -2.3
-0.62817 -2.1
-0.62793 -1.9
-0.62768 -1.6
-0.62744 -1.4
-0.62719 -1.1
-0.62695 -0.9
-0.62671 -0.6
-0.62646 -0.4
-0.62622 -0.1
-0.62597 0.1
-0.62573 0.4
-0.62548 0.6
-0.62524 0.9
-0.625 1.1
-0.62475 1.4
-0.62451 1.6
-0.62426 1.8
-0.62402 2.1
-0.62378 2.3
-0.62353 2.5
-0.62329 2.7
-0.62304 3.0
-0.6228 3.2
-0.62255 3.3
-0.62231 3.5
-0.62207 3.7
-0.62182 3.9
-0.62158 4.0
-0.62133 4.2
-0.62109 4.3
-0.62085 4.4
-0.6206 4.5
-0.62036 4.6
-0.62011 4.7
-0.61987 4.8
-0.61963 4.8
-0.61938 4.9
-0.61914 4.9
-0.61889 4.9
-0.61865 4.9
-0.6184 4.9
-0.61816 4.9
-0.61792 4.8
-0.61767 4.8
-0.61743 4.7
-0.61718 4.6
-0.61694 4.6
-0.6167 4.5
-0.61645 4.3
-0.61621 4.2
-0.61596 4.1
-0.61572 3.9
-0.61547 3.8
-0.61523 3.6
-0.61499 3.4
-0.61474 3.2
-0.6145 3.0
-0.61425 2.8
-0.61401 2.6
-0.61377 2.4
-0.61352 2.2
-0.61328 1.9
-0.61303 1.7
-0.61279 1.5
-0.61255 1.2
-0.6123 1.0
-0.61206 0.7
-0.61181 0.5
-0.61157 0.2
-0.61132 0.0
-0.61108 -0.3
-0.61084 -0.6
-0.61059 -0.8
-0.61035 -1.1
-0.6101 -1.3
-0.60986 -1.6
-0.60962 -1.8
-0.60937 -2.0
-0.60913 -2.3
-0.60888 -2.5
-0.60864 -2.7
-0.60839 -2.9
-0.60815 -3.1
-0.60791 -3.3
-0.60766 -3.5
-0.60742 -3.7
-0.60717 -3.9
-0.60693 -4.0
-0.60669 -4.2
-0.60644 -4.3
-0.6062 -4.4
-0.60595 -4.5
-0.60571 -4.6
-0.60546 -4.7
-0.60522 -4.8
-0.60498 -4.8
-0.60473 -4.9
-0.60449 -4.9
-0.60424 -4.9
-0.604 -4.9
-0.60376 -4.9
-0.60351 -4.9
-0.60327 -4.9
-0.60302 -4.8
-0.60278 -4.7
-0.60254 -4.7
-0.60229 -4.6
-0.60205 -4.5
-0.6018 -4.4
-0.60156 -4.2
-0.60131 -4.1
-0.60107 -3.9
-0.60083 -3.8
-0.60058 -3.6
-0.60034 -3.4
-0.60009 -3.2
-0.59985 -3.0
-0.59961 -2.8
-0.59936 -2.6
-0.59912 -2.4
-0.59887 -2.2
-0.59863 -1.9
-0.59838 -1.7
-0.59814 -1.4
-0.5979 -1.2
-0.59765 -0.9
-0.59741 -0.7
-0.59716 -0.4
-0.59692 -0.1
-0.59668 0.1
-0.59643 0.4
-0.59619 0.6
-0.59594 0.9
-0.5957 1.2
-0.59546 1.4
-0.59521 1.7
-0.59497 1.9
-0.59472 2.1
-0.59448 2.4
-0.59423 2.6
-0.59399 2.8
-0.59375 3.0
-0.5935 3.2
-0.59326 3.4
-0.59301 3.6
-0.59277 3.8
-0.59253 3.9
-0.59228 4.1
-0.59204 4.2
-0.59179 4.4
-0.59155 4.5
-0.5913 4.6
-0.59106 4.7
-0.59082 4.8
-0.59057 4.8
-0.59033 4.9
-0.59008 4.9
-0.58984 4.9
-0.5896 5.0
-0.58935 5.0
-0.58911 4.9
-0.58886 4.9
-0.58862 4.9
-0.58838 4.8
-0.58813 4.7
-0.58789 4.6
-0.58764 4.5
-0.5874 4.4
-0.58715 4.3
-0.58691 4.2
-0.58667 4.0
-0.58642 3.9
-0.58618 3.7
-0.58593 3.5
-0.58569 3.3
-0.58545 3.1
-0.5852 2.9
-0.58496 2.7
-0.58471 2.5
-0.58447 2.2
-0.58422 2.0
-0.58398 1.8
-0.58374 1.5
-0.58349 1.3
-0.58325 1.0
-0.583 0.7
-0.58276 0.5
-0.58252 0.2
-0.58227 0.0
-0.58203 -0.3
-0.58178 -0.6
-0.58154 -0.8
-0.5813 -1.1
-0.58105 -1.4
-0.58081 -1.6
-0.58056 -1.9
-0.58032 -2.1
-0.58007 -2.3
-0.57983 -2.6
-0.57959 -2.8
-0.57934 -3.0
-0.5791 -3.2
-0.57885 -3.4
-0.57861 -3.6
-0.57837 -3.8
-0.57812 -4.0
-0.57788 -4.1
-0.57763 -4.3
-0.57739 -4.4
-0.57714 -4.5
-0.5769 -4.6
-0.57666 -4.7
-0.57641 -4.8
-0.57617 -4.9
-0.57592 -4.9
-0.57568 -4.9
-0.57544 -5.0
-0.57519 -5.0
-0.57495 -5.0
-0.5747 -5.0
-0.57446 -4.9
-0.57421 -4.9
-0.57397 -4.8
-0.57373 -4.7
-0.57348 -4.7
-0.57324 -4.6
-0.57299 -4.4
-0.57275 -4.3
-0.57251 -4.2
-0.57226 -4.0
-0.57202 -3.9
-0.57177 -3.7
-0.57153 -3.5
-0.57129 -3.3
-0.57104 -3.1
-0.5708 -2.9
-0.57055 -2.7
-0.57031 -2.4
-0.57006 -2.2
-0.56982 -2.0
-0.56958 -1.7
-0.56933 -1.5
-0.56909 -1.2
-0.56884 -0.9
-0.5686 -0.7
-0.56836 -0.4
-0.56811 -0.1
-0.56787 0.1
-0.56762 0.4
-0.56738 0.7
-0.56713 0.9
-0.56689 1.2
-0.56665 1.4
-0.5664 1.7
-0.56616 2.0
-0.56591 2.2
-0.56567 2.4
-0.56543 2.7
-0.56518 2.9
-0.56494 3.1
-0.56469 3.3
-0.56445 3.5
-0.56421 3.7
-0.56396 3.9
-0.56372 4.0
-0.56347 4.2
-0.56323 4.3
-0.56298 4.5
-0.56274 4.6
-0.5625 4.7
-0.56225 4.8
-0.56201 4.8
-0.56176 4.9
-0.56152 5.0
-0.56128 5.0
-0.56103 5.0
-0.56079 5.0
-0.56054 5.0
-0.5603 5.0
-0.56005 4.9
-0.55981 4.9
-0.55957 4.8
-0.55932 4.7
-0.55908 4.6
-0.55883 4.5
-0.55859 4.4
-0.55835 4.3
-0.5581 4.1
-0.55786 4.0
-0.55761 3.8
-0.55737 3.6
-0.55713 3.4
-0.55688 3.2
-0.55664 3.0
-0.55639 2.8
-0.55615 2.5
-0.5559 2.3
-0.55566 2.0
-0.55542 1.8
-0.55517 1.5
-0.55493 1.3
-0.55468 1.0
-0.55444 0.7
-0.5542 0.5
-0.55395 0.2
-0.55371 0.0
-0.55346 -0.3
-0.55322 -0.6
-0.55297 -0.9
-0.55273 -1.1
-0.55249 -1.4
-0.55224 -1.7
-0.552 -1.9
-0.55175 -2.2
-0.55151 -2.4
-0.55127 -2.7
-0.55102 -2.9
-0.55078 -3.1
-0.55053 -3.3
-0.55029 -3.5
-0.55005 -3.7
-0.5498 -3.9
-0.54956 -4.1
-0.54931 -4.2
-0.54907 -4.4
-0.54882 -4.5
-0.54858 -4.6
-0.54834 -4.7
-0.54809 -4.8
-0.54785 -4.9
-0.5476 -4.9
-0.54736 -5.0
-0.54712 -5.0
-0.54687 -5.0
-0.54663 -5.0
-0.54638 -5.0
-0.54614 -5.0
-0.54589 -5.0
-0.54565 -4.9
-0.54541 -4.8
-0.54516 -4.7
-0.54492 -4.6
-0.54467 -4.5
-0.54443 -4.4
-0.54419 -4.3
-0.54394 -4.1
-0.5437 -3.9
-0.54345 -3.8
-0.54321 -3.6
-0.54296 -3.4
-0.54272 -3.2
-0.54248 -3.0
-0.54223 -2.7
-0.54199 -2.5
-0.54174 -2.3
-0.5415 -2.0
-0.54126 -1.7
-0.54101 -1.5
-0.54077 -1.2
-0.54052 -0.9
-0.54028 -0.7
-0.54004 -0.4
-0.53979 -0.1
-0.53955 0.2
-0.5393 0.4
-0.53906 0.7
-0.53881 1.0
-0.53857 1.2
-0.53833 1.5
-0.53808 1.8
-0.53784 2.0
-0.53759 2.3
-0.53735 2.5
-0.53711 2.8
-0.53686 3.0
-0.53662 3.2
-0.53637 3.4
-0.53613 3.6
-0.53588 3.8
-0.53564 4.0
-0.5354 4.2
-0.53515 4.3
-0.53491 4.4
-0.53466 4.6
-0.53442 4.7
-0.53418 4.8
-0.53393 4.9
-0.53369 4.9
-0.53344 5.0
-0.5332 5.0
-0.53296 5.1
-0.53271 5.1
-0.53247 5.1
-0.53222 5.0
-0.53198 5.0
-0.53173 5.0
-0.53149 4.9
-0.53125 4.8
-0.531 4.7
-0.53076 4.6
-0.53051 4.5
-0.53027 4.3
-0.53003 4.2
-0.52978 4.0
-0.52954 3.9
-0.52929 3.7
-0.52905 3.5
-0.5288 3.3
-0.52856 3.0
-0.52832 2.8
-0.52807 2.6
-0.52783 2.3
-0.52758 2.1
-0.52734 1.8
-0.5271 1.6
-0.52685 1.3
-0.52661 1.0
-0.52636 0.7
-0.52612 0.5
-0.52588 0.2
-0.52563 -0.1
-0.52539 -0.4
-0.52514 -0.7
-0.5249 -0.9
-0.52465 -1.2
-0.52441 -1.5
-0.52417 -1.8
-0.52392 -2.0
-0.52368 -2.3
-0.52343 -2.5
-0.52319 -2.8
-0.52295 -3.0
-0.5227 -3.2
-0.52246 -3.4
-0.52221 -3.6
-0.52197 -3.8
-0.52172 -4.0
-0.52148 -4.2
-0.52124 -4.3
-0.52099 -4.5
-0.52075 -4.6
-0.5205 -4.7
-0.52026 -4.8
-0.52002 -4.9
-0.51977 -5.0
-0.51953 -5.0
-0.51928 -5.1
-0.51904 -5.1
-0.5188 -5.1
-0.51855 -5.1
-0.51831 -5.1
-0.51806 -5.0
-0.51782 -5.0
-0.51757 -4.9
-0.51733 -4.8
-0.51709 -4.7
-0.51684 -4.6
-0.5166 -4.5
-0.51635 -4.3
-0.51611 -4.2
-0.51587 -4.0
-0.51562 -3.8
-0.51538 -3.6
-0.51513 -3.4
-0.51489 -3.2
-0.51464 -3.0
-0.5144 -2.8
-0.51416 -2.5
-0.51391 -2.3
-0.51367 -2.0
-0.51342 -1.8
-0.51318 -1.5
-0.51294 -1.2
-0.51269 -0.9
-0.51245 -0.7
-0.5122 -0.4
-0.51196 0.0
-0.51171 0.2
-0.51147 0.5
-0.51123 0.8
-0.51098 1.0
-0.51074 1.3
-0.51049 1.6
-0.51025 1.9
-0.51001 2.1
-0.50976 2.4
-0.50952 2.6
-0.50927 2.9
-0.50903 3.1
-0.50879 3.3
-0.50854 3.5
-0.5083 3.7
-0.50805 3.9
-0.50781 4.1
-0.50756 4.3
-0.50732 4.4
-0.50708 4.6
-0.50683 4.7
-0.50659 4.8
-0.50634 4.9
-0.5061 5.0
-0.50586 5.0
-0.50561 5.1
-0.50537 5.1
-0.50512 5.1
-0.50488 5.1
-0.50463 5.1
-0.50439 5.1
-0.50415 5.0
-0.5039 5.0
-0.50366 4.9
-0.50341 4.8
-0.50317 4.7
-0.50293 4.6
-0.50268 4.4
-0.50244 4.3
-0.50219 4.1
-0.50195 3.9
-0.50171 3.7
-0.50146 3.5
-0.50122 3.3
-0.50097 3.1
-0.50073 2.8
-0.50048 2.6
-0.50024 2.3
-0.5 2.1
-0.49975 1.8
-0.49951 1.5
-0.49926 1.3
-0.49902 1.0
-0.49878 0.7
-0.49853 0.4
-0.49829 0.1
-0.49804 -0.2
-0.4978 -0.5
-0.49755 -0.7
-0.49731 -1.0
-0.49707 -1.3
-0.49682 -1.6
-0.49658 -1.9
-0.49633 -2.1
-0.49609 -2.4
-0.49585 -2.6
-0.4956 -2.9
-0.49536 -3.1
-0.49511 -3.4
-0.49487 -3.6
-0.49463 -3.8
-0.49438 -4.0
-0.49414 -4.1
-0.49389 -4.3
-0.49365 -4.5
-0.4934 -4.6
-0.49316 -4.7
-0.49292 -4.8
-0.49267 -4.9
-0.49243 -5.0
-0.49218 -5.1
-0.49194 -5.1
-0.4917 -5.2
-0.49145 -5.2
-0.49121 -5.2
-0.49096 -5.1
-0.49072 -5.1
-0.49047 -5.1
-0.49023 -5.0
-0.48999 -4.9
-0.48974 -4.8
-0.4895 -4.7
-0.48925 -4.6
-0.48901 -4.4
-0.48877 -4.3
-0.48852 -4.1
-0.48828 -3.9
-0.48803 -3.7
-0.48779 -3.5
-0.48755 -3.3
-0.4873 -3.0
-0.48706 -2.8
-0.48681 -2.5
-0.48657 -2.3
-0.48632 -2.0
-0.48608 -1.7
-0.48584 -1.5
-0.48559 -1.2
-0.48535 -0.9
-0.4851 -0.6
-0.48486 -0.3
-0.48462 0.0
-0.48437 0.3
-0.48413 0.6
-0.48388 0.9
-0.48364 1.2
-0.48339 1.4
-0.48315 1.7
-0.48291 2.0
-0.48266 2.3
-0.48242 2.5
-0.48217 2.8
-0.48193 3.0
-0.48169 3.3
-0.48144 3.5
-0.4812 3.7
-0.48095 3.9
-0.48071 4.1
-0.48046 4.3
-0.48022 4.4
-0.47998 4.6
-0.47973 4.7
-0.47949 4.8
-0.47924 4.9
-0.479 5.0
-0.47876 5.1
-0.47851 5.1
-0.47827 5.2
-0.47802 5.2
-0.47778 5.2
-0.47754 5.2
-0.47729 5.2
-0.47705 5.1
-0.4768 5.0
-0.47656 5.0
-0.47631 4.9
-0.47607 4.7
-0.47583 4.6
-0.47558 4.5
-0.47534 4.3
-0.47509 4.1
-0.47485 4.0
-0.47461 3.8
-0.47436 3.5
-0.47412 3.3
-0.47387 3.1
-0.47363 2.8
-0.47338 2.6
-0.47314 2.3
-0.4729 2.1
-0.47265 1.8
-0.47241 1.5
-0.47216 1.2
-0.47192 0.9
-0.47168 0.6
-0.47143 0.3
-0.47119 0.0
-0.47094 -0.3
-0.4707 -0.6
-0.47046 -0.9
-0.47021 -1.2
-0.46997 -1.5
-0.46972 -1.7
-0.46948 -2.0
-0.46923 -2.3
-0.46899 -2.6
-0.46875 -2.8
-0.4685 -3.1
-0.46826 -3.3
-0.46801 -3.5
-0.46777 -3.7
-0.46753 -3.9
-0.46728 -4.1
-0.46704 -4.3
-0.46679 -4.5
-0.46655 -4.6
-0.4663 -4.8
-0.46606 -4.9
-0.46582 -5.0
-0.46557 -5.1
-0.46533 -5.1
-0.46508 -5.2
-0.46484 -5.2
-0.4646 -5.2
-0.46435 -5.2
-0.46411 -5.2
-0.46386 -5.2
-0.46362 -5.1
-0.46338 -5.1
-0.46313 -5.0
-0.46289 -4.9
-0.46264 -4.7
-0.4624 -4.6
-0.46215 -4.5
-0.46191 -4.3
-0.46167 -4.1
-0.46142 -3.9
-0.46118 -3.7
-0.46093 -3.5
-0.46069 -3.3
-0.46045 -3.0
-0.4602 -2.8
-0.45996 -2.5
-0.45971 -2.2
-0.45947 -2.0
-0.45922 -1.7
-0.45898 -1.4
-0.45874 -1.1
-0.45849 -0.8
-0.45825 -0.5
-0.458 -0.2
-0.45776 0.1
-0.45752 0.4
-0.45727 0.7
-0.45703 1.0
-0.45678 1.3
-0.45654 1.6
-0.4563 1.9
-0.45605 2.2
-0.45581 2.5
-0.45556 2.7
-0.45532 3.0
-0.45507 3.2
-0.45483 3.5
-0.45459 3.7
-0.45434 3.9
-0.4541 4.1
-0.45385 4.3
-0.45361 4.5
-0.45337 4.6
-0.45312 4.7
-0.45288 4.9
-0.45263 5.0
-0.45239 5.1
-0.45214 5.1
-0.4519 5.2
-0.45166 5.2
-0.45141 5.3
-0.45117 5.3
-0.45092 5.3
-0.45068 5.2
-0.45044 5.2
-0.45019 5.1
-0.44995 5.0
-0.4497 4.9
-0.44946 4.8
-0.44921 4.7
-0.44897 4.5
-0.44873 4.3
-0.44848 4.2
-0.44824 4.0
-0.44799 3.8
-0.44775 3.5
-0.44751 3.3
-0.44726 3.1
-0.44702 2.8
-0.44677 2.5
-0.44653 2.3
-0.44629 2.0
-0.44604 1.7
-0.4458 1.4
-0.44555 1.1
-0.44531 0.8
-0.44506 0.5
-0.44482 0.2
-0.44458 -0.1
-0.44433 -0.4
-0.44409 -0.7
-0.44384 -1.1
-0.4436 -1.4
-0.44336 -1.6
-0.44311 -1.9
-0.44287 -2.2
-0.44262 -2.5
-0.44238 -2.8
-0.44213 -3.0
-0.44189 -3.3
-0.44165 -3.5
-0.4414 -3.7
-0.44116 -4.0
-0.44091 -4.2
-0.44067 -4.3
-0.44043 -4.5
-0.44018 -4.7
-0.43994 -4.8
-0.43969 -4.9
-0.43945 -5.0
-0.43921 -5.1
-0.43896 -5.2
-0.43872 -5.2
-0.43847 -5.3
-0.43823 -5.3
-0.43798 -5.3
-0.43774 -5.3
-0.4375 -5.2
-0.43725 -5.2
-0.43701 -5.1
-0.43676 -5.0
-0.43652 -4.9
-0.43628 -4.8
-0.43603 -4.6
-0.43579 -4.5
-0.43554 -4.3
-0.4353 -4.1
-0.43505 -3.9
-0.43481 -3.7
-0.43457 -3.5
-0.43432 -3.2
-0.43408 -3.0
-0.43383 -2.7
-0.43359 -2.4
-0.43335 -2.1
-0.4331 -1.8
-0.43286 -1.5
-0.43261 -1.2
-0.43237 -0.9
-0.43213 -0.6
-0.43188 -0.3
-0.43164 0.0
-0.43139 0.3
-0.43115 0.6
-0.4309 0.9
-0.43066 1.2
-0.43042 1.5
-0.43017 1.8
-0.42993 2.1
-0.42968 2.4
-0.42944 2.7
-0.4292 3.0
-0.42895 3.2
-0.42871 3.5
-0.42846 3.7
-0.42822 3.9
-0.42797 4.1
-0.42773 4.3
-0.42749 4.5
-0.42724 4.7
-0.427 4.8
-0.42675 4.9
-0.42651 5.0
-0.42627 5.1
-0.42602 5.2
-0.42578 5.3
-0.42553 5.3
-0.42529 5.3
-0.42505 5.3
-0.4248 5.3
-0.42456 5.3
-0.42431 5.2
-0.42407 5.2
-0.42382 5.1
-0.42358 4.9
-0.42334 4.8
-0.42309 4.7
-0.42285 4.5
-0.4226 4.3
-0.42236 4.1
-0.42212 3.9
-0.42187 3.7
-0.42163 3.5
-0.42138 3.2
-0.42114 3.0
-0.42089 2.7
-0.42065 2.4
-0.42041 2.1
-0.42016 1.8
-0.41992 1.5
-0.41967 1.2
-0.41943 0.9
-0.41919 0.6
-0.41894 0.3
-0.4187 0.0
-0.41845 -0.4
-0.41821 -0.7
-0.41796 -1.0
-0.41772 -1.3
-0.41748 -1.6
-0.41723 -1.9
-0.41699 -2.2
-0.41674 -2.5
-0.4165 -2.8
-0.41626 -3.1
-0.41601 -3.3
-0.41577 -3.6
-0.41552 -3.8
-0.41528 -4.0
-0.41504 -4.2
-0.41479 -4.4
-0.41455 -4.6
-0.4143 -4.7
-0.41406 -4.9
-0.41381 -5.0
-0.41357 -5.1
-0.41333 -5.2
-0.41308 -5.3
-0.41284 -5.3
-0.41259 -5.4
-0.41235 -5.4
-0.41211 -5.4
-0.41186 -5.3
-0.41162 -5.3
-0.41137 -5.2
-0.41113 -5.1
-0.41088 -5.0
-0.41064 -4.9
-0.4104 -4.8
-0.41015 -4.6
-0.40991 -4.5
-0.40966 -4.3
-0.40942 -4.1
-0.40918 -3.8
-0.40893 -3.6
-0.40869 -3.4
-0.40844 -3.1
-0.4082 -2.8
-0.40796 -2.6
-0.40771 -2.3
-0.40747 -2.0
-0.40722 -1.7
-0.40698 -1.3
-0.40673 -1.0
-0.40649 -0.7
-0.40625 -0.4
-0.406 0.0
-0.40576 0.3
-0.40551 0.6
-0.40527 0.9
-0.40503 1.2
-0.40478 1.5
-0.40454 1.9
-0.40429 2.2
-0.40405 2.5
-0.4038 2.7
-0.40356 3.0
-0.40332 3.3
-0.40307 3.5
-0.40283 3.8
-0.40258 4.0
-0.40234 4.2
-0.4021 4.4
-0.40185 4.6
-0.40161 4.8
-0.40136 4.9
-0.40112 5.0
-0.40088 5.1
-0.40063 5.2
-0.40039 5.3
-0.40014 5.4
-0.3999 5.4
-0.39965 5.4
-0.39941 5.4
-0.39917 5.4
-0.39892 5.3
-0.39868 5.3
-0.39843 5.2
-0.39819 5.1
-0.39795 5.0
-0.3977 4.8
-0.39746 4.7
-0.39721 4.5
-0.39697 4.3
-0.39672 4.1
-0.39648 3.8
-0.39624 3.6
-0.39599 3.4
-0.39575 3.1
-0.3955 2.8
-0.39526 2.5
-0.39502 2.2
-0.39477 1.9
-0.39453 1.6
-0.39428 1.3
-0.39404 1.0
-0.3938 0.6
-0.39355 0.3
-0.39331 0.0
-0.39306 -0.4
-0.39282 -0.7
-0.39257 -1.0
-0.39233 -1.3
-0.39209 -1.7
-0.39184 -2.0
-0.3916 -2.3
-0.39135 -2.6
-0.39111 -2.9
-0.39087 -3.1
-0.39062 -3.4
-0.39038 -3.7
-0.39013 -3.9
-0.38989 -4.1
-0.38964 -4.3
-0.3894 -4.5
-0.38916 -4.7
-0.38891 -4.9
-0.38867 -5.0
-0.38842 -5.1
-0.38818 -5.2
-0.38794 -5.3
-0.38769 -5.4
-0.38745 -5.4
-0.3872 -5.4
-0.38696 -5.4
-0.38671 -5.4
-0.38647 -5.4
-0.38623 -5.3
-0.38598 -5.3
-0.38574 -5.2
-0.38549 -5.0
-0.38525 -4.9
-0.38501 -4.7
-0.38476 -4.6
-0.38452 -4.4
-0.38427 -4.2
-0.38403 -4.0
-0.38379 -3.7
-0.38354 -3.5
-0.3833 -3.2
-0.38305 -2.9
-0.38281 -2.6
-0.38256 -2.3
-0.38232 -2.0
-0.38208 -1.7
-0.38183 -1.4
-0.38159 -1.0
-0.38134 -0.7
-0.3811 -0.4
-0.38086 0.0
-0.38061 0.3
-0.38037 0.6
-0.38012 1.0
-0.37988 1.3
-0.37963 1.6
-0.37939 1.9
-0.37915 2.3
-0.3789 2.6
-0.37866 2.9
-0.37841 3.1
-0.37817 3.4
-0.37793 3.7
-0.37768 3.9
-0.37744 4.1
-0.37719 4.4
-0.37695 4.6
-0.37671 4.7
-0.37646 4.9
-0.37622 5.0
-0.37597 5.2
-0.37573 5.3
-0.37548 5.4
-0.37524 5.4
-0.375 5.5
-0.37475 5.5
-0.37451 5.5
-0.37426 5.5
-0.37402 5.4
-0.37378 5.4
-0.37353 5.3
-0.37329 5.2
-0.37304 5.1
-0.3728 4.9
-0.37255 4.7
-0.37231 4.6
-0.37207 4.4
-0.37182 4.2
-0.37158 3.9
-0.37133 3.7
-0.37109 3.4
-0.37085 3.1
-0.3706 2.9
-0.37036 2.6
-0.37011 2.2
-0.36987 1.9
-0.36963 1.6
-0.36938 1.3
-0.36914 0.9
-0.36889 0.6
-0.36865 0.3
-0.3684 0.0
-0.36816 -0.4
-0.36792 -0.8
-0.36767 -1.1
-0.36743 -1.5
-0.36718 -1.8
-0.36694 -2.1
-0.3667 -2.4
-0.36645 -2.7
-0.36621 -3.0
-0.36596 -3.3
-0.36572 -3.6
-0.36547 -3.8
-0.36523 -4.1
-0.36499 -4.3
-0.36474 -4.5
-0.3645 -4.7
-0.36425 -4.9
-0.36401 -5.0
-0.36377 -5.2
-0.36352 -5.3
-0.36328 -5.4
-0.36303 -5.4
-0.36279 -5.5
-0.36255 -5.5
-0.3623 -5.5
-0.36206 -5.5
-0.36181 -5.5
-0.36157 -5.4
-0.36132 -5.3
-0.36108 -5.2
-0.36084 -5.1
-0.36059 -5.0
-0.36035 -4.8
-0.3601 -4.6
-0.35986 -4.4
-0.35962 -4.2
-0.35937 -4.0
-0.35913 -3.7
-0.35888 -3.5
-0.35864 -3.2
-0.35839 -2.9
-0.35815 -2.6
-0.35791 -2.3
-0.35766 -2.0
-0.35742 -1.6
-0.35717 -1.3
-0.35693 -1.0
-0.35669 -0.6
-0.35644 -0.3
-0.3562 0.0
-0.35595 0.4
-0.35571 0.8
-0.35546 1.1
-0.35522 1.5
-0.35498 1.8
-0.35473 2.1
-0.35449 2.5
-0.35424 2.8
-0.354 3.1
-0.35376 3.4
-0.35351 3.6
-0.35327 3.9
-0.35302 4.1
-0.35278 4.4
-0.35254 4.6
-0.35229 4.8
-0.35205 4.9
-0.3518 5.1
-0.35156 5.2
-0.35131 5.3
-0.35107 5.4
-0.35083 5.5
-0.35058 5.5
-0.35034 5.6
-0.35009 5.6
-0.34985 5.6
-0.34961 5.5
-0.34936 5.4
-0.34912 5.4
-0.34887 5.2
-0.34863 5.1
-0.34838 5.0
-0.34814 4.8
-0.3479 4.6
-0.34765 4.4
-0.34741 4.2
-0.34716 3.9
-0.34692 3.7
-0.34668 3.4
-0.34643 3.1
-0.34619 2.8
-0.34594 2.5
-0.3457 2.2
-0.34546 1.8
-0.34521 1.5
-0.34497 1.1
-0.34472 0.8
-0.34448 0.4
-0.34423 0.0
-0.34399 -0.3
-0.34375 -0.6
-0.3435 -1.0
-0.34326 -1.3
-0.34301 -1.7
-0.34277 -2.0
-0.34253 -2.4
-0.34228 -2.7
-0.34204 -3.0
-0.34179 -3.3
-0.34155 -3.6
-0.3413 -3.8
-0.34106 -4.1
-0.34082 -4.3
-0.34057 -4.6
-0.34033 -4.8
-0.34008 -4.9
-0.33984 -5.1
-0.3396 -5.2
-0.33935 -5.4
-0.33911 -5.5
-0.33886 -5.5
-0.33862 -5.6
-0.33838 -5.6
-0.33813 -5.6
-0.33789 -5.6
-0.33764 -5.6
-0.3374 -5.5
-0.33715 -5.4
-0.33691 -5.3
-0.33667 -5.2
-0.33642 -5.0
-0.33618 -4.8
-0.33593 -4.7
-0.33569 -4.4
-0.33545 -4.2
-0.3352 -4.0
-0.33496 -3.7
-0.33471 -3.4
-0.33447 -3.1
-0.33422 -2.8
-0.33398 -2.5
-0.33374 -2.2
-0.33349 -1.8
-0.33325 -1.5
-0.333 -1.1
-0.33276 -0.7
-0.33252 -0.4
-0.33227 0.0
-0.33203 0.3
-0.33178 0.7
-0.33154 1.1
-0.3313 1.4
-0.33105 1.8
-0.33081 2.1
-0.33056 2.5
-0.33032 2.8
-0.33007 3.1
-0.32983 3.4
-0.32959 3.7
-0.32934 4.0
-0.3291 4.2
-0.32885 4.4
-0.32861 4.7
-0.32837 4.9
-0.32812 5.0
-0.32788 5.2
-0.32763 5.3
-0.32739 5.4
-0.32714 5.5
-0.3269 5.6
-0.32666 5.6
-0.32641 5.7
-0.32617 5.7
-0.32592 5.6
-0.32568 5.6
-0.32544 5.5
-0.32519 5.4
-0.32495 5.3
-0.3247 5.1
-0.32446 5.0
-0.32421 4.8
-0.32397 4.6
-0.32373 4.3
-0.32348 4.1
-0.32324 3.8
-0.32299 3.5
-0.32275 3.3
-0.32251 2.9
-0.32226 2.6
-0.32202 2.3
-0.32177 1.9
-0.32153 1.6
-0.32129 1.2
-0.32104 0.9
-0.3208 0.5
-0.32055 0.1
-0.32031 -0.3
-0.32006 -0.6
-0.31982 -1.0
-0.31958 -1.4
-0.31933 -1.7
-0.31909 -2.1
-0.31884 -2.4
-0.3186 -2.8
-0.31836 -3.1
-0.31811 -3.4
-0.31787 -3.7
-0.31762 -4.0
-0.31738 -4.2
-0.31713 -4.5
-0.31689 -4.7
-0.31665 -4.9
-0.3164 -5.1
-0.31616 -5.2
-0.31591 -5.4
-0.31567 -5.5
-0.31543 -5.6
-0.31518 -5.6
-0.31494 -5.7
-0.31469 -5.7
-0.31445 -5.7
-0.31421 -5.7
-0.31396 -5.6
-0.31372 -5.5
-0.31347 -5.4
-0.31323 -5.3
-0.31298 -5.2
-0.31274 -5.0
-0.3125 -4.8
-0.31225 -4.6
-0.31201 -4.3
-0.31176 -4.1
-0.31152 -3.8
-0.31128 -3.5
-0.31103 -3.2
-0.31079 -2.9
-0.31054 -2.6
-0.3103 -2.2
-0.31005 -1.9
-0.30981 -1.5
-0.30957 -1.1
-0.30932 -0.7
-0.30908 -0.4
-0.30883 0.0
-0.30859 0.4
-0.30835 0.8
-0.3081 1.1
-0.30786 1.5
-0.30761 1.9
-0.30737 2.2
-0.30713 2.6
-0.30688 2.9
-0.30664 3.2
-0.30639 3.6
-0.30615 3.8
-0.3059 4.1
-0.30566 4.4
-0.30542 4.6
-0.30517 4.8
-0.30493 5.0
-0.30468 5.2
-0.30444 5.4
-0.3042 5.5
-0.30395 5.6
-0.30371 5.7
-0.30346 5.7
-0.30322 5.8
-0.30297 5.8
-0.30273 5.7
-0.30249 5.7
-0.30224 5.6
-0.302 5.5
-0.30175 5.4
-0.30151 5.2
-0.30127 5.1
-0.30102 4.9
-0.30078 4.7
-0.30053 4.4
-0.30029 4.2
-0.30005 3.9
-0.2998 3.6
-0.29956 3.3
-0.29931 3.0
-0.29907 2.6
-0.29882 2.3
-0.29858 1.9
-0.29834 1.5
-0.29809 1.2
-0.29785 0.8
-0.2976 0.4
-0.29736 0.0
-0.29712 -0.4
-0.29687 -0.8
-0.29663 -1.2
-0.29638 -1.5
-0.29614 -1.9
-0.29589 -2.3
-0.29565 -2.6
-0.29541 -3.0
-0.29516 -3.3
-0.29492 -3.6
-0.29467 -3.9
-0.29443 -4.2
-0.29419 -4.4
-0.29394 -4.7
-0.2937 -4.9
-0.29345 -5.1
-0.29321 -5.3
-0.29296 -5.4
-0.29272 -5.6
-0.29248 -5.7
-0.29223 -5.7
-0.29199 -5.8
-0.29174 -5.8
-0.2915 -5.8
-0.29126 -5.8
-0.29101 -5.7
-0.29077 -5.6
-0.29052 -5.5
-0.29028 -5.4
-0.29004 -5.2
-0.28979 -5.0
-0.28955 -4.8
-0.2893 -4.6
-0.28906 -4.4
-0.28881 -4.1
-0.28857 -3.8
-0.28833 -3.5
-0.28808 -3.2
-0.28784 -2.8
-0.28759 -2.5
-0.28735 -2.1
-0.28711 -1.7
-0.28686 -1.4
-0.28662 -1.0
-0.28637 -0.6
-0.28613 -0.2
-0.28588 0.2
-0.28564 0.6
-0.2854 1.0
-0.28515 1.4
-0.28491 1.8
-0.28466 2.2
-0.28442 2.5
-0.28418 2.9
-0.28393 3.2
-0.28369 3.5
-0.28344 3.9
-0.2832 4.1
-0.28296 4.4
-0.28271 4.7
-0.28247 4.9
-0.28222 5.1
-0.28198 5.3
-0.28173 5.5
-0.28149 5.6
-0.28125 5.7
-0.281 5.8
-0.28076 5.8
-0.28051 5.9
-0.28027 5.9
-0.28003 5.8
-0.27978 5.8
-0.27954 5.7
-0.27929 5.6
-0.27905 5.4
-0.2788 5.3
-0.27856 5.1
-0.27832 4.9
-0.27807 4.6
-0.27783 4.4
-0.27758 4.1
-0.27734 3.8
-0.2771 3.5
-0.27685 3.2
-0.27661 2.8
-0.27636 2.5
-0.27612 2.1
-0.27588 1.7
-0.27563 1.3
-0.27539 0.9
-0.27514 0.5
-0.2749 0.1
-0.27465 -0.3
-0.27441 -0.7
-0.27417 -1.1
-0.27392 -1.5
-0.27368 -1.9
-0.27343 -2.3
-0.27319 -2.7
-0.27295 -3.0
-0.2727 -3.4
-0.27246 -3.7
-0.27221 -4.0
-0.27197 -4.3
-0.27172 -4.6
-0.27148 -4.8
-0.27124 -5.0
-0.27099 -5.2
-0.27075 -5.4
-0.2705 -5.6
-0.27026 -5.7
-0.27002 -5.8
-0.26977 -5.9
-0.26953 -5.9
-0.26928 -5.9
-0.26904 -5.9
-0.2688 -5.9
-0.26855 -5.8
-0.26831 -5.7
-0.26806 -5.6
-0.26782 -5.4
-0.26757 -5.2
-0.26733 -5.0
-0.26709 -4.8
-0.26684 -4.5
-0.2666 -4.2
-0.26635 -3.9
-0.26611 -3.6
-0.26587 -3.3
-0.26562 -2.9
-0.26538 -2.6
-0.26513 -2.2
-0.26489 -1.8
-0.26464 -1.4
-0.2644 -1.0
-0.26416 -0.6
-0.26391 -0.2
-0.26367 0.2
-0.26342 0.7
-0.26318 1.1
-0.26294 1.5
-0.26269 1.9
-0.26245 2.3
-0.2622 2.6
-0.26196 3.0
-0.26171 3.4
-0.26147 3.7
-0.26123 4.0
-0.26098 4.3
-0.26074 4.6
-0.26049 4.9
-0.26025 5.1
-0.26001 5.3
-0.25976 5.5
-0.25952 5.6
-0.25927 5.8
-0.25903 5.9
-0.25879 5.9
-0.25854 6.0
-0.2583 6.0
-0.25805 5.9
-0.25781 5.9
-0.25756 5.8
-0.25732 5.7
-0.25708 5.6
-0.25683 5.4
-0.25659 5.2
-0.25634 5.0
-0.2561 4.8
-0.25586 4.5
-0.25561 4.2
-0.25537 3.9
-0.25512 3.6
-0.25488 3.2
-0.25463 2.8
-0.25439 2.5
-0.25415 2.1
-0.2539 1.7
-0.25366 1.3
-0.25341 0.8
-0.25317 0.4
-0.25293 0.0
-0.25268 -0.4
-0.25244 -0.9
-0.25219 -1.3
-0.25195 -1.7
-0.25171 -2.1
-0.25146 -2.5
-0.25122 -2.9
-0.25097 -3.3
-0.25073 -3.6
-0.25048 -3.9
-0.25024 -4.3
-0.25 -4.5
-0.24975 -4.8
-0.24951 -5.1
-0.24926 -5.3
-0.24902 -5.5
-0.24878 -5.6
-0.24853 -5.8
-0.24829 -5.9
-0.24804 -6.0
-0.2478 -6.0
-0.24755 -6.0
-0.24731 -6.0
-0.24707 -6.0
-0.24682 -5.9
-0.24658 -5.8
-0.24633 -5.7
-0.24609 -5.5
-0.24585 -5.3
-0.2456 -5.1
-0.24536 -4.8
-0.24511 -4.6
-0.24487 -4.3
-0.24463 -3.9
-0.24438 -3.6
-0.24414 -3.2
-0.24389 -2.9
-0.24365 -2.5
-0.2434 -2.1
-0.24316 -1.7
-0.24292 -1.2
-0.24267 -0.8
-0.24243 -0.4
-0.24218 0.0
-0.24194 0.5
-0.2417 0.9
-0.24145 1.4
-0.24121 1.8
-0.24096 2.2
-0.24072 2.6
-0.24047 3.0
-0.24023 3.4
-0.23999 3.7
-0.23974 4.1
-0.2395 4.4
-0.23925 4.7
-0.23901 4.9
-0.23877 5.2
-0.23852 5.4
-0.23828 5.6
-0.23803 5.7
-0.23779 5.9
-0.23755 6.0
-0.2373 6.0
-0.23706 6.1
-0.23681 6.1
-0.23657 6.1
-0.23632 6.0
-0.23608 5.9
-0.23584 5.8
-0.23559 5.6
-0.23535 5.4
-0.2351 5.2
-0.23486 5.0
-0.23462 4.7
-0.23437 4.4
-0.23413 4.1
-0.23388 3.8
-0.23364 3.4
-0.23339 3.0
-0.23315 2.6
-0.23291 2.2
-0.23266 1.8
-0.23242 1.4
-0.23217 0.9
-0.23193 0.5
-0.23169 0.0
-0.23144 -0.4
-0.2312 -0.8
-0.23095 -1.3
-0.23071 -1.7
-0.23046 -2.2
-0.23022 -2.6
-0.22998 -3.0
-0.22973 -3.4
-0.22949 -3.7
-0.22924 -4.1
-0.229 -4.4
-0.22876 -4.7
-0.22851 -5.0
-0.22827 -5.2
-0.22802 -5.5
-0.22778 -5.6
-0.22754 -5.8
-0.22729 -5.9
-0.22705 -6.0
-0.2268 -6.1
-0.22656 -6.1
-0.22631 -6.1
-0.22607 -6.1
-0.22583 -6.0
-0.22558 -5.9
-0.22534 -5.8
-0.22509 -5.7
-0.22485 -5.5
-0.22461 -5.2
-0.22436 -5.0
-0.22412 -4.7
-0.22387 -4.4
-0.22363 -4.1
-0.22338 -3.7
-0.22314 -3.3
-0.2229 -2.9
-0.22265 -2.5
-0.22241 -2.1
-0.22216 -1.7
-0.22192 -1.2
-0.22168 -0.8
-0.22143 -0.3
-0.22119 0.1
-0.22094 0.6
-0.2207 1.1
-0.22046 1.5
-0.22021 2.0
-0.21997 2.4
-0.21972 2.8
-0.21948 3.2
-0.21923 3.6
-0.21899 4.0
-0.21875 4.3
-0.2185 4.6
-0.21826 4.9
-0.21801 5.2
-0.21777 5.4
-0.21753 5.6
-0.21728 5.8
-0.21704 6.0
-0.21679 6.1
-0.21655 6.2
-0.2163 6.2
-0.21606 6.2
-0.21582 6.2
-0.21557 6.1
-0.21533 6.0
-0.21508 5.9
-0.21484 5.7
-0.2146 5.5
-0.21435 5.3
-0.21411 5.1
-0.21386 4.8
-0.21362 4.5
-0.21338 4.1
-0.21313 3.8
-0.21289 3.4
-0.21264 3.0
-0.2124 2.6
-0.21215 2.1
-0.21191 1.7
-0.21167 1.2
-0.21142 0.7
-0.21118 0.3
-0.21093 -0.2
-0.21069 -0.7
-0.21045 -1.1
-0.2102 -1.6
-0.20996 -2.0
-0.20971 -2.5
-0.20947 -2.9
-0.20922 -3.3
-0.20898 -3.7
-0.20874 -4.1
-0.20849 -4.4
-0.20825 -4.8
-0.208 -5.1
-0.20776 -5.3
-0.20752 -5.6
-0.20727 -5.8
-0.20703 -5.9
-0.20678 -6.1
-0.20654 -6.2
-0.2063 -6.2
-0.20605 -6.3
-0.20581 -6.3
-0.20556 -6.2
-0.20532 -6.2
-0.20507 -6.0
-0.20483 -5.9
-0.20459 -5.7
-0.20434 -5.5
-0.2041 -5.2
-0.20385 -5.0
-0.20361 -4.6
-0.20337 -4.3
-0.20312 -3.9
-0.20288 -3.6
-0.20263 -3.1
-0.20239 -2.7
-0.20214 -2.3
-0.2019 -1.8
-0.20166 -1.4
-0.20141 -0.9
-0.20117 -0.4
-0.20092 0.0
-0.20068 0.6
-0.20044 1.1
-0.20019 1.5
-0.19995 2.0
-0.1997 2.5
-0.19946 2.9
-0.19921 3.3
-0.19897 3.7
-0.19873 4.1
-0.19848 4.5
-0.19824 4.8
-0.19799 5.1
-0.19775 5.4
-0.19751 5.6
-0.19726 5.8
-0.19702 6.0
-0.19677 6.2
-0.19653 6.3
-0.19629 6.3
-0.19604 6.3
-0.1958 6.3
-0.19555 6.3
-0.19531 6.2
-0.19506 6.1
-0.19482 5.9
-0.19458 5.7
-0.19433 5.5
-0.19409 5.2
-0.19384 4.9
-0.1936 4.6
-0.19336 4.2
-0.19311 3.9
-0.19287 3.5
-0.19262 3.0
-0.19238 2.6
-0.19213 2.1
-0.19189 1.6
-0.19165 1.2
-0.1914 0.7
-0.19116 0.2
-0.19091 -0.3
-0.19067 -0.8
-0.19043 -1.3
-0.19018 -1.8
-0.18994 -2.3
-0.18969 -2.7
-0.18945 -3.2
-0.18921 -3.6
-0.18896 -4.0
-0.18872 -4.4
-0.18847 -4.7
-0.18823 -5.1
-0.18798 -5.4
-0.18774 -5.6
-0.1875 -5.9
-0.18725 -6.0
-0.18701 -6.2
-0.18676 -6.3
-0.18652 -6.4
-0.18628 -6.4
-0.18603 -6.4
-0.18579 -6.4
-0.18554 -6.3
-0.1853 -6.2
-0.18505 -6.0
-0.18481 -5.8
-0.18457 -5.6
-0.18432 -5.3
-0.18408 -5.0
-0.18383 -4.7
-0.18359 -4.3
-0.18335 -3.9
-0.1831 -3.5
-0.18286 -3.0
-0.18261 -2.6
-0.18237 -2.1
-0.18213 -1.6
-0.18188 -1.1
-0.18164 -0.6
-0.18139 0.0
-0.18115 0.4
-0.1809 0.9
-0.18066 1.4
-0.18042 1.9
-0.18017 2.4
-0.17993 2.9
-0.17968 3.3
-0.17944 3.8
-0.1792 4.2
-0.17895 4.6
-0.17871 4.9
-0.17846 5.2
-0.17822 5.5
-0.17797 5.8
-0.17773 6.0
-0.17749 6.2
-0.17724 6.3
-0.177 6.4
-0.17675 6.5
-0.17651 6.5
-0.17627 6.5
-0.17602 6.4
-0.17578 6.3
-0.17553 6.1
-0.17529 6.0
-0.17505 5.7
-0.1748 5.5
-0.17456 5.2
-0.17431 4.8
-0.17407 4.5
-0.17382 4.1
-0.17358 3.6
-0.17334 3.2
-0.17309 2.7
-0.17285 2.2
-0.1726 1.7
-0.17236 1.2
-0.17212 0.7
-0.17187 0.2
-0.17163 -0.4
-0.17138 -0.9
-0.17114 -1.4
-0.17089 -1.9
-0.17065 -2.4
-0.17041 -2.9
-0.17016 -3.4
-0.16992 -3.8
-0.16967 -4.3
-0.16943 -4.6
-0.16919 -5.0
-0.16894 -5.3
-0.1687 -5.6
-0.16845 -5.9
-0.16821 -6.1
-0.16796 -6.3
-0.16772 -6.4
-0.16748 -6.5
-0.16723 -6.6
-0.16699 -6.6
-0.16674 -6.5
-0.1665 -6.5
-0.16626 -6.3
-0.16601 -6.2
-0.16577 -6.0
-0.16552 -5.7
-0.16528 -5.4
-0.16504 -5.1
-0.16479 -4.7
-0.16455 -4.3
-0.1643 -3.9
-0.16406 -3.5
-0.16381 -3.0
-0.16357 -2.5
-0.16333 -2.0
-0.16308 -1.5
-0.16284 -0.9
-0.16259 -0.4
-0.16235 0.2
-0.16211 0.7
-0.16186 1.2
-0.16162 1.8
-0.16137 2.3
-0.16113 2.8
-0.16088 3.3
-0.16064 3.8
-0.1604 4.2
-0.16015 4.6
-0.15991 5.0
-0.15966 5.4
-0.15942 5.7
-0.15918 5.9
-0.15893 6.2
-0.15869 6.4
-0.15844 6.5
-0.1582 6.6
-0.15796 6.7
-0.15771 6.7
-0.15747 6.6
-0.15722 6.5
-0.15698 6.4
-0.15673 6.2
-0.15649 6.0
-0.15625 5.8
-0.156 5.5
-0.15576 5.1
-0.15551 4.7
-0.15527 4.3
-0.15503 3.9
-0.15478 3.4
-0.15454 2.9
-0.15429 2.4
-0.15405 1.9
-0.1538 1.3
-0.15356 0.8
-0.15332 0.2
-0.15307 -0.4
-0.15283 -0.9
-0.15258 -1.5
-0.15234 -2.0
-0.1521 -2.6
-0.15185 -3.1
-0.15161 -3.6
-0.15136 -4.0
-0.15112 -4.5
-0.15088 -4.9
-0.15063 -5.3
-0.15039 -5.6
-0.15014 -5.9
-0.1499 -6.2
-0.14965 -6.4
-0.14941 -6.5
-0.14917 -6.7
-0.14892 -6.7
-0.14868 -6.8
-0.14843 -6.7
-0.14819 -6.7
-0.14795 -6.5
-0.1477 -6.4
-0.14746 -6.1
-0.14721 -5.9
-0.14697 -5.6
-0.14672 -5.2
-0.14648 -4.8
-0.14624 -4.4
-0.14599 -4.0
-0.14575 -3.5
-0.1455 -3.0
-0.14526 -2.4
-0.14502 -1.9
-0.14477 -1.3
-0.14453 -0.7
-0.14428 -0.2
-0.14404 0.4
-0.1438 1.0
-0.14355 1.6
-0.14331 2.1
-0.14306 2.7
-0.14282 3.2
-0.14257 3.7
-0.14233 4.2
-0.14209 4.7
-0.14184 5.1
-0.1416 5.5
-0.14135 5.8
-0.14111 6.1
-0.14087 6.3
-0.14062 6.5
-0.14038 6.7
-0.14013 6.8
-0.13989 6.8
-0.13964 6.8
-0.1394 6.8
-0.13916 6.7
-0.13891 6.5
-0.13867 6.3
-0.13842 6.1
-0.13818 5.8
-0.13794 5.4
-0.13769 5.1
-0.13745 4.6
-0.1372 4.2
-0.13696 3.7
-0.13671 3.2
-0.13647 2.6
-0.13623 2.0
-0.13598 1.5
-0.13574 0.9
-0.13549 0.3
-0.13525 -0.3
-0.13501 -0.9
-0.13476 -1.5
-0.13452 -2.1
-0.13427 -2.7
-0.13403 -3.3
-0.13379 -3.8
-0.13354 -4.3
-0.1333 -4.7
-0.13305 -5.2
-0.13281 -5.6
-0.13256 -5.9
-0.13232 -6.2
-0.13208 -6.5
-0.13183 -6.7
-0.13159 -6.8
-0.13134 -6.9
-0.1311 -6.9
-0.13086 -6.9
-0.13061 -6.9
-0.13037 -6.7
-0.13012 -6.6
-0.12988 -6.3
-0.12963 -6.1
-0.12939 -5.7
-0.12915 -5.4
-0.1289 -4.9
-0.12866 -4.5
-0.12841 -4.0
-0.12817 -3.5
-0.12793 -2.9
-0.12768 -2.3
-0.12744 -1.7
-0.12719 -1.1
-0.12695 -0.5
-0.12671 0.1
-0.12646 0.8
-0.12622 1.4
-0.12597 2.0
-0.12573 2.6
-0.12548 3.2
-0.12524 3.7
-0.125 4.2
-0.12475 4.7
-0.12451 5.2
-0.12426 5.6
-0.12402 6.0
-0.12378 6.3
-0.12353 6.5
-0.12329 6.7
-0.12304 6.9
-0.1228 7.0
-0.12255 7.1
-0.12231 7.0
-0.12207 7.0
-0.12182 6.8
-0.12158 6.6
-0.12133 6.4
-0.12109 6.1
-0.12085 5.8
-0.1206 5.4
-0.12036 4.9
-0.12011 4.4
-0.11987 3.9
-0.11963 3.4
-0.11938 2.8
-0.11914 2.2
-0.11889 1.5
-0.11865 0.9
-0.1184 0.2
-0.11816 -0.4
-0.11792 -1.1
-0.11767 -1.7
-0.11743 -2.3
-0.11718 -2.9
-0.11694 -3.5
-0.1167 -4.1
-0.11645 -4.6
-0.11621 -5.1
-0.11596 -5.5
-0.11572 -5.9
-0.11547 -6.3
-0.11523 -6.6
-0.11499 -6.8
-0.11474 -7.0
-0.1145 -7.1
-0.11425 -7.2
-0.11401 -7.2
-0.11377 -7.1
-0.11352 -7.0
-0.11328 -6.8
-0.11303 -6.5
-0.11279 -6.2
-0.11255 -5.9
-0.1123 -5.4
-0.11206 -5.0
-0.11181 -4.5
-0.11157 -3.9
-0.11132 -3.3
-0.11108 -2.7
-0.11084 -2.1
-0.11059 -1.4
-0.11035 -0.8
-0.1101 0.0
-0.10986 0.6
-0.10962 1.3
-0.10937 1.9
-0.10913 2.6
-0.10888 3.2
-0.10864 3.8
-0.10839 4.4
-0.10815 4.9
-0.10791 5.4
-0.10766 5.8
-0.10742 6.2
-0.10717 6.5
-0.10693 6.8
-0.10669 7.0
-0.10644 7.2
-0.1062 7.3
-0.10595 7.3
-0.10571 7.2
-0.10546 7.1
-0.10522 6.9
-0.10498 6.7
-0.10473 6.4
-0.10449 6.0
-0.10424 5.6
-0.104 5.1
-0.10376 4.6
-0.10351 4.0
-0.10327 3.4
-0.10302 2.8
-0.10278 2.1
-0.10254 1.5
-0.10229 0.8
-0.10205 0.0
-0.1018 -0.7
-0.10156 -1.4
-0.10131 -2.1
-0.10107 -2.7
-0.10083 -3.4
-0.10058 -4.0
-0.10034 -4.6
-0.10009 -5.1
-0.09985 -5.6
-0.09961 -6.1
-0.09936 -6.4
-0.09912 -6.8
-0.09887 -7.0
-0.09863 -7.2
-0.09838 -7.4
-0.09814 -7.4
-0.0979 -7.4
-0.09765 -7.3
-0.09741 -7.1
-0.09716 -6.9
-0.09692 -6.6
-0.09668 -6.3
-0.09643 -5.8
-0.09619 -5.4
-0.09594 -4.8
-0.0957 -4.3
-0.09546 -3.6
-0.09521 -3.0
-0.09497 -2.3
-0.09472 -1.6
-0.09448 -0.9
-0.09423 -0.1
-0.09399 0.6
-0.09375 1.4
-0.0935 2.1
-0.09326 2.8
-0.09301 3.5
-0.09277 4.1
-0.09253 4.7
-0.09228 5.3
-0.09204 5.8
-0.09179 6.3
-0.09155 6.6
-0.0913 7.0
-0.09106 7.2
-0.09082 7.4
-0.09057 7.5
-0.09033 7.5
-0.09008 7.5
-0.08984 7.4
-0.0896 7.2
-0.08935 6.9
-0.08911 6.6
-0.08886 6.2
-0.08862 5.7
-0.08838 5.2
-0.08813 4.6
-0.08789 3.9
-0.08764 3.3
-0.0874 2.6
-0.08715 1.8
-0.08691 1.1
-0.08667 0.3
-0.08642 -0.5
-0.08618 -1.3
-0.08593 -2.0
-0.08569 -2.8
-0.08545 -3.5
-0.0852 -4.2
-0.08496 -4.8
-0.08471 -5.4
-0.08447 -5.9
-0.08422 -6.4
-0.08398 -6.8
-0.08374 -7.1
-0.08349 -7.4
-0.08325 -7.6
-0.083 -7.7
-0.08276 -7.7
-0.08252 -7.6
-0.08227 -7.5
-0.08203 -7.2
-0.08178 -6.9
-0.08154 -6.5
-0.0813 -6.1
-0.08105 -5.6
-0.08081 -5.0
-0.08056 -4.3
-0.08032 -3.6
-0.08007 -2.9
-0.07983 -2.1
-0.07959 -1.4
-0.07934 -0.5
-0.0791 0.3
-0.07885 1.1
-0.07861 1.9
-0.07837 2.7
-0.07812 3.4
-0.07788 4.2
-0.07763 4.8
-0.07739 5.5
-0.07714 6.0
-0.0769 6.5
-0.07666 7.0
-0.07641 7.3
-0.07617 7.6
-0.07592 7.7
-0.07568 7.8
-0.07544 7.8
-0.07519 7.8
-0.07495 7.6
-0.0747 7.3
-0.07446 7.0
-0.07421 6.5
-0.07397 6.0
-0.07373 5.5
-0.07348 4.8
-0.07324 4.1
-0.07299 3.4
-0.07275 2.6
-0.07251 1.8
-0.07226 0.9
-0.07202 0.0
-0.07177 -0.8
-0.07153 -1.7
-0.07129 -2.5
-0.07104 -3.3
-0.0708 -4.1
-0.07055 -4.8
-0.07031 -5.5
-0.07006 -6.1
-0.06982 -6.6
-0.06958 -7.1
-0.06933 -7.5
-0.06909 -7.7
-0.06884 -7.9
-0.0686 -8.0
-0.06836 -8.0
-0.06811 -7.9
-0.06787 -7.7
-0.06762 -7.4
-0.06738 -7.0
-0.06713 -6.6
-0.06689 -6.0
-0.06665 -5.4
-0.0664 -4.7
-0.06616 -3.9
-0.06591 -3.1
-0.06567 -2.2
-0.06543 -1.3
-0.06518 -0.4
-0.06494 0.5
-0.06469 1.4
-0.06445 2.3
-0.06421 3.1
-0.06396 4.0
-0.06372 4.8
-0.06347 5.5
-0.06323 6.1
-0.06298 6.7
-0.06274 7.2
-0.0625 7.6
-0.06225 7.9
-0.06201 8.1
-0.06176 8.2
-0.06152 8.2
-0.06128 8.1
-0.06103 7.9
-0.06079 7.5
-0.06054 7.1
-0.0603 6.6
-0.06005 6.0
-0.05981 5.3
-0.05957 4.5
-0.05932 3.7
-0.05908 2.8
-0.05883 1.8
-0.05859 0.9
-0.05835 0.0
-0.0581 -1.0
-0.05786 -2.0
-0.05761 -2.9
-0.05737 -3.8
-0.05713 -4.7
-0.05688 -5.5
-0.05664 -6.2
-0.05639 -6.8
-0.05615 -7.3
-0.0559 -7.8
-0.05566 -8.1
-0.05542 -8.3
-0.05517 -8.4
-0.05493 -8.4
-0.05468 -8.3
-0.05444 -8.0
-0.0542 -7.6
-0.05395 -7.2
-0.05371 -6.6
-0.05346 -5.9
-0.05322 -5.1
-0.05297 -4.3
-0.05273 -3.3
-0.05249 -2.4
-0.05224 -1.4
-0.052 -0.3
-0.05175 0.7
-0.05151 1.7
-0.05127 2.7
-0.05102 3.7
-0.05078 4.6
-0.05053 5.5
-0.05029 6.3
-0.05005 6.9
-0.0498 7.5
-0.04956 8.0
-0.04931 8.3
-0.04907 8.6
-0.04882 8.7
-0.04858 8.6
-0.04834 8.5
-0.04809 8.2
-0.04785 7.7
-0.0476 7.2
-0.04736 6.5
-0.04712 5.7
-0.04687 4.9
-0.04663 3.9
-0.04638 2.9
-0.04614 1.9
-0.04589 0.8
-0.04565 -0.4
-0.04541 -1.5
-0.04516 -2.6
-0.04492 -3.6
-0.04467 -4.6
-0.04443 -5.5
-0.04419 -6.4
-0.04394 -7.1
-0.0437 -7.8
-0.04345 -8.3
-0.04321 -8.6
-0.04296 -8.9
-0.04272 -8.9
-0.04248 -8.9
-0.04223 -8.6
-0.04199 -8.3
-0.04174 -7.8
-0.0415 -7.1
-0.04126 -6.3
-0.04101 -5.5
-0.04077 -4.5
-0.04052 -3.4
-0.04028 -2.3
-0.04004 -1.1
-0.03979 0.1
-0.03955 1.3
-0.0393 2.5
-0.03906 3.6
-0.03881 4.7
-0.03857 5.7
-0.03833 6.7
-0.03808 7.5
-0.03784 8.1
-0.03759 8.6
-0.03735 9.0
-0.03711 9.2
-0.03686 9.2
-0.03662 9.1
-0.03637 8.8
-0.03613 8.3
-0.03588 7.7
-0.03564 6.9
-0.0354 5.9
-0.03515 4.9
-0.03491 3.8
-0.03466 2.5
-0.03442 1.3
-0.03418 0.0
-0.03393 -1.4
-0.03369 -2.7
-0.03344 -3.9
-0.0332 -5.1
-0.03296 -6.2
-0.03271 -7.1
-0.03247 -8.0
-0.03222 -8.6
-0.03198 -9.1
-0.03173 -9.5
-0.03149 -9.6
-0.03125 -9.5
-0.031 -9.2
-0.03076 -8.8
-0.03051 -8.1
-0.03027 -7.3
-0.03003 -6.3
-0.02978 -5.1
-0.02954 -3.9
-0.02929 -2.5
-0.02905 -1.1
-0.0288 0.3
-0.02856 1.8
-0.02832 3.2
-0.02807 4.5
-0.02783 5.8
-0.02758 6.9
-0.02734 7.9
-0.0271 8.8
-0.02685 9.4
-0.02661 9.8
-0.02636 10.0
-0.02612 9.9
-0.02588 9.7
-0.02563 9.1
-0.02539 8.4
-0.02514 7.5
-0.0249 6.3
-0.02465 5.0
-0.02441 3.6
-0.02417 2.1
-0.02392 0.5
-0.02368 -1.2
-0.02343 -2.8
-0.02319 -4.3
-0.02295 -5.8
-0.0227 -7.1
-0.02246 -8.2
-0.02221 -9.2
-0.02197 -9.9
-0.02172 -10.3
-0.02148 -10.5
-0.02124 -10.4
-0.02099 -10.0
-0.02075 -9.3
-0.0205 -8.4
-0.02026 -7.2
-0.02002 -5.8
-0.01977 -4.2
-0.01953 -2.5
-0.01928 -0.7
-0.01904 1.2
-0.0188 3.0
-0.01855 4.7
-0.01831 6.4
-0.01806 7.8
-0.01782 9.1
-0.01757 10.0
-0.01733 10.7
-0.01709 11.0
-0.01684 11.0
-0.0166 10.7
-0.01635 9.9
-0.01611 8.9
-0.01587 7.5
-0.01562 5.9
-0.01538 4.0
-0.01513 2.0
-0.01489 -0.1
-0.01464 -2.3
-0.0144 -4.4
-0.01416 -6.3
-0.01391 -8.1
-0.01367 -9.6
-0.01342 -10.7
-0.01318 -11.5
-0.01294 -11.8
-0.01269 -11.7
-0.01245 -11.1
-0.0122 -10.0
-0.01196 -8.6
-0.01171 -6.7
-0.01147 -4.5
-0.01123 -2.1
-0.01098 0.4
-0.01074 3.0
-0.01049 5.5
-0.01025 7.8
-0.01001 9.7
-0.00976 11.3
-0.00952 12.3
-0.00927 12.8
-0.00903 12.6
-0.00879 11.8
-0.00854 10.4
-0.0083 8.3
-0.00805 5.8
-0.00781 2.9
-0.00756 -0.3
-0.00732 -3.5
-0.00708 -6.6
-0.00683 -9.4
-0.00659 -11.7
-0.00634 -13.3
-0.0061 -14.1
-0.00586 -13.9
-0.00561 -12.8
-0.00537 -10.7
-0.00512 -7.7
-0.00488 -4.0
-0.00463 0.1
-0.00439 4.4
-0.00415 8.5
-0.0039 12.1
-0.00366 14.6
-0.00341 15.9
-0.00317 15.6
-0.00293 13.6
-0.00268 10.0
-0.00244 5.0
-0.00219 -0.9
-0.00195 -7.1
-0.00171 -12.6
-0.00146 -16.6
-0.00122 -18.2
-0.00097 -16.7
-0.00073 -11.9
-0.00048 -4.2
-0.00024 5.2
0.0 13.9
0.00025 18.9
0.00049 17.8
0.00074 10.2
0.00098 -1.3
0.00122 -11.5
0.00147 -15.8
0.00171 -12.2
0.00196 -3.3
0.0022 5.8
0.00245 10.4
0.00269 8.7
0.00293 2.7
0.00318 -3.4
0.00342 -6.3
0.00367 -5.1
0.00391 -1.3
0.00415 2.3
0.0044 3.8
0.00464 2.7
0.00489 0.4
0.00513 -1.7
0.00537 -2.2
0.00562 -1.4
0.00586 0.0
0.00611 1.1
0.00635 1.3
0.0066 0.7
0.00684 -0.2
0.00708 -0.8
0.00733 -0.7
0.00757 -0.3
0.00782 0.2
0.00806 0.5
0.0083 0.4
0.00855 0.0
0.00879 -0.2
0.00904 -0.3
0.00928 -0.2
0.00953 0.0
0.00977 0.1
0.01001 0.2
0.01026 0.1
0.0105 0.0
0.01075 0.0
0.01099 -0.1
0.01123 0.0
0.01148 0.0
0.01172 0.0
0.01197 0.0
0.01221 0.0
0.01245 0.0
0.0127 0.0
0.01294 0.0
0.01319 0.0
0.01343 0.0
0.01368 0.0
0.01392 0.0
0.01416 0.0
0.01441 0.0
0.01465 0.0
0.0149 0.0
0.01514 0.0
0.01538 0.0
0.01563 0.0
0.01587 0.0
0.01612 0.0
0.01636 0.0
0.01661 0.0
0.01685 0.0
0.01709 0.0
0.01734 0.0
0.01758 0.0
0.01783 0.0
0.01807 0.0
0.01831 0.0
0.01856 0.0
0.0188 0.0
0.01905 0.0
0.01929 0.0
0.01954 0.0
0.01978 0.0
0.02002 0.0
0.02027 0.0
0.02051 0.0
0.02076 0.0
0.021 0.0
0.02124 0.0
0.02149 0.0
0.02173 0.0
0.02198 0.0
0.02222 0.0
0.02246 0.0
0.02271 0.0
0.02295 0.0
0.0232 0.0
0.02344 0.0
0.02369 0.0
0.02393 0.0
0.02417 0.0
0.02442 0.0
0.02466 0.0
0.02491 0.0
0.02515 0.0
0.02539 0.0
0.02564 0.0
0.02588 0.0
0.02613 0.0
0.02637 0.0
0.02662 0.0
0.02686 0.0
0.0271 0.0
0.02735 0.0
0.02759 0.0
0.02784 0.0
0.02808 0.0
0.02832 0.0
0.02857 0.0
0.02881 0.0
0.02906 0.0
0.0293 0.0
0.02954 0.0
0.02979 0.0
0.03003 0.0
0.03028 0.0
0.03052 0.0
0.03077 0.0
0.03101 0.0
0.03125 0.0
0.0315 0.0
0.03174 0.0
0.03199 0.0
0.03223 0.0
0.03247 0.0
0.03272 0.0
0.03296 0.0
0.03321 0.0
0.03345 0.0
0.0337 0.0
0.03394 0.0
0.03418 0.0
0.03443 0.0
0.03467 0.0
0.03492 0.0
0.03516 0.0
0.0354 0.0
0.03565 0.0
0.03589 0.0
0.03614 0.0
0.03638 0.0
0.03662 0.0
0.03687 0.0
0.03711 0.0
0.03736 0.0
0.0376 0.0
0.03785 0.0
0.03809 0.0
0.03833 0.0
0.03858 0.0
0.03882 0.0
0.03907 0.0
0.03931 0.0
0.03955 0.0
0.0398 0.0
0.04004 0.0
0.04029 0.0
0.04053 0.0
0.04078 0.0
0.04102 0.0
0.04126 0.0
0.04151 0.0
0.04175 0.0
0.042 0.0
0.04224 0.0
0.04248 0.0
0.04273 0.0
0.04297 0.0
0.04322 0.0
0.04346 0.0
0.0437 0.0
0.04395 0.0
0.04419 0.0
0.04444 0.0
0.04468 0.0
0.04493 0.0
0.04517 0.0
0.04541 0.0
0.04566 0.0
0.0459 0.0
0.04615 0.0
0.04639 0.0
0.04663 0.0
0.04688 0.0
0.04712 0.0
0.04737 0.0
0.04761 0.0
0.04786 0.0
0.0481 0.0
0.04834 0.0
0.04859 0.0
0.04883 0.0
0.04908 0.0
0.04932 0.0
0.04956 0.0
0.04981 0.0
0.05005 0.0
0.0503 0.0
0.05054 0.0
0.05079 0.0
0.05103 0.0
0.05127 0.0
0.05152 0.0
0.05176 0.0
0.05201 0.0
0.05225 0.0
0.05249 0.0
0.05274 0.0
0.05298 0.0
0.05323 0.0
0.05347 0.0
0.05371 0.0
0.05396 0.0
0.0542 0.0
0.05445 0.0
0.05469 0.0
0.05494 0.0
0.05518 0.0
0.05542 0.0
0.05567 0.0
0.05591 0.0
0.05616 0.0
0.0564 0.0
0.05664 0.0
0.05689 0.0
0.05713 0.0
0.05738 0.0
0.05762 0.0
0.05787 0.0
0.05811 0.0
0.05835 0.0
0.0586 0.0
0.05884 0.0
0.05909 0.0
0.05933 0.0
0.05957 0.0
0.05982 0.0
0.06006 0.0
0.06031 0.0
0.06055 0.0
0.06079 0.0
0.06104 0.0
0.06128 0.0
0.06153 0.0
0.06177 0.0
0.06202 0.0
0.06226 0.0
0.0625 0.0
0.06275 0.0
0.06299 0.0
0.06324 0.0
0.06348 0.0
0.06372 0.0
0.06397 0.0
0.06421 0.0
0.06446 0.0
0.0647 0.0
0.06495 0.0
0.06519 0.0
0.06543 0.0
0.06568 0.0
0.06592 0.0
0.06617 0.0
0.06641 0.0
0.06665 0.0
0.0669 0.0
0.06714 0.0
0.06739 0.0
0.06763 0.0
0.06787 0.0
0.06812 0.0
0.06836 0.0
0.06861 0.0
0.06885 0.0
0.0691 0.0
0.06934 0.0
0.06958 0.0
0.06983 0.0
0.07007 0.0
0.07032 0.0
0.07056 0.0
0.0708 0.0
0.07105 0.0
0.07129 0.0
0.07154 0.0
0.07178 0.0
0.07203 0.0
0.07227 0.0
0.07251 0.0
0.07276 0.0
0.073 0.0
0.07325 0.0
0.07349 0.0
0.07373 0.0
0.07398 0.0
