t strain*1e23
-0.41405 5.4
-0.41381 5.3
-0.41357 5.2
-0.41332 5.1
-0.41308 5.0
-0.41283 4.9
-0.41259 4.8
-0.41235 4.7
-0.4121 4.6
-0.41186 4.4
-0.41161 4.3
-0.41137 4.2
-0.41113 4.0
-0.41088 3.9
-0.41064 3.7
-0.41039 3.6
-0.41015 3.4
-0.4099 3.2
-0.40966 3.1
-0.40942 2.9
-0.40917 2.7
-0.40893 2.5
-0.40868 2.4
-0.40844 2.2
-0.4082 2.0
-0.40795 1.8
-0.40771 1.6
-0.40746 1.4
-0.40722 1.2
-0.40697 1.0
-0.40673 0.8
-0.40649 0.6
-0.40624 0.4
-0.406 0.2
-0.40575 0.0
-0.40551 -0.2
-0.40527 -0.4
-0.40502 -0.6
-0.40478 -0.8
-0.40453 -1.0
-0.40429 -1.2
-0.40405 -1.4
-0.4038 -1.6
-0.40356 -1.8
-0.40331 -2.0
-0.40307 -2.2
-0.40282 -2.4
-0.40258 -2.6
-0.40234 -2.7
-0.40209 -2.9
-0.40185 -3.1
-0.4016 -3.3
-0.40136 -3.4
-0.40112 -3.6
-0.40087 -3.8
-0.40063 -3.9
-0.40038 -4.1
-0.40014 -4.2
-0.39989 -4.4
-0.39965 -4.5
-0.39941 -4.6
-0.39916 -4.7
-0.39892 -4.9
-0.39867 -5.0
-0.39843 -5.1
-0.39819 -5.2
-0.39794 -5.3
-0.3977 -5.4
-0.39745 -5.4
-0.39721 -5.5
-0.39697 -5.6
-0.39672 -5.7
-0.39648 -5.7
-0.39623 -5.8
-0.39599 -5.8
-0.39574 -5.8
-0.3955 -5.9
-0.39526 -5.9
-0.39501 -5.9
-0.39477 -5.9
-0.39452 -5.9
-0.39428 -5.9
-0.39404 -5.9
-0.39379 -5.8
-0.39355 -5.8
-0.3933 -5.8
-0.39306 -5.7
-0.39281 -5.7
-0.39257 -5.6
-0.39233 -5.6
-0.39208 -5.5
-0.39184 -5.4
-0.39159 -5.3
-0.39135 -5.2
-0.39111 -5.1
-0.39086 -5.0
-0.39062 -4.9
-0.39037 -4.8
-0.39013 -4.7
-0.38988 -4.5
-0.38964 -4.4
-0.3894 -4.3
-0.38915 -4.1
-0.38891 -4.0
-0.38866 -3.8
-0.38842 -3.6
-0.38818 -3.5
-0.38793 -3.3
-0.38769 -3.1
-0.38744 -3.0
-0.3872 -2.8
-0.38696 -2.6
-0.38671 -2.4
-0.38647 -2.2
-0.38622 -2.0
-0.38598 -1.8
-0.38573 -1.6
-0.38549 -1.4
-0.38525 -1.2
-0.385 -1.0
-0.38476 -0.8
-0.38451 -0.6
-0.38427 -0.4
-0.38403 -0.2
-0.38378 0.0
-0.38354 0.2
-0.38329 0.5
-0.38305 0.7
-0.3828 0.9
-0.38256 1.1
-0.38232 1.3
-0.38207 1.5
-0.38183 1.7
-0.38158 1.9
-0.38134 2.1
-0.3811 2.3
-0.38085 2.5
-0.38061 2.7
-0.38036 2.9
-0.38012 3.0
-0.37988 3.2
-0.37963 3.4
-0.37939 3.6
-0.37914 3.7
-0.3789 3.9
-0.37865 4.1
-0.37841 4.2
-0.37817 4.4
-0.37792 4.5
-0.37768 4.6
-0.37743 4.8
-0.37719 4.9
-0.37695 5.0
-0.3767 5.1
-0.37646 5.2
-0.37621 5.3
-0.37597 5.4
-0.37572 5.5
-0.37548 5.6
-0.37524 5.7
-0.37499 5.7
-0.37475 5.8
-0.3745 5.8
-0.37426 5.9
-0.37402 5.9
-0.37377 5.9
-0.37353 6.0
-0.37328 6.0
-0.37304 6.0
-0.3728 6.0
-0.37255 6.0
-0.37231 5.9
-0.37206 5.9
-0.37182 5.9
-0.37157 5.8
-0.37133 5.8
-0.37109 5.7
-0.37084 5.7
-0.3706 5.6
-0.37035 5.5
-0.37011 5.4
-0.36987 5.4
-0.36962 5.3
-0.36938 5.2
-0.36913 5.0
-0.36889 4.9
-0.36864 4.8
-0.3684 4.7
-0.36816 4.5
-0.36791 4.4
-0.36767 4.2
-0.36742 4.1
-0.36718 3.9
-0.36694 3.8
-0.36669 3.6
-0.36645 3.4
-0.3662 3.2
-0.36596 3.1
-0.36572 2.9
-0.36547 2.7
-0.36523 2.5
-0.36498 2.3
-0.36474 2.1
-0.36449 1.9
-0.36425 1.7
-0.36401 1.5
-0.36376 1.3
-0.36352 1.1
-0.36327 0.8
-0.36303 0.6
-0.36279 0.4
-0.36254 0.2
-0.3623 0.0
-0.36205 -0.2
-0.36181 -0.5
-0.36156 -0.7
-0.36132 -0.9
-0.36108 -1.1
-0.36083 -1.3
-0.36059 -1.5
-0.36034 -1.7
-0.3601 -1.9
-0.35986 -2.1
-0.35961 -2.3
-0.35937 -2.5
-0.35912 -2.7
-0.35888 -2.9
-0.35863 -3.1
-0.35839 -3.3
-0.35815 -3.5
-0.3579 -3.7
-0.35766 -3.8
-0.35741 -4.0
-0.35717 -4.2
-0.35693 -4.3
-0.35668 -4.5
-0.35644 -4.6
-0.35619 -4.8
-0.35595 -4.9
-0.35571 -5.0
-0.35546 -5.1
-0.35522 -5.2
-0.35497 -5.3
-0.35473 -5.4
-0.35448 -5.5
-0.35424 -5.6
-0.354 -5.7
-0.35375 -5.8
-0.35351 -5.8
-0.35326 -5.9
-0.35302 -5.9
-0.35278 -6.0
-0.35253 -6.0
-0.35229 -6.0
-0.35204 -6.0
-0.3518 -6.1
-0.35155 -6.1
-0.35131 -6.0
-0.35107 -6.0
-0.35082 -6.0
-0.35058 -6.0
-0.35033 -5.9
-0.35009 -5.9
-0.34985 -5.8
-0.3496 -5.8
-0.34936 -5.7
-0.34911 -5.6
-0.34887 -5.5
-0.34863 -5.4
-0.34838 -5.3
-0.34814 -5.2
-0.34789 -5.1
-0.34765 -5.0
-0.3474 -4.8
-0.34716 -4.7
-0.34692 -4.6
-0.34667 -4.4
-0.34643 -4.3
-0.34618 -4.1
-0.34594 -3.9
-0.3457 -3.8
-0.34545 -3.6
-0.34521 -3.4
-0.34496 -3.2
-0.34472 -3.0
-0.34447 -2.8
-0.34423 -2.6
-0.34399 -2.4
-0.34374 -2.2
-0.3435 -2.0
-0.34325 -1.8
-0.34301 -1.6
-0.34277 -1.4
-0.34252 -1.2
-0.34228 -0.9
-0.34203 -0.7
-0.34179 -0.5
-0.34155 -0.3
-0.3413 0.0
-0.34106 0.2
-0.34081 0.4
-0.34057 0.6
-0.34032 0.8
-0.34008 1.1
-0.33984 1.3
-0.33959 1.5
-0.33935 1.7
-0.3391 1.9
-0.33886 2.1
-0.33862 2.4
-0.33837 2.6
-0.33813 2.8
-0.33788 3.0
-0.33764 3.2
-0.33739 3.4
-0.33715 3.5
-0.33691 3.7
-0.33666 3.9
-0.33642 4.1
-0.33617 4.2
-0.33593 4.4
-0.33569 4.6
-0.33544 4.7
-0.3352 4.8
-0.33495 5.0
-0.33471 5.1
-0.33447 5.2
-0.33422 5.3
-0.33398 5.5
-0.33373 5.6
-0.33349 5.6
-0.33324 5.7
-0.333 5.8
-0.33276 5.9
-0.33251 5.9
-0.33227 6.0
-0.33202 6.0
-0.33178 6.1
-0.33154 6.1
-0.33129 6.1
-0.33105 6.1
-0.3308 6.1
-0.33056 6.1
-0.33031 6.1
-0.33007 6.1
-0.32983 6.1
-0.32958 6.0
-0.32934 6.0
-0.32909 5.9
-0.32885 5.9
-0.32861 5.8
-0.32836 5.7
-0.32812 5.6
-0.32787 5.5
-0.32763 5.4
-0.32738 5.3
-0.32714 5.2
-0.3269 5.1
-0.32665 4.9
-0.32641 4.8
-0.32616 4.6
-0.32592 4.5
-0.32568 4.3
-0.32543 4.2
-0.32519 4.0
-0.32494 3.8
-0.3247 3.6
-0.32446 3.4
-0.32421 3.2
-0.32397 3.0
-0.32372 2.8
-0.32348 2.6
-0.32323 2.4
-0.32299 2.2
-0.32275 2.0
-0.3225 1.8
-0.32226 1.6
-0.32201 1.3
-0.32177 1.1
-0.32153 0.9
-0.32128 0.6
-0.32104 0.4
-0.32079 0.2
-0.32055 0.0
-0.3203 -0.3
-0.32006 -0.5
-0.31982 -0.7
-0.31957 -1.0
-0.31933 -1.2
-0.31908 -1.4
-0.31884 -1.7
-0.3186 -1.9
-0.31835 -2.1
-0.31811 -2.3
-0.31786 -2.5
-0.31762 -2.7
-0.31738 -3.0
-0.31713 -3.2
-0.31689 -3.4
-0.31664 -3.5
-0.3164 -3.7
-0.31615 -3.9
-0.31591 -4.1
-0.31567 -4.3
-0.31542 -4.4
-0.31518 -4.6
-0.31493 -4.8
-0.31469 -4.9
-0.31445 -5.0
-0.3142 -5.2
-0.31396 -5.3
-0.31371 -5.4
-0.31347 -5.5
-0.31322 -5.6
-0.31298 -5.7
-0.31274 -5.8
-0.31249 -5.9
-0.31225 -6.0
-0.312 -6.0
-0.31176 -6.1
-0.31152 -6.1
-0.31127 -6.2
-0.31103 -6.2
-0.31078 -6.2
-0.31054 -6.2
-0.3103 -6.2
-0.31005 -6.2
-0.30981 -6.2
-0.30956 -6.2
-0.30932 -6.1
-0.30907 -6.1
-0.30883 -6.0
-0.30859 -6.0
-0.30834 -5.9
-0.3081 -5.8
-0.30785 -5.7
-0.30761 -5.6
-0.30737 -5.5
-0.30712 -5.4
-0.30688 -5.3
-0.30663 -5.2
-0.30639 -5.0
-0.30614 -4.9
-0.3059 -4.7
-0.30566 -4.6
-0.30541 -4.4
-0.30517 -4.3
-0.30492 -4.1
-0.30468 -3.9
-0.30444 -3.7
-0.30419 -3.5
-0.30395 -3.3
-0.3037 -3.1
-0.30346 -2.9
-0.30322 -2.7
-0.30297 -2.5
-0.30273 -2.2
-0.30248 -2.0
-0.30224 -1.8
-0.30199 -1.6
-0.30175 -1.3
-0.30151 -1.1
-0.30126 -0.9
-0.30102 -0.6
-0.30077 -0.4
-0.30053 -0.1
-0.30029 0.1
-0.30004 0.3
-0.2998 0.6
-0.29955 0.8
-0.29931 1.1
-0.29906 1.3
-0.29882 1.5
-0.29858 1.8
-0.29833 2.0
-0.29809 2.2
-0.29784 2.5
-0.2976 2.7
-0.29736 2.9
-0.29711 3.1
-0.29687 3.3
-0.29662 3.5
-0.29638 3.7
-0.29613 3.9
-0.29589 4.1
-0.29565 4.3
-0.2954 4.5
-0.29516 4.6
-0.29491 4.8
-0.29467 4.9
-0.29443 5.1
-0.29418 5.2
-0.29394 5.4
-0.29369 5.5
-0.29345 5.6
-0.29321 5.7
-0.29296 5.8
-0.29272 5.9
-0.29247 6.0
-0.29223 6.1
-0.29198 6.1
-0.29174 6.2
-0.2915 6.2
-0.29125 6.3
-0.29101 6.3
-0.29076 6.3
-0.29052 6.3
-0.29028 6.3
-0.29003 6.3
-0.28979 6.3
-0.28954 6.3
-0.2893 6.2
-0.28905 6.2
-0.28881 6.1
-0.28857 6.0
-0.28832 6.0
-0.28808 5.9
-0.28783 5.8
-0.28759 5.7
-0.28735 5.6
-0.2871 5.4
-0.28686 5.3
-0.28661 5.2
-0.28637 5.0
-0.28613 4.9
-0.28588 4.7
-0.28564 4.6
-0.28539 4.4
-0.28515 4.2
-0.2849 4.0
-0.28466 3.8
-0.28442 3.6
-0.28417 3.4
-0.28393 3.2
-0.28368 3.0
-0.28344 2.8
-0.2832 2.5
-0.28295 2.3
-0.28271 2.1
-0.28246 1.8
-0.28222 1.6
-0.28197 1.4
-0.28173 1.1
-0.28149 0.9
-0.28124 0.6
-0.281 0.4
-0.28075 0.1
-0.28051 -0.1
-0.28027 -0.4
-0.28002 -0.6
-0.27978 -0.9
-0.27953 -1.1
-0.27929 -1.4
-0.27905 -1.6
-0.2788 -1.9
-0.27856 -2.1
-0.27831 -2.3
-0.27807 -2.6
-0.27782 -2.8
-0.27758 -3.0
-0.27734 -3.2
-0.27709 -3.4
-0.27685 -3.7
-0.2766 -3.9
-0.27636 -4.1
-0.27612 -4.3
-0.27587 -4.4
-0.27563 -4.6
-0.27538 -4.8
-0.27514 -5.0
-0.27489 -5.1
-0.27465 -5.3
-0.27441 -5.4
-0.27416 -5.5
-0.27392 -5.7
-0.27367 -5.8
-0.27343 -5.9
-0.27319 -6.0
-0.27294 -6.1
-0.2727 -6.1
-0.27245 -6.2
-0.27221 -6.3
-0.27197 -6.3
-0.27172 -6.4
-0.27148 -6.4
-0.27123 -6.4
-0.27099 -6.4
-0.27074 -6.4
-0.2705 -6.4
-0.27026 -6.4
-0.27001 -6.3
-0.26977 -6.3
-0.26952 -6.3
-0.26928 -6.2
-0.26904 -6.1
-0.26879 -6.0
-0.26855 -6.0
-0.2683 -5.9
-0.26806 -5.7
-0.26781 -5.6
-0.26757 -5.5
-0.26733 -5.4
-0.26708 -5.2
-0.26684 -5.1
-0.26659 -4.9
-0.26635 -4.7
-0.26611 -4.6
-0.26586 -4.4
-0.26562 -4.2
-0.26537 -4.0
-0.26513 -3.8
-0.26488 -3.6
-0.26464 -3.3
-0.2644 -3.1
-0.26415 -2.9
-0.26391 -2.7
-0.26366 -2.4
-0.26342 -2.2
-0.26318 -1.9
-0.26293 -1.7
-0.26269 -1.4
-0.26244 -1.2
-0.2622 -0.9
-0.26196 -0.7
-0.26171 -0.4
-0.26147 -0.2
-0.26122 0.1
-0.26098 0.4
-0.26073 0.6
-0.26049 0.9
-0.26025 1.1
-0.26 1.4
-0.25976 1.7
-0.25951 1.9
-0.25927 2.2
-0.25903 2.4
-0.25878 2.6
-0.25854 2.9
-0.25829 3.1
-0.25805 3.3
-0.2578 3.6
-0.25756 3.8
-0.25732 4.0
-0.25707 4.2
-0.25683 4.4
-0.25658 4.6
-0.25634 4.8
-0.2561 4.9
-0.25585 5.1
-0.25561 5.3
-0.25536 5.4
-0.25512 5.6
-0.25488 5.7
-0.25463 5.8
-0.25439 5.9
-0.25414 6.0
-0.2539 6.1
-0.25365 6.2
-0.25341 6.3
-0.25317 6.4
-0.25292 6.4
-0.25268 6.5
-0.25243 6.5
-0.25219 6.5
-0.25195 6.5
-0.2517 6.5
-0.25146 6.5
-0.25121 6.5
-0.25097 6.5
-0.25072 6.4
-0.25048 6.4
-0.25024 6.3
-0.24999 6.2
-0.24975 6.1
-0.2495 6.0
-0.24926 5.9
-0.24902 5.8
-0.24877 5.7
-0.24853 5.6
-0.24828 5.4
-0.24804 5.3
-0.2478 5.1
-0.24755 4.9
-0.24731 4.7
-0.24706 4.6
-0.24682 4.4
-0.24657 4.2
-0.24633 4.0
-0.24609 3.7
-0.24584 3.5
-0.2456 3.3
-0.24535 3.0
-0.24511 2.8
-0.24487 2.6
-0.24462 2.3
-0.24438 2.1
-0.24413 1.8
-0.24389 1.5
-0.24364 1.3
-0.2434 1.0
-0.24316 0.7
-0.24291 0.5
-0.24267 0.2
-0.24242 0.0
-0.24218 -0.3
-0.24194 -0.6
-0.24169 -0.9
-0.24145 -1.2
-0.2412 -1.4
-0.24096 -1.7
-0.24072 -1.9
-0.24047 -2.2
-0.24023 -2.5
-0.23998 -2.7
-0.23974 -3.0
-0.23949 -3.2
-0.23925 -3.4
-0.23901 -3.7
-0.23876 -3.9
-0.23852 -4.1
-0.23827 -4.3
-0.23803 -4.5
-0.23779 -4.7
-0.23754 -4.9
-0.2373 -5.1
-0.23705 -5.3
-0.23681 -5.4
-0.23656 -5.6
-0.23632 -5.7
-0.23608 -5.9
-0.23583 -6.0
-0.23559 -6.1
-0.23534 -6.2
-0.2351 -6.3
-0.23486 -6.4
-0.23461 -6.4
-0.23437 -6.5
-0.23412 -6.6
-0.23388 -6.6
-0.23363 -6.6
-0.23339 -6.6
-0.23315 -6.6
-0.2329 -6.6
-0.23266 -6.6
-0.23241 -6.6
-0.23217 -6.5
-0.23193 -6.5
-0.23168 -6.4
-0.23144 -6.3
-0.23119 -6.2
-0.23095 -6.1
-0.23071 -6.0
-0.23046 -5.9
-0.23022 -5.8
-0.22997 -5.6
-0.22973 -5.5
-0.22948 -5.3
-0.22924 -5.1
-0.229 -5.0
-0.22875 -4.8
-0.22851 -4.6
-0.22826 -4.4
-0.22802 -4.1
-0.22778 -3.9
-0.22753 -3.7
-0.22729 -3.5
-0.22704 -3.2
-0.2268 -3.0
-0.22655 -2.7
-0.22631 -2.5
-0.22607 -2.2
-0.22582 -1.9
-0.22558 -1.7
-0.22533 -1.4
-0.22509 -1.1
-0.22485 -0.8
-0.2246 -0.5
-0.22436 -0.3
-0.22411 0.0
-0.22387 0.3
-0.22363 0.6
-0.22338 0.9
-0.22314 1.2
-0.22289 1.4
-0.22265 1.7
-0.2224 2.0
-0.22216 2.3
-0.22192 2.5
-0.22167 2.8
-0.22143 3.0
-0.22118 3.3
-0.22094 3.5
-0.2207 3.8
-0.22045 4.0
-0.22021 4.2
-0.21996 4.5
-0.21972 4.7
-0.21947 4.9
-0.21923 5.1
-0.21899 5.3
-0.21874 5.4
-0.2185 5.6
-0.21825 5.8
-0.21801 5.9
-0.21777 6.0
-0.21752 6.2
-0.21728 6.3
-0.21703 6.4
-0.21679 6.5
-0.21655 6.5
-0.2163 6.6
-0.21606 6.7
-0.21581 6.7
-0.21557 6.7
-0.21532 6.7
-0.21508 6.8
-0.21484 6.7
-0.21459 6.7
-0.21435 6.7
-0.2141 6.6
-0.21386 6.6
-0.21362 6.5
-0.21337 6.4
-0.21313 6.3
-0.21288 6.2
-0.21264 6.1
-0.21239 6.0
-0.21215 5.9
-0.21191 5.7
-0.21166 5.5
-0.21142 5.4
-0.21117 5.2
-0.21093 5.0
-0.21069 4.8
-0.21044 4.6
-0.2102 4.4
-0.20995 4.1
-0.20971 3.9
-0.20947 3.7
-0.20922 3.4
-0.20898 3.1
-0.20873 2.9
-0.20849 2.6
-0.20824 2.3
-0.208 2.1
-0.20776 1.8
-0.20751 1.5
-0.20727 1.2
-0.20702 0.9
-0.20678 0.6
-0.20654 0.3
-0.20629 0.0
-0.20605 -0.3
-0.2058 -0.6
-0.20556 -0.9
-0.20531 -1.2
-0.20507 -1.5
-0.20483 -1.8
-0.20458 -2.0
-0.20434 -2.3
-0.20409 -2.6
-0.20385 -2.9
-0.20361 -3.1
-0.20336 -3.4
-0.20312 -3.7
-0.20287 -3.9
-0.20263 -4.2
-0.20238 -4.4
-0.20214 -4.6
-0.2019 -4.8
-0.20165 -5.0
-0.20141 -5.2
-0.20116 -5.4
-0.20092 -5.6
-0.20068 -5.8
-0.20043 -5.9
-0.20019 -6.1
-0.19994 -6.2
-0.1997 -6.3
-0.19946 -6.5
-0.19921 -6.6
-0.19897 -6.6
-0.19872 -6.7
-0.19848 -6.8
-0.19823 -6.8
-0.19799 -6.9
-0.19775 -6.9
-0.1975 -6.9
-0.19726 -6.9
-0.19701 -6.9
-0.19677 -6.8
-0.19653 -6.8
-0.19628 -6.7
-0.19604 -6.6
-0.19579 -6.6
-0.19555 -6.5
-0.1953 -6.3
-0.19506 -6.2
-0.19482 -6.1
-0.19457 -5.9
-0.19433 -5.8
-0.19408 -5.6
-0.19384 -5.4
-0.1936 -5.2
-0.19335 -5.0
-0.19311 -4.8
-0.19286 -4.6
-0.19262 -4.3
-0.19238 -4.1
-0.19213 -3.8
-0.19189 -3.6
-0.19164 -3.3
-0.1914 -3.0
-0.19115 -2.8
-0.19091 -2.5
-0.19067 -2.2
-0.19042 -1.9
-0.19018 -1.6
-0.18993 -1.3
-0.18969 -1.0
-0.18945 -0.7
-0.1892 -0.4
-0.18896 0.0
-0.18871 0.3
-0.18847 0.6
-0.18822 0.9
-0.18798 1.2
-0.18774 1.5
-0.18749 1.8
-0.18725 2.1
-0.187 2.4
-0.18676 2.7
-0.18652 3.0
-0.18627 3.3
-0.18603 3.5
-0.18578 3.8
-0.18554 4.1
-0.1853 4.3
-0.18505 4.6
-0.18481 4.8
-0.18456 5.0
-0.18432 5.2
-0.18407 5.5
-0.18383 5.6
-0.18359 5.8
-0.18334 6.0
-0.1831 6.2
-0.18285 6.3
-0.18261 6.4
-0.18237 6.6
-0.18212 6.7
-0.18188 6.8
-0.18163 6.8
-0.18139 6.9
-0.18114 7.0
-0.1809 7.0
-0.18066 7.0
-0.18041 7.0
-0.18017 7.0
-0.17992 7.0
-0.17968 7.0
-0.17944 6.9
-0.17919 6.8
-0.17895 6.8
-0.1787 6.7
-0.17846 6.6
-0.17822 6.4
-0.17797 6.3
-0.17773 6.2
-0.17748 6.0
-0.17724 5.8
-0.17699 5.6
-0.17675 5.4
-0.17651 5.2
-0.17626 5.0
-0.17602 4.8
-0.17577 4.5
-0.17553 4.3
-0.17529 4.0
-0.17504 3.7
-0.1748 3.5
-0.17455 3.2
-0.17431 2.9
-0.17406 2.6
-0.17382 2.3
-0.17358 2.0
-0.17333 1.7
-0.17309 1.3
-0.17284 1.0
-0.1726 0.7
-0.17236 0.4
-0.17211 0.0
-0.17187 -0.3
-0.17162 -0.6
-0.17138 -1.0
-0.17113 -1.3
-0.17089 -1.6
-0.17065 -1.9
-0.1704 -2.2
-0.17016 -2.5
-0.16991 -2.9
-0.16967 -3.2
-0.16943 -3.4
-0.16918 -3.7
-0.16894 -4.0
-0.16869 -4.3
-0.16845 -4.5
-0.16821 -4.8
-0.16796 -5.0
-0.16772 -5.3
-0.16747 -5.5
-0.16723 -5.7
-0.16698 -5.9
-0.16674 -6.1
-0.1665 -6.3
-0.16625 -6.4
-0.16601 -6.6
-0.16576 -6.7
-0.16552 -6.8
-0.16528 -6.9
-0.16503 -7.0
-0.16479 -7.1
-0.16454 -7.1
-0.1643 -7.1
-0.16405 -7.2
-0.16381 -7.2
-0.16357 -7.2
-0.16332 -7.1
-0.16308 -7.1
-0.16283 -7.0
-0.16259 -7.0
-0.16235 -6.9
-0.1621 -6.8
-0.16186 -6.7
-0.16161 -6.5
-0.16137 -6.4
-0.16113 -6.2
-0.16088 -6.0
-0.16064 -5.8
-0.16039 -5.6
-0.16015 -5.4
-0.1599 -5.2
-0.15966 -5.0
-0.15942 -4.7
-0.15917 -4.4
-0.15893 -4.2
-0.15868 -3.9
-0.15844 -3.6
-0.1582 -3.3
-0.15795 -3.0
-0.15771 -2.7
-0.15746 -2.3
-0.15722 -2.0
-0.15697 -1.7
-0.15673 -1.3
-0.15649 -1.0
-0.15624 -0.7
-0.156 -0.3
-0.15575 0.0
-0.15551 0.4
-0.15527 0.7
-0.15502 1.1
-0.15478 1.4
-0.15453 1.8
-0.15429 2.1
-0.15405 2.4
-0.1538 2.8
-0.15356 3.1
-0.15331 3.4
-0.15307 3.7
-0.15282 4.0
-0.15258 4.3
-0.15234 4.6
-0.15209 4.8
-0.15185 5.1
-0.1516 5.4
-0.15136 5.6
-0.15112 5.8
-0.15087 6.0
-0.15063 6.2
-0.15038 6.4
-0.15014 6.6
-0.14989 6.7
-0.14965 6.9
-0.14941 7.0
-0.14916 7.1
-0.14892 7.2
-0.14867 7.2
-0.14843 7.3
-0.14819 7.3
-0.14794 7.3
-0.1477 7.3
-0.14745 7.3
-0.14721 7.3
-0.14697 7.2
-0.14672 7.2
-0.14648 7.1
-0.14623 7.0
-0.14599 6.9
-0.14574 6.7
-0.1455 6.6
-0.14526 6.4
-0.14501 6.2
-0.14477 6.0
-0.14452 5.8
-0.14428 5.6
-0.14404 5.3
-0.14379 5.1
-0.14355 4.8
-0.1433 4.5
-0.14306 4.2
-0.14281 3.9
-0.14257 3.6
-0.14233 3.3
-0.14208 3.0
-0.14184 2.6
-0.14159 2.3
-0.14135 2.0
-0.14111 1.6
-0.14086 1.2
-0.14062 0.9
-0.14037 0.5
-0.14013 0.1
-0.13988 -0.2
-0.13964 -0.6
-0.1394 -1.0
-0.13915 -1.3
-0.13891 -1.7
-0.13866 -2.1
-0.13842 -2.4
-0.13818 -2.8
-0.13793 -3.1
-0.13769 -3.4
-0.13744 -3.8
-0.1372 -4.1
-0.13696 -4.4
-0.13671 -4.7
-0.13647 -5.0
-0.13622 -5.3
-0.13598 -5.5
-0.13573 -5.8
-0.13549 -6.0
-0.13525 -6.2
-0.135 -6.4
-0.13476 -6.6
-0.13451 -6.8
-0.13427 -6.9
-0.13403 -7.1
-0.13378 -7.2
-0.13354 -7.3
-0.13329 -7.4
-0.13305 -7.4
-0.1328 -7.5
-0.13256 -7.5
-0.13232 -7.5
-0.13207 -7.5
-0.13183 -7.5
-0.13158 -7.4
-0.13134 -7.4
-0.1311 -7.3
-0.13085 -7.2
-0.13061 -7.0
-0.13036 -6.9
-0.13012 -6.7
-0.12988 -6.6
-0.12963 -6.4
-0.12939 -6.1
-0.12914 -5.9
-0.1289 -5.7
-0.12865 -5.4
-0.12841 -5.1
-0.12817 -4.8
-0.12792 -4.5
-0.12768 -4.2
-0.12743 -3.9
-0.12719 -3.6
-0.12695 -3.2
-0.1267 -2.9
-0.12646 -2.5
-0.12621 -2.1
-0.12597 -1.7
-0.12572 -1.4
-0.12548 -1.0
-0.12524 -0.6
-0.12499 -0.2
-0.12475 0.2
-0.1245 0.6
-0.12426 1.0
-0.12402 1.4
-0.12377 1.8
-0.12353 2.1
-0.12328 2.5
-0.12304 2.9
-0.1228 3.3
-0.12255 3.6
-0.12231 4.0
-0.12206 4.3
-0.12182 4.6
-0.12157 4.9
-0.12133 5.2
-0.12109 5.5
-0.12084 5.8
-0.1206 6.1
-0.12035 6.3
-0.12011 6.5
-0.11987 6.7
-0.11962 6.9
-0.11938 7.1
-0.11913 7.2
-0.11889 7.4
-0.11864 7.5
-0.1184 7.6
-0.11816 7.7
-0.11791 7.7
-0.11767 7.7
-0.11742 7.7
-0.11718 7.7
-0.11694 7.7
-0.11669 7.6
-0.11645 7.5
-0.1162 7.4
-0.11596 7.3
-0.11572 7.2
-0.11547 7.0
-0.11523 6.8
-0.11498 6.6
-0.11474 6.4
-0.11449 6.2
-0.11425 5.9
-0.11401 5.6
-0.11376 5.4
-0.11352 5.0
-0.11327 4.7
-0.11303 4.4
-0.11279 4.0
-0.11254 3.7
-0.1123 3.3
-0.11205 2.9
-0.11181 2.5
-0.11156 2.1
-0.11132 1.7
-0.11108 1.3
-0.11083 0.9
-0.11059 0.5
-0.11034 0.0
-0.1101 -0.4
-0.10986 -0.8
-0.10961 -1.2
-0.10937 -1.6
-0.10912 -2.0
-0.10888 -2.4
-0.10863 -2.8
-0.10839 -3.2
-0.10815 -3.6
-0.1079 -4.0
-0.10766 -4.4
-0.10741 -4.7
-0.10717 -5.1
-0.10693 -5.4
-0.10668 -5.7
-0.10644 -6.0
-0.10619 -6.3
-0.10595 -6.5
-0.10571 -6.8
-0.10546 -7.0
-0.10522 -7.2
-0.10497 -7.4
-0.10473 -7.5
-0.10448 -7.6
-0.10424 -7.8
-0.104 -7.8
-0.10375 -7.9
-0.10351 -7.9
-0.10326 -8.0
-0.10302 -8.0
-0.10278 -7.9
-0.10253 -7.9
-0.10229 -7.8
-0.10204 -7.7
-0.1018 -7.6
-0.10155 -7.4
-0.10131 -7.2
-0.10107 -7.0
-0.10082 -6.8
-0.10058 -6.6
-0.10033 -6.3
-0.10009 -6.0
-0.09985 -5.7
-0.0996 -5.4
-0.09936 -5.1
-0.09911 -4.7
-0.09887 -4.4
-0.09863 -4.0
-0.09838 -3.6
-0.09814 -3.2
-0.09789 -2.8
-0.09765 -2.3
-0.0974 -1.9
-0.09716 -1.5
-0.09692 -1.0
-0.09667 -0.6
-0.09643 -0.1
-0.09618 0.3
-0.09594 0.8
-0.0957 1.2
-0.09545 1.7
-0.09521 2.1
-0.09496 2.6
-0.09472 3.0
-0.09447 3.4
-0.09423 3.9
-0.09399 4.3
-0.09374 4.6
-0.0935 5.0
-0.09325 5.4
-0.09301 5.7
-0.09277 6.1
-0.09252 6.4
-0.09228 6.6
-0.09203 6.9
-0.09179 7.2
-0.09155 7.4
-0.0913 7.6
-0.09106 7.7
-0.09081 7.9
-0.09057 8.0
-0.09032 8.1
-0.09008 8.2
-0.08984 8.2
-0.08959 8.2
-0.08935 8.2
-0.0891 8.2
-0.08886 8.1
-0.08862 8.0
-0.08837 7.9
-0.08813 7.7
-0.08788 7.6
-0.08764 7.4
-0.08739 7.1
-0.08715 6.9
-0.08691 6.6
-0.08666 6.3
-0.08642 6.0
-0.08617 5.6
-0.08593 5.3
-0.08569 4.9
-0.08544 4.5
-0.0852 4.1
-0.08495 3.6
-0.08471 3.2
-0.08447 2.7
-0.08422 2.3
-0.08398 1.8
-0.08373 1.3
-0.08349 0.8
-0.08324 0.3
-0.083 -0.2
-0.08276 -0.7
-0.08251 -1.1
-0.08227 -1.6
-0.08202 -2.1
-0.08178 -2.6
-0.08154 -3.1
-0.08129 -3.5
-0.08105 -4.0
-0.0808 -4.4
-0.08056 -4.9
-0.08031 -5.3
-0.08007 -5.7
-0.07983 -6.0
-0.07958 -6.4
-0.07934 -6.7
-0.07909 -7.0
-0.07885 -7.3
-0.07861 -7.5
-0.07836 -7.8
-0.07812 -8.0
-0.07787 -8.1
-0.07763 -8.3
-0.07738 -8.4
-0.07714 -8.5
-0.0769 -8.5
-0.07665 -8.5
-0.07641 -8.5
-0.07616 -8.5
-0.07592 -8.4
-0.07568 -8.3
-0.07543 -8.1
-0.07519 -8.0
-0.07494 -7.8
-0.0747 -7.5
-0.07446 -7.3
-0.07421 -7.0
-0.07397 -6.7
-0.07372 -6.3
-0.07348 -6.0
-0.07323 -5.6
-0.07299 -5.1
-0.07275 -4.7
-0.0725 -4.3
-0.07226 -3.8
-0.07201 -3.3
-0.07177 -2.8
-0.07153 -2.3
-0.07128 -1.8
-0.07104 -1.2
-0.07079 -0.7
-0.07055 -0.1
-0.0703 0.4
-0.07006 0.9
-0.06982 1.5
-0.06957 2.0
-0.06933 2.6
-0.06908 3.1
-0.06884 3.6
-0.0686 4.1
-0.06835 4.6
-0.06811 5.0
-0.06786 5.5
-0.06762 5.9
-0.06738 6.3
-0.06713 6.7
-0.06689 7.1
-0.06664 7.4
-0.0664 7.7
-0.06615 8.0
-0.06591 8.2
-0.06567 8.4
-0.06542 8.6
-0.06518 8.7
-0.06493 8.8
-0.06469 8.9
-0.06445 8.9
-0.0642 8.9
-0.06396 8.8
-0.06371 8.7
-0.06347 8.6
-0.06322 8.4
-0.06298 8.2
-0.06274 8.0
-0.06249 7.7
-0.06225 7.4
-0.062 7.1
-0.06176 6.7
-0.06152 6.3
-0.06127 5.9
-0.06103 5.5
-0.06078 5.0
-0.06054 4.5
-0.0603 4.0
-0.06005 3.4
-0.05981 2.9
-0.05956 2.3
-0.05932 1.7
-0.05907 1.1
-0.05883 0.5
-0.05859 0.0
-0.05834 -0.7
-0.0581 -1.3
-0.05785 -1.9
-0.05761 -2.5
-0.05737 -3.1
-0.05712 -3.7
-0.05688 -4.2
-0.05663 -4.8
-0.05639 -5.3
-0.05614 -5.8
-0.0559 -6.3
-0.05566 -6.7
-0.05541 -7.1
-0.05517 -7.5
-0.05492 -7.9
-0.05468 -8.2
-0.05444 -8.5
-0.05419 -8.7
-0.05395 -8.9
-0.0537 -9.1
-0.05346 -9.2
-0.05322 -9.3
-0.05297 -9.3
-0.05273 -9.3
-0.05248 -9.2
-0.05224 -9.1
-0.05199 -9.0
-0.05175 -8.8
-0.05151 -8.5
-0.05126 -8.3
-0.05102 -7.9
-0.05077 -7.6
-0.05053 -7.2
-0.05029 -6.7
-0.05004 -6.3
-0.0498 -5.8
-0.04955 -5.2
-0.04931 -4.7
-0.04906 -4.1
-0.04882 -3.5
-0.04858 -2.8
-0.04833 -2.2
-0.04809 -1.5
-0.04784 -0.8
-0.0476 -0.1
-0.04736 0.5
-0.04711 1.2
-0.04687 1.9
-0.04662 2.6
-0.04638 3.3
-0.04613 3.9
-0.04589 4.5
-0.04565 5.1
-0.0454 5.7
-0.04516 6.3
-0.04491 6.8
-0.04467 7.3
-0.04443 7.8
-0.04418 8.2
-0.04394 8.6
-0.04369 8.9
-0.04345 9.2
-0.04321 9.4
-0.04296 9.6
-0.04272 9.7
-0.04247 9.8
-0.04223 9.8
-0.04198 9.8
-0.04174 9.7
-0.0415 9.5
-0.04125 9.3
-0.04101 9.1
-0.04076 8.8
-0.04052 8.4
-0.04028 8.0
-0.04003 7.5
-0.03979 7.0
-0.03954 6.5
-0.0393 5.9
-0.03905 5.2
-0.03881 4.6
-0.03857 3.9
-0.03832 3.2
-0.03808 2.4
-0.03783 1.6
-0.03759 0.9
-0.03735 0.0
-0.0371 -0.7
-0.03686 -1.5
-0.03661 -2.3
-0.03637 -3.1
-0.03613 -3.8
-0.03588 -4.6
-0.03564 -5.3
-0.03539 -6.0
-0.03515 -6.6
-0.0349 -7.3
-0.03466 -7.8
-0.03442 -8.4
-0.03417 -8.8
-0.03393 -9.3
-0.03368 -9.6
-0.03344 -9.9
-0.0332 -10.1
-0.03295 -10.3
-0.03271 -10.4
-0.03246 -10.4
-0.03222 -10.4
-0.03197 -10.3
-0.03173 -10.1
-0.03149 -9.8
-0.03124 -9.5
-0.031 -9.1
-0.03075 -8.7
-0.03051 -8.1
-0.03027 -7.5
-0.03002 -6.9
-0.02978 -6.2
-0.02953 -5.4
-0.02929 -4.6
-0.02905 -3.8
-0.0288 -2.9
-0.02856 -2.0
-0.02831 -1.1
-0.02807 -0.2
-0.02782 0.8
-0.02758 1.7
-0.02734 2.6
-0.02709 3.6
-0.02685 4.5
-0.0266 5.3
-0.02636 6.2
-0.02612 7.0
-0.02587 7.7
-0.02563 8.4
-0.02538 9.1
-0.02514 9.6
-0.02489 10.1
-0.02465 10.5
-0.02441 10.8
-0.02416 11.1
-0.02392 11.2
-0.02367 11.3
-0.02343 11.2
-0.02319 11.1
-0.02294 10.8
-0.0227 10.5
-0.02245 10.0
-0.02221 9.5
-0.02197 8.9
-0.02172 8.2
-0.02148 7.4
-0.02123 6.5
-0.02099 5.6
-0.02074 4.6
-0.0205 3.6
-0.02026 2.5
-0.02001 1.3
-0.01977 0.2
-0.01952 -1.0
-0.01928 -2.1
-0.01904 -3.3
-0.01879 -4.4
-0.01855 -5.5
-0.0183 -6.6
-0.01806 -7.6
-0.01781 -8.5
-0.01757 -9.4
-0.01733 -10.2
-0.01708 -10.8
-0.01684 -11.4
-0.01659 -11.8
-0.01635 -12.1
-0.01611 -12.3
-0.01586 -12.3
-0.01562 -12.2
-0.01537 -12.0
-0.01513 -11.6
-0.01488 -11.1
-0.01464 -10.4
-0.0144 -9.6
-0.01415 -8.6
-0.01391 -7.6
-0.01366 -6.4
-0.01342 -5.1
-0.01318 -3.8
-0.01293 -2.3
-0.01269 -0.9
-0.01244 0.7
-0.0122 2.2
-0.01196 3.7
-0.01171 5.2
-0.01147 6.7
-0.01122 8.0
-0.01098 9.3
-0.01073 10.5
-0.01049 11.5
-0.01025 12.3
-0.01 13.0
-0.00976 13.5
-0.00951 13.8
-0.00927 13.8
-0.00903 13.6
-0.00878 13.2
-0.00854 12.6
-0.00829 11.7
-0.00805 10.6
-0.0078 9.2
-0.00756 7.7
-0.00732 6.0
-0.00707 4.1
-0.00683 2.1
-0.00658 0.0
-0.00634 -2.2
-0.0061 -4.3
-0.00585 -6.4
-0.00561 -8.4
-0.00536 -10.3
-0.00512 -12.0
-0.00488 -13.4
-0.00463 -14.5
-0.00439 -15.3
-0.00414 -15.7
-0.0039 -15.8
-0.00365 -15.3
-0.00341 -14.4
-0.00317 -13.1
-0.00292 -11.3
-0.00268 -9.1
-0.00243 -6.5
-0.00219 -3.7
-0.00195 -0.5
-0.0017 2.7
-0.00146 5.9
-0.00121 9.1
-0.00097 11.9
-0.00072 14.3
-0.00048 16.2
-0.00024 17.2
1e-05 17.4
0.00025 16.7
0.0005 14.9
0.00074 12.2
0.00098 8.7
0.00123 4.6
0.00147 0.1
0.00172 -4.3
0.00196 -8.4
0.0022 -11.8
0.00245 -14.2
0.00269 -15.3
0.00294 -15.0
0.00318 -13.5
0.00343 -10.8
0.00367 -7.3
0.00391 -3.3
0.00416 0.8
0.0044 4.6
0.00465 7.6
0.00489 9.7
0.00513 10.6
0.00538 10.4
0.00562 9.1
0.00587 6.9
0.00611 4.3
0.00636 1.4
0.0066 -1.4
0.00684 -3.8
0.00709 -5.5
0.00733 -6.4
0.00758 -6.5
0.00782 -5.9
0.00806 -4.7
0.00831 -3.0
0.00855 -1.2
0.0088 0.5
0.00904 2.0
0.00928 3.2
0.00953 3.8
0.00977 3.9
0.01002 3.5
0.01026 2.8
0.01051 1.8
0.01075 0.7
0.01099 -0.3
0.01124 -1.2
0.01148 -1.9
0.01173 -2.3
0.01197 -2.3
0.01221 -2.1
0.01246 -1.6
0.0127 -1.0
0.01295 -0.3
0.01319 0.3
0.01344 0.8
0.01368 1.2
0.01392 1.4
0.01417 1.4
0.01441 1.2
0.01466 0.9
0.0149 0.5
0.01514 0.1
0.01539 -0.2
0.01563 -0.5
0.01588 -0.7
0.01612 -0.8
0.01637 -0.8
0.01661 -0.7
0.01685 -0.5
0.0171 -0.3
0.01734 0.0
0.01759 0.2
0.01783 0.3
0.01807 0.5
0.01832 0.5
0.01856 0.5
0.01881 0.4
0.01905 0.3
0.01929 0.1
0.01954 0.0
0.01978 -0.1
0.02003 -0.2
0.02027 -0.3
0.02052 -0.3
0.02076 -0.3
0.021 -0.2
0.02125 -0.2
0.02149 0.0
0.02174 0.0
0.02198 0.0
0.02222 0.1
0.02247 0.2
0.02271 0.2
0.02296 0.2
0.0232 0.1
0.02345 0.0
0.02369 0.0
0.02393 0.0
0.02418 0.0
0.02442 0.0
0.02467 -0.1
0.02491 -0.1
0.02515 -0.1
0.0254 0.0
0.02564 0.0
0.02589 0.0
0.02613 0.0
0.02637 0.0
0.02662 0.0
0.02686 0.0
0.02711 0.0
0.02735 0.0
0.0276 0.0
0.02784 0.0
0.02808 0.0
0.02833 0.0
0.02857 0.0
0.02882 0.0
0.02906 0.0
0.0293 0.0
0.02955 0.0
0.02979 0.0
0.03004 0.0
0.03028 0.0
0.03053 0.0
0.03077 0.0
0.03101 0.0
0.03126 0.0
0.0315 0.0
0.03175 0.0
0.03199 0.0
0.03223 0.0
0.03248 0.0
0.03272 0.0
0.03297 0.0
0.03321 0.0
0.03345 0.0
0.0337 0.0
0.03394 0.0
0.03419 0.0
0.03443 0.0
0.03468 0.0
0.03492 0.0
0.03516 0.0
0.03541 0.0
0.03565 0.0
0.0359 0.0
0.03614 0.0
0.03638 0.0
0.03663 0.0
0.03687 0.0
0.03712 0.0
0.03736 0.0
0.03761 0.0
0.03785 0.0
0.03809 0.0
0.03834 0.0
0.03858 0.0
0.03883 0.0
0.03907 0.0
0.03931 0.0
0.03956 0.0
0.0398 0.0
0.04005 0.0
0.04029 0.0
0.04053 0.0
0.04078 0.0
0.04102 0.0
0.04127 0.0
0.04151 0.0
0.04176 0.0
0.042 0.0
0.04224 0.0
0.04249 0.0
0.04273 0.0
0.04298 0.0
0.04322 0.0
0.04346 0.0
0.04371 0.0
0.04395 0.0
0.0442 0.0
0.04444 0.0
0.04469 0.0
0.04493 0.0
0.04517 0.0
0.04542 0.0
0.04566 0.0
0.04591 0.0
0.04615 0.0
0.04639 0.0
0.04664 0.0
0.04688 0.0
0.04713 0.0
0.04737 0.0
0.04762 0.0
0.04786 0.0
0.0481 0.0
0.04835 0.0
0.04859 0.0
0.04884 0.0
0.04908 0.0
0.04932 0.0
0.04957 0.0
0.04981 0.0
0.05006 0.0
0.0503 0.0
0.05054 0.0
0.05079 0.0
0.05103 0.0
0.05128 0.0
0.05152 0.0
0.05177 0.0
0.05201 0.0
0.05225 0.0
0.0525 0.0
0.05274 0.0
0.05299 0.0
0.05323 0.0
0.05347 0.0
0.05372 0.0
0.05396 0.0
0.05421 0.0
0.05445 0.0
0.0547 0.0
0.05494 0.0
0.05518 0.0
0.05543 0.0
0.05567 0.0
0.05592 0.0
0.05616 0.0
0.0564 0.0
0.05665 0.0
0.05689 0.0
0.05714 0.0
0.05738 0.0
0.05762 0.0
0.05787 0.0
0.05811 0.0
0.05836 0.0
0.0586 0.0
0.05885 0.0
0.05909 0.0
0.05933 0.0
0.05958 0.0
0.05982 0.0
0.06007 0.0
0.06031 0.0
0.06055 0.0
0.0608 0.0
0.06104 0.0
0.06129 0.0
0.06153 0.0
0.06178 0.0
0.06202 0.0
0.06226 0.0
0.06251 0.0
0.06275 0.0
0.063 0.0
0.06324 0.0
0.06348 0.0
0.06373 0.0
0.06397 0.0
0.06422 0.0
0.06446 0.0
0.0647 0.0
0.06495 0.0
0.06519 0.0
0.06544 0.0
0.06568 0.0
0.06593 0.0
0.06617 0.0
0.06641 0.0
0.06666 0.0
0.0669 0.0
0.06715 0.0
0.06739 0.0
0.06763 0.0
0.06788 0.0
0.06812 0.0
0.06837 0.0
0.06861 0.0
0.06886 0.0
0.0691 0.0
0.06934 0.0
0.06959 0.0
0.06983 0.0
0.07008 0.0
0.07032 0.0
0.07056 0.0
0.07081 0.0
0.07105 0.0
0.0713 0.0
0.07154 0.0
0.07178 0.0
0.07203 0.0
0.07227 0.0
0.07252 0.0
0.07276 0.0
0.07301 0.0
0.07325 0.0
0.07349 0.0
0.07374 0.0
0.07398 0.0
0.07423 0.0
0.07447 0.0
0.07471 0.0
0.07496 0.0
0.0752 0.0
0.07545 0.0
0.07569 0.0
0.07594 0.0
0.07618 0.0
0.07642 0.0
0.07667 0.0
0.07691 0.0
0.07716 0.0
0.0774 0.0
0.07764 0.0
0.07789 0.0
0.07813 0.0
0.07838 0.0
0.07862 0.0
0.07887 0.0
0.07911 0.0
0.07935 0.0
0.0796 0.0
0.07984 0.0
0.08009 0.0
0.08033 0.0
0.08057 0.0
0.08082 0.0
0.08106 0.0
0.08131 0.0
0.08155 0.0
0.08179 0.0
0.08204 0.0
0.08228 0.0
0.08253 0.0
0.08277 0.0
0.08302 0.0
0.08326 0.0
0.0835 0.0
0.08375 0.0
0.08399 0.0
0.08424 0.0
0.08448 0.0
0.08472 0.0
0.08497 0.0
0.08521 0.0
0.08546 0.0
0.0857 0.0
0.08595 0.0
0.08619 0.0
0.08643 0.0
0.08668 0.0
0.08692 0.0
0.08717 0.0
0.08741 0.0
0.08765 0.0
0.0879 0.0
0.08814 0.0
0.08839 0.0
0.08863 0.0
0.08887 0.0
0.08912 0.0
0.08936 0.0
0.08961 0.0
0.08985 0.0
0.0901 0.0
0.09034 0.0
0.09058 0.0
0.09083 0.0
0.09107 0.0
0.09132 0.0
0.09156 0.0
0.0918 0.0
0.09205 0.0
0.09229 0.0
0.09254 0.0
0.09278 0.0
0.09303 0.0
0.09327 0.0
0.09351 0.0
0.09376 0.0
0.094 0.0
0.09425 0.0
0.09449 0.0
0.09473 0.0
0.09498 0.0
0.09522 0.0
0.09547 0.0
0.09571 0.0
0.09595 0.0
0.0962 0.0
0.09644 0.0
0.09669 0.0
0.09693 0.0
0.09718 0.0
0.09742 0.0
0.09766 0.0
0.09791 0.0
0.09815 0.0
0.0984 0.0
0.09864 0.0
0.09888 0.0
0.09913 0.0
0.09937 0.0
0.09962 0.0
0.09986 0.0
0.10011 0.0
0.10035 0.0
0.10059 0.0
0.10084 0.0
0.10108 0.0
0.10133 0.0
0.10157 0.0
0.10181 0.0
0.10206 0.0
0.1023 0.0
0.10255 0.0
0.10279 0.0
0.10303 0.0
0.10328 0.0
0.10352 0.0
0.10377 0.0
0.10401 0.0
0.10426 0.0
0.1045 0.0
0.10474 0.0
0.10499 0.0
0.10523 0.0
0.10548 0.0
0.10572 0.0
0.10596 0.0
0.10621 0.0
0.10645 0.0
0.1067 0.0
0.10694 0.0
0.10719 0.0
0.10743 0.0
0.10767 0.0
0.10792 0.0
0.10816 0.0
0.10841 0.0
0.10865 0.0
0.10889 0.0
0.10914 0.0
0.10938 0.0
0.10963 0.0
0.10987 0.0
0.11012 0.0
0.11036 0.0
0.1106 0.0
0.11085 0.0
0.11109 0.0
0.11134 0.0
0.11158 0.0
0.11182 0.0
0.11207 0.0
0.11231 0.0
0.11256 0.0
0.1128 0.0
0.11304 0.0
0.11329 0.0
0.11353 0.0
0.11378 0.0
0.11402 0.0
0.11427 0.0
0.11451 0.0
0.11475 0.0
0.115 0.0
0.11524 0.0
0.11549 0.0
0.11573 0.0
0.11597 0.0
0.11622 0.0
0.11646 0.0
0.11671 0.0
0.11695 0.0
0.1172 0.0
0.11744 0.0
0.11768 0.0
0.11793 0.0
0.11817 0.0
0.11842 0.0
0.11866 0.0
0.1189 0.0
0.11915 0.0
0.11939 0.0
0.11964 0.0
0.11988 0.0
0.12012 0.0
0.12037 0.0
0.12061 0.0
0.12086 0.0
0.1211 0.0
0.12135 0.0
0.12159 0.0
0.12183 0.0
0.12208 0.0
0.12232 0.0
0.12257 0.0
0.12281 0.0
0.12305 0.0
0.1233 0.0
0.12354 0.0
0.12379 0.0
0.12403 0.0
0.12428 0.0
0.12452 0.0
0.12476 0.0
0.12501 0.0
0.12525 0.0
0.1255 0.0
0.12574 0.0
0.12598 0.0
0.12623 0.0
0.12647 0.0
0.12672 0.0
0.12696 0.0
0.1272 0.0
0.12745 0.0
0.12769 0.0
0.12794 0.0
0.12818 0.0
0.12843 0.0
0.12867 0.0
0.12891 0.0
0.12916 0.0
0.1294 0.0
0.12965 0.0
0.12989 0.0
0.13013 0.0
0.13038 0.0
0.13062 0.0
0.13087 0.0
0.13111 0.0
0.13136 0.0
0.1316 0.0
0.13184 0.0
0.13209 0.0
0.13233 0.0
0.13258 0.0
0.13282 0.0
0.13306 0.0
0.13331 0.0
0.13355 0.0
0.1338 0.0
0.13404 0.0
0.13428 0.0
0.13453 0.0
0.13477 0.0
0.13502 0.0
0.13526 0.0
0.13551 0.0
0.13575 0.0
0.13599 0.0
0.13624 0.0
0.13648 0.0
0.13673 0.0
0.13697 0.0
0.13721 0.0
0.13746 0.0
0.1377 0.0
0.13795 0.0
0.13819 0.0
0.13844 0.0
0.13868 0.0
0.13892 0.0
0.13917 0.0
0.13941 0.0
0.13966 0.0
0.1399 0.0
0.14014 0.0
0.14039 0.0
0.14063 0.0
0.14088 0.0
0.14112 0.0
0.14137 0.0
0.14161 0.0
0.14185 0.0
0.1421 0.0
0.14234 0.0
0.14259 0.0
0.14283 0.0
0.14307 0.0
0.14332 0.0
0.14356 0.0
0.14381 0.0
0.14405 0.0
0.14429 0.0
0.14454 0.0
0.14478 0.0
0.14503 0.0
0.14527 0.0
0.14552 0.0
0.14576 0.0
0.146 0.0
0.14625 0.0
0.14649 0.0
0.14674 0.0
0.14698 0.0
0.14722 0.0
0.14747 0.0
0.14771 0.0
0.14796 0.0
0.1482 0.0
0.14845 0.0
0.14869 0.0
0.14893 0.0
0.14918 0.0
0.14942 0.0
0.14967 0.0
0.14991 0.0
0.15015 0.0
0.1504 0.0
0.15064 0.0
0.15089 0.0
0.15113 0.0
0.15137 0.0
0.15162 0.0
0.15186 0.0
0.15211 0.0
0.15235 0.0
0.1526 0.0
0.15284 0.0
0.15308 0.0
0.15333 0.0
0.15357 0.0
0.15382 0.0
0.15406 0.0
0.1543 0.0
0.15455 0.0
0.15479 0.0
0.15504 0.0
0.15528 0.0
0.15553 0.0
0.15577 0.0
0.15601 0.0
0.15626 0.0
0.1565 0.0
0.15675 0.0
0.15699 0.0
0.15723 0.0
0.15748 0.0
0.15772 0.0
0.15797 0.0
0.15821 0.0
0.15845 0.0
0.1587 0.0
0.15894 0.0
0.15919 0.0
0.15943 0.0
0.15968 0.0
0.15992 0.0
0.16016 0.0
0.16041 0.0
0.16065 0.0
0.1609 0.0
0.16114 0.0
0.16138 0.0
0.16163 0.0
0.16187 0.0
0.16212 0.0
0.16236 0.0
0.16261 0.0
0.16285 0.0
0.16309 0.0
0.16334 0.0
0.16358 0.0
0.16383 0.0
0.16407 0.0
0.16431 0.0
0.16456 0.0
0.1648 0.0
0.16505 0.0
0.16529 0.0
0.16553 0.0
0.16578 0.0
0.16602 0.0
0.16627 0.0
0.16651 0.0
0.16676 0.0
0.167 0.0
0.16724 0.0
0.16749 0.0
0.16773 0.0
0.16798 0.0
0.16822 0.0
0.16846 0.0
0.16871 0.0
0.16895 0.0
0.1692 0.0
0.16944 0.0
0.16969 0.0
0.16993 0.0
0.17017 0.0
0.17042 0.0
0.17066 0.0
0.17091 0.0
0.17115 0.0
0.17139 0.0
0.17164 0.0
0.17188 0.0
0.17213 0.0
