t strain*1e23
-0.46016 4.9
-0.45992 5.1
-0.45967 5.4
-0.45943 5.6
-0.45919 5.9
-0.45894 6.1
-0.4587 6.3
-0.45845 6.5
-0.45821 6.7
-0.45797 6.9
-0.45772 7.1
-0.45748 7.3
-0.45723 7.5
-0.45699 7.6
-0.45675 7.8
-0.4565 7.9
-0.45626 8.1
-0.45601 8.2
-0.45577 8.3
-0.45552 8.4
-0.45528 8.5
-0.45504 8.6
-0.45479 8.7
-0.45455 8.7
-0.4543 8.8
-0.45406 8.8
-0.45382 8.9
-0.45357 8.9
-0.45333 8.9
-0.45308 8.9
-0.45284 8.9
-0.45259 8.9
-0.45235 8.8
-0.45211 8.8
-0.45186 8.7
-0.45162 8.7
-0.45137 8.6
-0.45113 8.5
-0.45089 8.4
-0.45064 8.3
-0.4504 8.2
-0.45015 8.1
-0.44991 7.9
-0.44967 7.8
-0.44942 7.6
-0.44918 7.4
-0.44893 7.3
-0.44869 7.1
-0.44844 6.9
-0.4482 6.7
-0.44796 6.5
-0.44771 6.3
-0.44747 6.0
-0.44722 5.8
-0.44698 5.6
-0.44674 5.3
-0.44649 5.1
-0.44625 4.8
-0.446 4.5
-0.44576 4.3
-0.44551 4.0
-0.44527 3.7
-0.44503 3.4
-0.44478 3.1
-0.44454 2.8
-0.44429 2.5
-0.44405 2.2
-0.44381 1.9
-0.44356 1.6
-0.44332 1.3
-0.44307 1.0
-0.44283 0.7
-0.44258 0.4
-0.44234 0.0
-0.4421 -0.3
-0.44185 -0.6
-0.44161 -0.9
-0.44136 -1.2
-0.44112 -1.5
-0.44088 -1.8
-0.44063 -2.1
-0.44039 -2.4
-0.44014 -2.7
-0.4399 -3.0
-0.43966 -3.3
-0.43941 -3.6
-0.43917 -3.9
-0.43892 -4.2
-0.43868 -4.5
-0.43843 -4.7
-0.43819 -5.0
-0.43795 -5.3
-0.4377 -5.5
-0.43746 -5.8
-0.43721 -6.0
-0.43697 -6.2
-0.43673 -6.5
-0.43648 -6.7
-0.43624 -6.9
-0.43599 -7.1
-0.43575 -7.3
-0.4355 -7.5
-0.43526 -7.6
-0.43502 -7.8
-0.43477 -8.0
-0.43453 -8.1
-0.43428 -8.2
-0.43404 -8.4
-0.4338 -8.5
-0.43355 -8.6
-0.43331 -8.7
-0.43306 -8.7
-0.43282 -8.8
-0.43258 -8.9
-0.43233 -8.9
-0.43209 -9.0
-0.43184 -9.0
-0.4316 -9.0
-0.43135 -9.0
-0.43111 -9.0
-0.43087 -9.0
-0.43062 -8.9
-0.43038 -8.9
-0.43013 -8.8
-0.42989 -8.8
-0.42965 -8.7
-0.4294 -8.6
-0.42916 -8.5
-0.42891 -8.4
-0.42867 -8.3
-0.42842 -8.1
-0.42818 -8.0
-0.42794 -7.9
-0.42769 -7.7
-0.42745 -7.5
-0.4272 -7.3
-0.42696 -7.2
-0.42672 -7.0
-0.42647 -6.7
-0.42623 -6.5
-0.42598 -6.3
-0.42574 -6.1
-0.4255 -5.8
-0.42525 -5.6
-0.42501 -5.3
-0.42476 -5.1
-0.42452 -4.8
-0.42427 -4.5
-0.42403 -4.2
-0.42379 -4.0
-0.42354 -3.7
-0.4233 -3.4
-0.42305 -3.1
-0.42281 -2.8
-0.42257 -2.4
-0.42232 -2.1
-0.42208 -1.8
-0.42183 -1.5
-0.42159 -1.2
-0.42134 -0.9
-0.4211 -0.5
-0.42086 -0.2
-0.42061 0.1
-0.42037 0.4
-0.42012 0.8
-0.41988 1.1
-0.41964 1.4
-0.41939 1.7
-0.41915 2.0
-0.4189 2.4
-0.41866 2.7
-0.41842 3.0
-0.41817 3.3
-0.41793 3.6
-0.41768 3.9
-0.41744 4.2
-0.41719 4.5
-0.41695 4.7
-0.41671 5.0
-0.41646 5.3
-0.41622 5.5
-0.41597 5.8
-0.41573 6.0
-0.41549 6.3
-0.41524 6.5
-0.415 6.7
-0.41475 7.0
-0.41451 7.2
-0.41426 7.4
-0.41402 7.5
-0.41378 7.7
-0.41353 7.9
-0.41329 8.1
-0.41304 8.2
-0.4128 8.3
-0.41256 8.5
-0.41231 8.6
-0.41207 8.7
-0.41182 8.8
-0.41158 8.9
-0.41133 8.9
-0.41109 9.0
-0.41085 9.0
-0.4106 9.1
-0.41036 9.1
-0.41011 9.1
-0.40987 9.1
-0.40963 9.1
-0.40938 9.1
-0.40914 9.0
-0.40889 9.0
-0.40865 8.9
-0.40841 8.8
-0.40816 8.8
-0.40792 8.7
-0.40767 8.6
-0.40743 8.4
-0.40718 8.3
-0.40694 8.2
-0.4067 8.0
-0.40645 7.9
-0.40621 7.7
-0.40596 7.5
-0.40572 7.3
-0.40548 7.1
-0.40523 6.9
-0.40499 6.7
-0.40474 6.5
-0.4045 6.2
-0.40425 6.0
-0.40401 5.7
-0.40377 5.5
-0.40352 5.2
-0.40328 4.9
-0.40303 4.6
-0.40279 4.3
-0.40255 4.0
-0.4023 3.7
-0.40206 3.4
-0.40181 3.1
-0.40157 2.8
-0.40133 2.5
-0.40108 2.2
-0.40084 1.9
-0.40059 1.5
-0.40035 1.2
-0.4001 0.9
-0.39986 0.5
-0.39962 0.2
-0.39937 -0.1
-0.39913 -0.5
-0.39888 -0.8
-0.39864 -1.1
-0.3984 -1.5
-0.39815 -1.8
-0.39791 -2.1
-0.39766 -2.4
-0.39742 -2.8
-0.39717 -3.1
-0.39693 -3.4
-0.39669 -3.7
-0.39644 -4.0
-0.3962 -4.3
-0.39595 -4.6
-0.39571 -4.9
-0.39547 -5.2
-0.39522 -5.4
-0.39498 -5.7
-0.39473 -6.0
-0.39449 -6.2
-0.39425 -6.5
-0.394 -6.7
-0.39376 -6.9
-0.39351 -7.1
-0.39327 -7.3
-0.39302 -7.5
-0.39278 -7.7
-0.39254 -7.9
-0.39229 -8.1
-0.39205 -8.2
-0.3918 -8.4
-0.39156 -8.5
-0.39132 -8.6
-0.39107 -8.7
-0.39083 -8.8
-0.39058 -8.9
-0.39034 -9.0
-0.39009 -9.1
-0.38985 -9.1
-0.38961 -9.2
-0.38936 -9.2
-0.38912 -9.2
-0.38887 -9.2
-0.38863 -9.2
-0.38839 -9.2
-0.38814 -9.1
-0.3879 -9.1
-0.38765 -9.0
-0.38741 -8.9
-0.38717 -8.9
-0.38692 -8.8
-0.38668 -8.7
-0.38643 -8.5
-0.38619 -8.4
-0.38594 -8.3
-0.3857 -8.1
-0.38546 -7.9
-0.38521 -7.8
-0.38497 -7.6
-0.38472 -7.4
-0.38448 -7.2
-0.38424 -6.9
-0.38399 -6.7
-0.38375 -6.5
-0.3835 -6.2
-0.38326 -6.0
-0.38301 -5.7
-0.38277 -5.4
-0.38253 -5.2
-0.38228 -4.9
-0.38204 -4.6
-0.38179 -4.3
-0.38155 -4.0
-0.38131 -3.7
-0.38106 -3.4
-0.38082 -3.0
-0.38057 -2.7
-0.38033 -2.4
-0.38008 -2.1
-0.37984 -1.7
-0.3796 -1.4
-0.37935 -1.0
-0.37911 -0.7
-0.37886 -0.4
-0.37862 0.0
-0.37838 0.3
-0.37813 0.7
-0.37789 1.0
-0.37764 1.4
-0.3774 1.7
-0.37716 2.0
-0.37691 2.4
-0.37667 2.7
-0.37642 3.0
-0.37618 3.4
-0.37593 3.7
-0.37569 4.0
-0.37545 4.3
-0.3752 4.6
-0.37496 4.9
-0.37471 5.2
-0.37447 5.5
-0.37423 5.7
-0.37398 6.0
-0.37374 6.3
-0.37349 6.5
-0.37325 6.8
-0.373 7.0
-0.37276 7.2
-0.37252 7.4
-0.37227 7.6
-0.37203 7.8
-0.37178 8.0
-0.37154 8.2
-0.3713 8.3
-0.37105 8.5
-0.37081 8.6
-0.37056 8.8
-0.37032 8.9
-0.37008 9.0
-0.36983 9.1
-0.36959 9.1
-0.36934 9.2
-0.3691 9.2
-0.36885 9.3
-0.36861 9.3
-0.36837 9.3
-0.36812 9.3
-0.36788 9.3
-0.36763 9.3
-0.36739 9.2
-0.36715 9.2
-0.3669 9.1
-0.36666 9.0
-0.36641 8.9
-0.36617 8.8
-0.36592 8.7
-0.36568 8.6
-0.36544 8.4
-0.36519 8.3
-0.36495 8.1
-0.3647 7.9
-0.36446 7.7
-0.36422 7.5
-0.36397 7.3
-0.36373 7.1
-0.36348 6.9
-0.36324 6.6
-0.363 6.4
-0.36275 6.1
-0.36251 5.9
-0.36226 5.6
-0.36202 5.3
-0.36177 5.0
-0.36153 4.7
-0.36129 4.4
-0.36104 4.1
-0.3608 3.8
-0.36055 3.4
-0.36031 3.1
-0.36007 2.8
-0.35982 2.4
-0.35958 2.1
-0.35933 1.7
-0.35909 1.4
-0.35884 1.0
-0.3586 0.7
-0.35836 0.3
-0.35811 0.0
-0.35787 -0.4
-0.35762 -0.7
-0.35738 -1.1
-0.35714 -1.4
-0.35689 -1.8
-0.35665 -2.1
-0.3564 -2.5
-0.35616 -2.8
-0.35592 -3.2
-0.35567 -3.5
-0.35543 -3.8
-0.35518 -4.1
-0.35494 -4.5
-0.35469 -4.8
-0.35445 -5.1
-0.35421 -5.4
-0.35396 -5.7
-0.35372 -5.9
-0.35347 -6.2
-0.35323 -6.5
-0.35299 -6.7
-0.35274 -7.0
-0.3525 -7.2
-0.35225 -7.4
-0.35201 -7.7
-0.35176 -7.9
-0.35152 -8.0
-0.35128 -8.2
-0.35103 -8.4
-0.35079 -8.6
-0.35054 -8.7
-0.3503 -8.8
-0.35006 -9.0
-0.34981 -9.1
-0.34957 -9.2
-0.34932 -9.2
-0.34908 -9.3
-0.34883 -9.4
-0.34859 -9.4
-0.34835 -9.4
-0.3481 -9.4
-0.34786 -9.4
-0.34761 -9.4
-0.34737 -9.4
-0.34713 -9.3
-0.34688 -9.3
-0.34664 -9.2
-0.34639 -9.1
-0.34615 -9.0
-0.34591 -8.9
-0.34566 -8.8
-0.34542 -8.7
-0.34517 -8.5
-0.34493 -8.4
-0.34468 -8.2
-0.34444 -8.0
-0.3442 -7.8
-0.34395 -7.6
-0.34371 -7.4
-0.34346 -7.1
-0.34322 -6.9
-0.34298 -6.6
-0.34273 -6.4
-0.34249 -6.1
-0.34224 -5.8
-0.342 -5.5
-0.34175 -5.2
-0.34151 -4.9
-0.34127 -4.6
-0.34102 -4.3
-0.34078 -4.0
-0.34053 -3.6
-0.34029 -3.3
-0.34005 -3.0
-0.3398 -2.6
-0.33956 -2.3
-0.33931 -1.9
-0.33907 -1.5
-0.33883 -1.2
-0.33858 -0.8
-0.33834 -0.5
-0.33809 0.0
-0.33785 0.3
-0.3376 0.6
-0.33736 1.0
-0.33712 1.4
-0.33687 1.7
-0.33663 2.1
-0.33638 2.4
-0.33614 2.8
-0.3359 3.1
-0.33565 3.5
-0.33541 3.8
-0.33516 4.2
-0.33492 4.5
-0.33467 4.8
-0.33443 5.1
-0.33419 5.4
-0.33394 5.7
-0.3337 6.0
-0.33345 6.3
-0.33321 6.6
-0.33297 6.8
-0.33272 7.1
-0.33248 7.3
-0.33223 7.6
-0.33199 7.8
-0.33175 8.0
-0.3315 8.2
-0.33126 8.4
-0.33101 8.5
-0.33077 8.7
-0.33052 8.9
-0.33028 9.0
-0.33004 9.1
-0.32979 9.2
-0.32955 9.3
-0.3293 9.4
-0.32906 9.4
-0.32882 9.5
-0.32857 9.5
-0.32833 9.5
-0.32808 9.6
-0.32784 9.5
-0.32759 9.5
-0.32735 9.5
-0.32711 9.4
-0.32686 9.4
-0.32662 9.3
-0.32637 9.2
-0.32613 9.1
-0.32589 9.0
-0.32564 8.8
-0.3254 8.7
-0.32515 8.5
-0.32491 8.3
-0.32467 8.1
-0.32442 7.9
-0.32418 7.7
-0.32393 7.5
-0.32369 7.3
-0.32344 7.0
-0.3232 6.8
-0.32296 6.5
-0.32271 6.2
-0.32247 5.9
-0.32222 5.6
-0.32198 5.3
-0.32174 5.0
-0.32149 4.7
-0.32125 4.3
-0.321 4.0
-0.32076 3.7
-0.32051 3.3
-0.32027 3.0
-0.32003 2.6
-0.31978 2.2
-0.31954 1.9
-0.31929 1.5
-0.31905 1.1
-0.31881 0.7
-0.31856 0.4
-0.31832 0.0
-0.31807 -0.4
-0.31783 -0.8
-0.31758 -1.2
-0.31734 -1.5
-0.3171 -1.9
-0.31685 -2.3
-0.31661 -2.6
-0.31636 -3.0
-0.31612 -3.4
-0.31588 -3.7
-0.31563 -4.1
-0.31539 -4.4
-0.31514 -4.7
-0.3149 -5.1
-0.31466 -5.4
-0.31441 -5.7
-0.31417 -6.0
-0.31392 -6.3
-0.31368 -6.6
-0.31343 -6.9
-0.31319 -7.1
-0.31295 -7.4
-0.3127 -7.6
-0.31246 -7.9
-0.31221 -8.1
-0.31197 -8.3
-0.31173 -8.5
-0.31148 -8.6
-0.31124 -8.8
-0.31099 -9.0
-0.31075 -9.1
-0.3105 -9.2
-0.31026 -9.3
-0.31002 -9.4
-0.30977 -9.5
-0.30953 -9.6
-0.30928 -9.6
-0.30904 -9.7
-0.3088 -9.7
-0.30855 -9.7
-0.30831 -9.7
-0.30806 -9.6
-0.30782 -9.6
-0.30758 -9.6
-0.30733 -9.5
-0.30709 -9.4
-0.30684 -9.3
-0.3066 -9.2
-0.30635 -9.0
-0.30611 -8.9
-0.30587 -8.7
-0.30562 -8.6
-0.30538 -8.4
-0.30513 -8.2
-0.30489 -8.0
-0.30465 -7.7
-0.3044 -7.5
-0.30416 -7.2
-0.30391 -7.0
-0.30367 -6.7
-0.30342 -6.4
-0.30318 -6.1
-0.30294 -5.8
-0.30269 -5.5
-0.30245 -5.2
-0.3022 -4.8
-0.30196 -4.5
-0.30172 -4.2
-0.30147 -3.8
-0.30123 -3.4
-0.30098 -3.1
-0.30074 -2.7
-0.3005 -2.3
-0.30025 -1.9
-0.30001 -1.6
-0.29976 -1.2
-0.29952 -0.8
-0.29927 -0.4
-0.29903 0.0
-0.29879 0.4
-0.29854 0.8
-0.2983 1.2
-0.29805 1.6
-0.29781 2.0
-0.29757 2.3
-0.29732 2.7
-0.29708 3.1
-0.29683 3.5
-0.29659 3.8
-0.29634 4.2
-0.2961 4.5
-0.29586 4.9
-0.29561 5.2
-0.29537 5.6
-0.29512 5.9
-0.29488 6.2
-0.29464 6.5
-0.29439 6.8
-0.29415 7.1
-0.2939 7.3
-0.29366 7.6
-0.29342 7.8
-0.29317 8.1
-0.29293 8.3
-0.29268 8.5
-0.29244 8.7
-0.29219 8.9
-0.29195 9.0
-0.29171 9.2
-0.29146 9.3
-0.29122 9.4
-0.29097 9.5
-0.29073 9.6
-0.29049 9.7
-0.29024 9.8
-0.29 9.8
-0.28975 9.8
-0.28951 9.8
-0.28926 9.8
-0.28902 9.8
-0.28878 9.8
-0.28853 9.7
-0.28829 9.6
-0.28804 9.5
-0.2878 9.4
-0.28756 9.3
-0.28731 9.2
-0.28707 9.0
-0.28682 8.9
-0.28658 8.7
-0.28633 8.5
-0.28609 8.3
-0.28585 8.0
-0.2856 7.8
-0.28536 7.6
-0.28511 7.3
-0.28487 7.0
-0.28463 6.7
-0.28438 6.4
-0.28414 6.1
-0.28389 5.8
-0.28365 5.5
-0.28341 5.1
-0.28316 4.8
-0.28292 4.4
-0.28267 4.1
-0.28243 3.7
-0.28218 3.3
-0.28194 2.9
-0.2817 2.5
-0.28145 2.1
-0.28121 1.8
-0.28096 1.4
-0.28072 0.9
-0.28048 0.5
-0.28023 0.1
-0.27999 -0.3
-0.27974 -0.7
-0.2795 -1.1
-0.27925 -1.5
-0.27901 -1.9
-0.27877 -2.3
-0.27852 -2.7
-0.27828 -3.1
-0.27803 -3.5
-0.27779 -3.8
-0.27755 -4.2
-0.2773 -4.6
-0.27706 -4.9
-0.27681 -5.3
-0.27657 -5.6
-0.27633 -6.0
-0.27608 -6.3
-0.27584 -6.6
-0.27559 -6.9
-0.27535 -7.2
-0.2751 -7.5
-0.27486 -7.7
-0.27462 -8.0
-0.27437 -8.2
-0.27413 -8.5
-0.27388 -8.7
-0.27364 -8.9
-0.2734 -9.0
-0.27315 -9.2
-0.27291 -9.4
-0.27266 -9.5
-0.27242 -9.6
-0.27217 -9.7
-0.27193 -9.8
-0.27169 -9.9
-0.27144 -9.9
-0.2712 -10.0
-0.27095 -10.0
-0.27071 -10.0
-0.27047 -10.0
-0.27022 -9.9
-0.26998 -9.9
-0.26973 -9.8
-0.26949 -9.7
-0.26925 -9.6
-0.269 -9.5
-0.26876 -9.4
-0.26851 -9.2
-0.26827 -9.0
-0.26802 -8.8
-0.26778 -8.6
-0.26754 -8.4
-0.26729 -8.2
-0.26705 -8.0
-0.2668 -7.7
-0.26656 -7.4
-0.26632 -7.1
-0.26607 -6.9
-0.26583 -6.5
-0.26558 -6.2
-0.26534 -5.9
-0.26509 -5.5
-0.26485 -5.2
-0.26461 -4.8
-0.26436 -4.5
-0.26412 -4.1
-0.26387 -3.7
-0.26363 -3.3
-0.26339 -2.9
-0.26314 -2.5
-0.2629 -2.1
-0.26265 -1.7
-0.26241 -1.3
-0.26217 -0.8
-0.26192 -0.4
-0.26168 0.0
-0.26143 0.4
-0.26119 0.8
-0.26094 1.3
-0.2607 1.7
-0.26046 2.1
-0.26021 2.5
-0.25997 2.9
-0.25972 3.3
-0.25948 3.7
-0.25924 4.1
-0.25899 4.5
-0.25875 4.9
-0.2585 5.2
-0.25826 5.6
-0.25801 5.9
-0.25777 6.3
-0.25753 6.6
-0.25728 6.9
-0.25704 7.2
-0.25679 7.5
-0.25655 7.8
-0.25631 8.1
-0.25606 8.3
-0.25582 8.6
-0.25557 8.8
-0.25533 9.0
-0.25508 9.2
-0.25484 9.3
-0.2546 9.5
-0.25435 9.6
-0.25411 9.8
-0.25386 9.9
-0.25362 10.0
-0.25338 10.0
-0.25313 10.1
-0.25289 10.1
-0.25264 10.1
-0.2524 10.1
-0.25216 10.1
-0.25191 10.1
-0.25167 10.0
-0.25142 9.9
-0.25118 9.8
-0.25093 9.7
-0.25069 9.6
-0.25045 9.4
-0.2502 9.3
-0.24996 9.1
-0.24971 8.9
-0.24947 8.7
-0.24923 8.4
-0.24898 8.2
-0.24874 7.9
-0.24849 7.7
-0.24825 7.4
-0.248 7.1
-0.24776 6.8
-0.24752 6.4
-0.24727 6.1
-0.24703 5.7
-0.24678 5.4
-0.24654 5.0
-0.2463 4.6
-0.24605 4.2
-0.24581 3.8
-0.24556 3.4
-0.24532 3.0
-0.24508 2.6
-0.24483 2.1
-0.24459 1.7
-0.24434 1.3
-0.2441 0.8
-0.24385 0.4
-0.24361 0.0
-0.24337 -0.5
-0.24312 -0.9
-0.24288 -1.3
-0.24263 -1.8
-0.24239 -2.2
-0.24215 -2.6
-0.2419 -3.1
-0.24166 -3.5
-0.24141 -3.9
-0.24117 -4.3
-0.24092 -4.7
-0.24068 -5.1
-0.24044 -5.5
-0.24019 -5.8
-0.23995 -6.2
-0.2397 -6.5
-0.23946 -6.9
-0.23922 -7.2
-0.23897 -7.5
-0.23873 -7.8
-0.23848 -8.1
-0.23824 -8.4
-0.238 -8.6
-0.23775 -8.8
-0.23751 -9.1
-0.23726 -9.3
-0.23702 -9.5
-0.23677 -9.6
-0.23653 -9.8
-0.23629 -9.9
-0.23604 -10.0
-0.2358 -10.1
-0.23555 -10.2
-0.23531 -10.2
-0.23507 -10.3
-0.23482 -10.3
-0.23458 -10.3
-0.23433 -10.3
-0.23409 -10.2
-0.23384 -10.2
-0.2336 -10.1
-0.23336 -10.0
-0.23311 -9.9
-0.23287 -9.7
-0.23262 -9.6
-0.23238 -9.4
-0.23214 -9.2
-0.23189 -9.0
-0.23165 -8.8
-0.2314 -8.5
-0.23116 -8.3
-0.23092 -8.0
-0.23067 -7.7
-0.23043 -7.4
-0.23018 -7.0
-0.22994 -6.7
-0.22969 -6.4
-0.22945 -6.0
-0.22921 -5.6
-0.22896 -5.2
-0.22872 -4.8
-0.22847 -4.4
-0.22823 -4.0
-0.22799 -3.6
-0.22774 -3.2
-0.2275 -2.7
-0.22725 -2.3
-0.22701 -1.9
-0.22676 -1.4
-0.22652 -0.9
-0.22628 -0.5
-0.22603 0.0
-0.22579 0.4
-0.22554 0.9
-0.2253 1.3
-0.22506 1.8
-0.22481 2.2
-0.22457 2.7
-0.22432 3.1
-0.22408 3.6
-0.22383 4.0
-0.22359 4.4
-0.22335 4.8
-0.2231 5.2
-0.22286 5.6
-0.22261 6.0
-0.22237 6.4
-0.22213 6.7
-0.22188 7.1
-0.22164 7.4
-0.22139 7.7
-0.22115 8.0
-0.22091 8.3
-0.22066 8.6
-0.22042 8.9
-0.22017 9.1
-0.21993 9.3
-0.21968 9.5
-0.21944 9.7
-0.2192 9.9
-0.21895 10.0
-0.21871 10.1
-0.21846 10.2
-0.21822 10.3
-0.21798 10.4
-0.21773 10.4
-0.21749 10.5
-0.21724 10.5
-0.217 10.4
-0.21675 10.4
-0.21651 10.3
-0.21627 10.3
-0.21602 10.2
-0.21578 10.0
-0.21553 9.9
-0.21529 9.7
-0.21505 9.5
-0.2148 9.3
-0.21456 9.1
-0.21431 8.9
-0.21407 8.6
-0.21383 8.4
-0.21358 8.1
-0.21334 7.8
-0.21309 7.4
-0.21285 7.1
-0.2126 6.7
-0.21236 6.4
-0.21212 6.0
-0.21187 5.6
-0.21163 5.2
-0.21138 4.8
-0.21114 4.3
-0.2109 3.9
-0.21065 3.5
-0.21041 3.0
-0.21016 2.5
-0.20992 2.1
-0.20967 1.6
-0.20943 1.1
-0.20919 0.7
-0.20894 0.2
-0.2087 -0.3
-0.20845 -0.8
-0.20821 -1.2
-0.20797 -1.7
-0.20772 -2.2
-0.20748 -2.7
-0.20723 -3.1
-0.20699 -3.6
-0.20675 -4.0
-0.2065 -4.5
-0.20626 -4.9
-0.20601 -5.3
-0.20577 -5.7
-0.20552 -6.1
-0.20528 -6.5
-0.20504 -6.9
-0.20479 -7.3
-0.20455 -7.6
-0.2043 -7.9
-0.20406 -8.3
-0.20382 -8.6
-0.20357 -8.8
-0.20333 -9.1
-0.20308 -9.3
-0.20284 -9.6
-0.20259 -9.8
-0.20235 -10.0
-0.20211 -10.1
-0.20186 -10.3
-0.20162 -10.4
-0.20137 -10.5
-0.20113 -10.6
-0.20089 -10.6
-0.20064 -10.6
-0.2004 -10.7
-0.20015 -10.6
-0.19991 -10.6
-0.19967 -10.6
-0.19942 -10.5
-0.19918 -10.4
-0.19893 -10.2
-0.19869 -10.1
-0.19844 -9.9
-0.1982 -9.7
-0.19796 -9.5
-0.19771 -9.3
-0.19747 -9.1
-0.19722 -8.8
-0.19698 -8.5
-0.19674 -8.2
-0.19649 -7.9
-0.19625 -7.5
-0.196 -7.2
-0.19576 -6.8
-0.19551 -6.4
-0.19527 -6.0
-0.19503 -5.6
-0.19478 -5.2
-0.19454 -4.7
-0.19429 -4.3
-0.19405 -3.8
-0.19381 -3.3
-0.19356 -2.9
-0.19332 -2.4
-0.19307 -1.9
-0.19283 -1.4
-0.19258 -0.9
-0.19234 -0.4
-0.1921 0.1
-0.19185 0.6
-0.19161 1.1
-0.19136 1.6
-0.19112 2.1
-0.19088 2.6
-0.19063 3.1
-0.19039 3.6
-0.19014 4.0
-0.1899 4.5
-0.18966 4.9
-0.18941 5.4
-0.18917 5.8
-0.18892 6.2
-0.18868 6.7
-0.18843 7.0
-0.18819 7.4
-0.18795 7.8
-0.1877 8.1
-0.18746 8.5
-0.18721 8.8
-0.18697 9.1
-0.18673 9.3
-0.18648 9.6
-0.18624 9.8
-0.18599 10.0
-0.18575 10.2
-0.1855 10.4
-0.18526 10.5
-0.18502 10.6
-0.18477 10.7
-0.18453 10.8
-0.18428 10.8
-0.18404 10.9
-0.1838 10.9
-0.18355 10.8
-0.18331 10.8
-0.18306 10.7
-0.18282 10.6
-0.18258 10.5
-0.18233 10.3
-0.18209 10.2
-0.18184 10.0
-0.1816 9.8
-0.18135 9.5
-0.18111 9.3
-0.18087 9.0
-0.18062 8.7
-0.18038 8.4
-0.18013 8.0
-0.17989 7.7
-0.17965 7.3
-0.1794 6.9
-0.17916 6.5
-0.17891 6.1
-0.17867 5.6
-0.17842 5.2
-0.17818 4.7
-0.17794 4.2
-0.17769 3.7
-0.17745 3.2
-0.1772 2.7
-0.17696 2.2
-0.17672 1.7
-0.17647 1.2
-0.17623 0.7
-0.17598 0.2
-0.17574 -0.4
-0.1755 -0.9
-0.17525 -1.4
-0.17501 -1.9
-0.17476 -2.5
-0.17452 -3.0
-0.17427 -3.5
-0.17403 -4.0
-0.17379 -4.5
-0.17354 -5.0
-0.1733 -5.4
-0.17305 -5.9
-0.17281 -6.3
-0.17257 -6.8
-0.17232 -7.2
-0.17208 -7.6
-0.17183 -7.9
-0.17159 -8.3
-0.17134 -8.7
-0.1711 -9.0
-0.17086 -9.3
-0.17061 -9.6
-0.17037 -9.8
-0.17012 -10.1
-0.16988 -10.3
-0.16964 -10.5
-0.16939 -10.6
-0.16915 -10.8
-0.1689 -10.9
-0.16866 -11.0
-0.16842 -11.0
-0.16817 -11.1
-0.16793 -11.1
-0.16768 -11.1
-0.16744 -11.0
-0.16719 -11.0
-0.16695 -10.9
-0.16671 -10.7
-0.16646 -10.6
-0.16622 -10.4
-0.16597 -10.2
-0.16573 -10.0
-0.16549 -9.8
-0.16524 -9.5
-0.165 -9.2
-0.16475 -8.9
-0.16451 -8.6
-0.16426 -8.2
-0.16402 -7.8
-0.16378 -7.4
-0.16353 -7.0
-0.16329 -6.6
-0.16304 -6.1
-0.1628 -5.7
-0.16256 -5.2
-0.16231 -4.7
-0.16207 -4.2
-0.16182 -3.7
-0.16158 -3.2
-0.16133 -2.6
-0.16109 -2.1
-0.16085 -1.5
-0.1606 -1.0
-0.16036 -0.4
-0.16011 0.1
-0.15987 0.7
-0.15963 1.2
-0.15938 1.8
-0.15914 2.3
-0.15889 2.9
-0.15865 3.4
-0.15841 3.9
-0.15816 4.4
-0.15792 5.0
-0.15767 5.4
-0.15743 5.9
-0.15718 6.4
-0.15694 6.9
-0.1567 7.3
-0.15645 7.7
-0.15621 8.1
-0.15596 8.5
-0.15572 8.9
-0.15548 9.2
-0.15523 9.5
-0.15499 9.8
-0.15474 10.1
-0.1545 10.3
-0.15425 10.5
-0.15401 10.7
-0.15377 10.9
-0.15352 11.0
-0.15328 11.2
-0.15303 11.2
-0.15279 11.3
-0.15255 11.3
-0.1523 11.3
-0.15206 11.3
-0.15181 11.2
-0.15157 11.1
-0.15133 11.0
-0.15108 10.9
-0.15084 10.7
-0.15059 10.5
-0.15035 10.3
-0.1501 10.0
-0.14986 9.7
-0.14962 9.4
-0.14937 9.1
-0.14913 8.8
-0.14888 8.4
-0.14864 8.0
-0.1484 7.6
-0.14815 7.1
-0.14791 6.7
-0.14766 6.2
-0.14742 5.7
-0.14717 5.2
-0.14693 4.7
-0.14669 4.1
-0.14644 3.6
-0.1462 3.0
-0.14595 2.5
-0.14571 1.9
-0.14547 1.3
-0.14522 0.7
-0.14498 0.2
-0.14473 -0.4
-0.14449 -1.0
-0.14425 -1.6
-0.144 -2.2
-0.14376 -2.8
-0.14351 -3.3
-0.14327 -3.9
-0.14302 -4.4
-0.14278 -5.0
-0.14254 -5.5
-0.14229 -6.0
-0.14205 -6.5
-0.1418 -7.0
-0.14156 -7.5
-0.14132 -7.9
-0.14107 -8.3
-0.14083 -8.7
-0.14058 -9.1
-0.14034 -9.5
-0.14009 -9.8
-0.13985 -10.1
-0.13961 -10.4
-0.13936 -10.6
-0.13912 -10.9
-0.13887 -11.1
-0.13863 -11.2
-0.13839 -11.4
-0.13814 -11.5
-0.1379 -11.5
-0.13765 -11.6
-0.13741 -11.6
-0.13717 -11.6
-0.13692 -11.5
-0.13668 -11.4
-0.13643 -11.3
-0.13619 -11.2
-0.13594 -11.0
-0.1357 -10.8
-0.13546 -10.5
-0.13521 -10.3
-0.13497 -10.0
-0.13472 -9.7
-0.13448 -9.3
-0.13424 -8.9
-0.13399 -8.5
-0.13375 -8.1
-0.1335 -7.7
-0.13326 -7.2
-0.13301 -6.7
-0.13277 -6.2
-0.13253 -5.7
-0.13228 -5.1
-0.13204 -4.6
-0.13179 -4.0
-0.13155 -3.4
-0.13131 -2.8
-0.13106 -2.2
-0.13082 -1.6
-0.13057 -1.0
-0.13033 -0.4
-0.13008 0.2
-0.12984 0.9
-0.1296 1.5
-0.12935 2.1
-0.12911 2.7
-0.12886 3.3
-0.12862 3.9
-0.12838 4.5
-0.12813 5.1
-0.12789 5.6
-0.12764 6.2
-0.1274 6.7
-0.12716 7.2
-0.12691 7.7
-0.12667 8.2
-0.12642 8.6
-0.12618 9.1
-0.12593 9.5
-0.12569 9.8
-0.12545 10.2
-0.1252 10.5
-0.12496 10.8
-0.12471 11.0
-0.12447 11.2
-0.12423 11.4
-0.12398 11.6
-0.12374 11.7
-0.12349 11.8
-0.12325 11.9
-0.123 11.9
-0.12276 11.9
-0.12252 11.8
-0.12227 11.7
-0.12203 11.6
-0.12178 11.5
-0.12154 11.3
-0.1213 11.1
-0.12105 10.8
-0.12081 10.5
-0.12056 10.2
-0.12032 9.9
-0.12008 9.5
-0.11983 9.1
-0.11959 8.6
-0.11934 8.2
-0.1191 7.7
-0.11885 7.2
-0.11861 6.7
-0.11837 6.1
-0.11812 5.5
-0.11788 4.9
-0.11763 4.3
-0.11739 3.7
-0.11715 3.1
-0.1169 2.5
-0.11666 1.8
-0.11641 1.1
-0.11617 0.5
-0.11592 -0.2
-0.11568 -0.8
-0.11544 -1.5
-0.11519 -2.2
-0.11495 -2.8
-0.1147 -3.5
-0.11446 -4.1
-0.11422 -4.7
-0.11397 -5.3
-0.11373 -5.9
-0.11348 -6.5
-0.11324 -7.1
-0.113 -7.6
-0.11275 -8.1
-0.11251 -8.6
-0.11226 -9.1
-0.11202 -9.5
-0.11177 -9.9
-0.11153 -10.3
-0.11129 -10.7
-0.11104 -11.0
-0.1108 -11.2
-0.11055 -11.5
-0.11031 -11.7
-0.11007 -11.9
-0.10982 -12.0
-0.10958 -12.1
-0.10933 -12.2
-0.10909 -12.2
-0.10884 -12.2
-0.1086 -12.1
-0.10836 -12.0
-0.10811 -11.9
-0.10787 -11.7
-0.10762 -11.5
-0.10738 -11.3
-0.10714 -11.0
-0.10689 -10.7
-0.10665 -10.3
-0.1064 -10.0
-0.10616 -9.5
-0.10592 -9.1
-0.10567 -8.6
-0.10543 -8.1
-0.10518 -7.6
-0.10494 -7.0
-0.10469 -6.4
-0.10445 -5.8
-0.10421 -5.2
-0.10396 -4.5
-0.10372 -3.9
-0.10347 -3.2
-0.10323 -2.5
-0.10299 -1.8
-0.10274 -1.1
-0.1025 -0.4
-0.10225 0.3
-0.10201 1.0
-0.10176 1.7
-0.10152 2.4
-0.10128 3.1
-0.10103 3.8
-0.10079 4.5
-0.10054 5.2
-0.1003 5.8
-0.10006 6.4
-0.09981 7.1
-0.09957 7.6
-0.09932 8.2
-0.09908 8.7
-0.09883 9.2
-0.09859 9.7
-0.09835 10.2
-0.0981 10.6
-0.09786 11.0
-0.09761 11.3
-0.09737 11.6
-0.09713 11.9
-0.09688 12.1
-0.09664 12.3
-0.09639 12.4
-0.09615 12.5
-0.09591 12.6
-0.09566 12.6
-0.09542 12.5
-0.09517 12.5
-0.09493 12.3
-0.09468 12.2
-0.09444 12.0
-0.0942 11.7
-0.09395 11.4
-0.09371 11.1
-0.09346 10.7
-0.09322 10.3
-0.09298 9.9
-0.09273 9.4
-0.09249 8.9
-0.09224 8.3
-0.092 7.8
-0.09175 7.2
-0.09151 6.5
-0.09127 5.9
-0.09102 5.2
-0.09078 4.5
-0.09053 3.8
-0.09029 3.0
-0.09005 2.3
-0.0898 1.5
-0.08956 0.8
-0.08931 0.0
-0.08907 -0.8
-0.08883 -1.5
-0.08858 -2.3
-0.08834 -3.1
-0.08809 -3.8
-0.08785 -4.5
-0.0876 -5.3
-0.08736 -6.0
-0.08712 -6.6
-0.08687 -7.3
-0.08663 -7.9
-0.08638 -8.5
-0.08614 -9.1
-0.0859 -9.7
-0.08565 -10.2
-0.08541 -10.6
-0.08516 -11.1
-0.08492 -11.5
-0.08467 -11.8
-0.08443 -12.1
-0.08419 -12.4
-0.08394 -12.6
-0.0837 -12.8
-0.08345 -12.9
-0.08321 -13.0
-0.08297 -13.0
-0.08272 -13.0
-0.08248 -12.9
-0.08223 -12.8
-0.08199 -12.6
-0.08175 -12.4
-0.0815 -12.1
-0.08126 -11.8
-0.08101 -11.4
-0.08077 -11.0
-0.08052 -10.5
-0.08028 -10.0
-0.08004 -9.5
-0.07979 -8.9
-0.07955 -8.3
-0.0793 -7.7
-0.07906 -7.0
-0.07882 -6.3
-0.07857 -5.6
-0.07833 -4.8
-0.07808 -4.0
-0.07784 -3.2
-0.07759 -2.4
-0.07735 -1.6
-0.07711 -0.8
-0.07686 0.0
-0.07662 0.9
-0.07637 1.7
-0.07613 2.6
-0.07589 3.4
-0.07564 4.2
-0.0754 5.0
-0.07515 5.8
-0.07491 6.5
-0.07467 7.3
-0.07442 8.0
-0.07418 8.6
-0.07393 9.3
-0.07369 9.9
-0.07344 10.4
-0.0732 11.0
-0.07296 11.4
-0.07271 11.9
-0.07247 12.3
-0.07222 12.6
-0.07198 12.9
-0.07174 13.1
-0.07149 13.3
-0.07125 13.4
-0.071 13.4
-0.07076 13.4
-0.07051 13.4
-0.07027 13.3
-0.07003 13.1
-0.06978 12.9
-0.06954 12.6
-0.06929 12.3
-0.06905 11.9
-0.06881 11.5
-0.06856 11.0
-0.06832 10.4
-0.06807 9.8
-0.06783 9.2
-0.06758 8.5
-0.06734 7.8
-0.0671 7.1
-0.06685 6.3
-0.06661 5.5
-0.06636 4.6
-0.06612 3.8
-0.06588 2.9
-0.06563 2.0
-0.06539 1.1
-0.06514 0.2
-0.0649 -0.8
-0.06466 -1.7
-0.06441 -2.6
-0.06417 -3.5
-0.06392 -4.4
-0.06368 -5.3
-0.06343 -6.1
-0.06319 -6.9
-0.06295 -7.7
-0.0627 -8.5
-0.06246 -9.2
-0.06221 -9.9
-0.06197 -10.6
-0.06173 -11.2
-0.06148 -11.7
-0.06124 -12.2
-0.06099 -12.7
-0.06075 -13.0
-0.0605 -13.4
-0.06026 -13.6
-0.06002 -13.8
-0.05977 -13.9
-0.05953 -14.0
-0.05928 -14.0
-0.05904 -13.9
-0.0588 -13.8
-0.05855 -13.6
-0.05831 -13.3
-0.05806 -13.0
-0.05782 -12.6
-0.05758 -12.1
-0.05733 -11.6
-0.05709 -11.0
-0.05684 -10.4
-0.0566 -9.7
-0.05635 -8.9
-0.05611 -8.2
-0.05587 -7.3
-0.05562 -6.4
-0.05538 -5.5
-0.05513 -4.6
-0.05489 -3.6
-0.05465 -2.6
-0.0544 -1.6
-0.05416 -0.6
-0.05391 0.4
-0.05367 1.4
-0.05342 2.4
-0.05318 3.5
-0.05294 4.5
-0.05269 5.4
-0.05245 6.4
-0.0522 7.3
-0.05196 8.2
-0.05172 9.1
-0.05147 9.9
-0.05123 10.6
-0.05098 11.3
-0.05074 12.0
-0.0505 12.6
-0.05025 13.1
-0.05001 13.5
-0.04976 13.9
-0.04952 14.2
-0.04927 14.4
-0.04903 14.6
-0.04879 14.7
-0.04854 14.7
-0.0483 14.6
-0.04805 14.4
-0.04781 14.2
-0.04757 13.8
-0.04732 13.4
-0.04708 12.9
-0.04683 12.4
-0.04659 11.7
-0.04634 11.0
-0.0461 10.3
-0.04586 9.5
-0.04561 8.6
-0.04537 7.6
-0.04512 6.6
-0.04488 5.6
-0.04464 4.5
-0.04439 3.4
-0.04415 2.3
-0.0439 1.2
-0.04366 0.0
-0.04342 -1.1
-0.04317 -2.3
-0.04293 -3.5
-0.04268 -4.6
-0.04244 -5.7
-0.04219 -6.8
-0.04195 -7.8
-0.04171 -8.8
-0.04146 -9.8
-0.04122 -10.7
-0.04097 -11.5
-0.04073 -12.3
-0.04049 -13.0
-0.04024 -13.6
-0.04 -14.2
-0.03975 -14.6
-0.03951 -15.0
-0.03926 -15.2
-0.03902 -15.4
-0.03878 -15.5
-0.03853 -15.5
-0.03829 -15.3
-0.03804 -15.1
-0.0378 -14.8
-0.03756 -14.4
-0.03731 -13.8
-0.03707 -13.2
-0.03682 -12.5
-0.03658 -11.7
-0.03633 -10.8
-0.03609 -9.9
-0.03585 -8.8
-0.0356 -7.7
-0.03536 -6.6
-0.03511 -5.4
-0.03487 -4.1
-0.03463 -2.8
-0.03438 -1.5
-0.03414 -0.2
-0.03389 1.2
-0.03365 2.5
-0.03341 3.8
-0.03316 5.1
-0.03292 6.4
-0.03267 7.7
-0.03243 8.9
-0.03218 10.0
-0.03194 11.1
-0.0317 12.1
-0.03145 13.0
-0.03121 13.8
-0.03096 14.6
-0.03072 15.2
-0.03048 15.7
-0.03023 16.1
-0.02999 16.3
-0.02974 16.5
-0.0295 16.5
-0.02925 16.4
-0.02901 16.1
-0.02877 15.8
-0.02852 15.3
-0.02828 14.6
-0.02803 13.9
-0.02779 13.0
-0.02755 12.0
-0.0273 11.0
-0.02706 9.8
-0.02681 8.5
-0.02657 7.1
-0.02633 5.7
-0.02608 4.2
-0.02584 2.7
-0.02559 1.1
-0.02535 -0.5
-0.0251 -2.1
-0.02486 -3.7
-0.02462 -5.3
-0.02437 -6.8
-0.02413 -8.3
-0.02388 -9.8
-0.02364 -11.1
-0.0234 -12.4
-0.02315 -13.5
-0.02291 -14.6
-0.02266 -15.5
-0.02242 -16.3
-0.02217 -16.9
-0.02193 -17.4
-0.02169 -17.7
-0.02144 -17.8
-0.0212 -17.8
-0.02095 -17.6
-0.02071 -17.2
-0.02047 -16.6
-0.02022 -15.8
-0.01998 -14.9
-0.01973 -13.8
-0.01949 -12.6
-0.01925 -11.2
-0.019 -9.7
-0.01876 -8.0
-0.01851 -6.3
-0.01827 -4.4
-0.01802 -2.5
-0.01778 -0.6
-0.01754 1.4
-0.01729 3.4
-0.01705 5.4
-0.0168 7.3
-0.01656 9.2
-0.01632 11.0
-0.01607 12.7
-0.01583 14.2
-0.01558 15.6
-0.01534 16.8
-0.01509 17.8
-0.01485 18.6
-0.01461 19.2
-0.01436 19.5
-0.01412 19.6
-0.01387 19.4
-0.01363 19.0
-0.01339 18.2
-0.01314 17.2
-0.0129 16.0
-0.01265 14.5
-0.01241 12.8
-0.01217 10.8
-0.01192 8.7
-0.01168 6.4
-0.01143 4.0
-0.01119 1.4
-0.01094 -1.2
-0.0107 -3.8
-0.01046 -6.4
-0.01021 -9.0
-0.00997 -11.4
-0.00972 -13.7
-0.00948 -15.8
-0.00924 -17.7
-0.00899 -19.3
-0.00875 -20.5
-0.0085 -21.4
-0.00826 -21.9
-0.00801 -22.0
-0.00777 -21.7
-0.00753 -20.9
-0.00728 -19.6
-0.00704 -17.9
-0.00679 -15.8
-0.00655 -13.3
-0.00631 -10.4
-0.00606 -7.3
-0.00582 -3.8
-0.00557 -0.2
-0.00533 3.5
-0.00508 7.2
-0.00484 10.9
-0.0046 14.3
-0.00435 17.4
-0.00411 20.2
-0.00386 22.4
-0.00362 24.0
-0.00338 25.0
-0.00313 25.1
-0.00289 24.4
-0.00264 22.9
-0.0024 20.5
-0.00216 17.2
-0.00191 13.2
-0.00167 8.5
-0.00142 3.3
-0.00118 -2.3
-0.00093 -8.0
-0.00069 -13.5
-0.00045 -18.4
-0.0002 -22.6
4e-05 -25.5
0.00029 -27.0
0.00053 -26.8
0.00077 -24.8
0.00102 -21.0
0.00126 -15.7
0.00151 -9.2
0.00175 -1.9
0.002 5.4
0.00224 12.0
0.00248 17.5
0.00273 21.2
0.00297 22.8
0.00322 22.1
0.00346 19.3
0.0037 14.7
0.00395 8.9
0.00419 2.6
0.00444 -3.5
0.00468 -8.8
0.00492 -12.7
0.00517 -14.8
0.00541 -15.2
0.00566 -13.7
0.0059 -10.9
0.00615 -7.1
0.00639 -2.8
0.00663 1.4
0.00688 4.9
0.00712 7.5
0.00737 8.9
0.00761 9.1
0.00785 8.2
0.0081 6.3
0.00834 3.9
0.00859 1.3
0.00883 -1.2
0.00908 -3.3
0.00932 -4.7
0.00956 -5.3
0.00981 -5.2
0.01005 -4.5
0.0103 -3.3
0.01054 -1.8
0.01078 -0.2
0.01103 1.2
0.01127 2.3
0.01152 3.0
0.01176 3.2
0.012 2.9
0.01225 2.4
0.01249 1.6
0.01274 0.6
0.01298 -0.3
0.01323 -1.0
0.01347 -1.6
0.01371 -1.8
0.01396 -1.8
0.0142 -1.6
0.01445 -1.2
0.01469 -0.7
0.01493 -0.1
0.01518 0.4
0.01542 0.8
0.01567 1.0
0.01591 1.1
0.01616 1.1
0.0164 0.9
0.01664 0.6
0.01689 0.2
0.01713 0.0
0.01738 -0.4
0.01762 -0.6
0.01786 -0.7
0.01811 -0.7
0.01835 -0.6
0.0186 -0.4
0.01884 -0.2
0.01908 0.0
0.01933 0.1
0.01957 0.3
0.01982 0.4
0.02006 0.4
0.02031 0.4
0.02055 0.3
0.02079 0.2
0.02104 0.0
0.02128 0.0
0.02153 -0.1
0.02177 -0.2
0.02201 -0.2
0.02226 -0.2
0.0225 -0.2
0.02275 -0.2
0.02299 0.0
0.02324 0.0
0.02348 0.0
0.02372 0.0
0.02397 0.1
0.02421 0.1
0.02446 0.1
0.0247 0.1
0.02494 0.0
0.02519 0.0
0.02543 0.0
0.02568 0.0
0.02592 0.0
0.02617 0.0
0.02641 0.0
0.02665 0.0
0.0269 0.0
0.02714 0.0
0.02739 0.0
0.02763 0.0
0.02787 0.0
0.02812 0.0
0.02836 0.0
0.02861 0.0
0.02885 0.0
0.02909 0.0
0.02934 0.0
0.02958 0.0
0.02983 0.0
0.03007 0.0
0.03032 0.0
0.03056 0.0
0.0308 0.0
0.03105 0.0
0.03129 0.0
0.03154 0.0
0.03178 0.0
0.03202 0.0
0.03227 0.0
0.03251 0.0
0.03276 0.0
0.033 0.0
0.03325 0.0
0.03349 0.0
0.03373 0.0
0.03398 0.0
0.03422 0.0
0.03447 0.0
0.03471 0.0
0.03495 0.0
0.0352 0.0
0.03544 0.0
0.03569 0.0
0.03593 0.0
0.03617 0.0
0.03642 0.0
0.03666 0.0
0.03691 0.0
0.03715 0.0
0.0374 0.0
0.03764 0.0
0.03788 0.0
0.03813 0.0
0.03837 0.0
0.03862 0.0
0.03886 0.0
0.0391 0.0
0.03935 0.0
0.03959 0.0
0.03984 0.0
0.04008 0.0
0.04033 0.0
0.04057 0.0
0.04081 0.0
0.04106 0.0
0.0413 0.0
0.04155 0.0
0.04179 0.0
0.04203 0.0
0.04228 0.0
0.04252 0.0
0.04277 0.0
0.04301 0.0
0.04325 0.0
0.0435 0.0
0.04374 0.0
0.04399 0.0
0.04423 0.0
0.04448 0.0
0.04472 0.0
0.04496 0.0
0.04521 0.0
0.04545 0.0
0.0457 0.0
0.04594 0.0
0.04618 0.0
0.04643 0.0
0.04667 0.0
0.04692 0.0
0.04716 0.0
0.04741 0.0
0.04765 0.0
0.04789 0.0
0.04814 0.0
0.04838 0.0
0.04863 0.0
0.04887 0.0
0.04911 0.0
0.04936 0.0
0.0496 0.0
0.04985 0.0
0.05009 0.0
0.05033 0.0
0.05058 0.0
0.05082 0.0
0.05107 0.0
0.05131 0.0
0.05156 0.0
0.0518 0.0
0.05204 0.0
0.05229 0.0
0.05253 0.0
0.05278 0.0
0.05302 0.0
0.05326 0.0
0.05351 0.0
0.05375 0.0
0.054 0.0
0.05424 0.0
0.05449 0.0
0.05473 0.0
0.05497 0.0
0.05522 0.0
0.05546 0.0
0.05571 0.0
0.05595 0.0
0.05619 0.0
0.05644 0.0
0.05668 0.0
0.05693 0.0
0.05717 0.0
0.05742 0.0
0.05766 0.0
0.0579 0.0
0.05815 0.0
0.05839 0.0
0.05864 0.0
0.05888 0.0
0.05912 0.0
0.05937 0.0
0.05961 0.0
0.05986 0.0
0.0601 0.0
0.06034 0.0
0.06059 0.0
0.06083 0.0
0.06108 0.0
0.06132 0.0
0.06157 0.0
0.06181 0.0
0.06205 0.0
0.0623 0.0
0.06254 0.0
0.06279 0.0
0.06303 0.0
0.06327 0.0
0.06352 0.0
0.06376 0.0
0.06401 0.0
0.06425 0.0
0.0645 0.0
0.06474 0.0
0.06498 0.0
0.06523 0.0
0.06547 0.0
0.06572 0.0
0.06596 0.0
0.0662 0.0
0.06645 0.0
0.06669 0.0
0.06694 0.0
0.06718 0.0
0.06742 0.0
0.06767 0.0
0.06791 0.0
0.06816 0.0
0.0684 0.0
0.06865 0.0
0.06889 0.0
0.06913 0.0
0.06938 0.0
0.06962 0.0
0.06987 0.0
0.07011 0.0
0.07035 0.0
0.0706 0.0
0.07084 0.0
0.07109 0.0
0.07133 0.0
0.07158 0.0
0.07182 0.0
0.07206 0.0
0.07231 0.0
0.07255 0.0
0.0728 0.0
0.07304 0.0
0.07328 0.0
0.07353 0.0
0.07377 0.0
0.07402 0.0
0.07426 0.0
0.0745 0.0
0.07475 0.0
0.07499 0.0
0.07524 0.0
0.07548 0.0
0.07573 0.0
0.07597 0.0
0.07621 0.0
0.07646 0.0
0.0767 0.0
0.07695 0.0
0.07719 0.0
0.07743 0.0
0.07768 0.0
0.07792 0.0
0.07817 0.0
0.07841 0.0
0.07866 0.0
0.0789 0.0
0.07914 0.0
0.07939 0.0
0.07963 0.0
0.07988 0.0
0.08012 0.0
0.08036 0.0
0.08061 0.0
0.08085 0.0
0.0811 0.0
0.08134 0.0
0.08158 0.0
0.08183 0.0
0.08207 0.0
0.08232 0.0
0.08256 0.0
0.08281 0.0
0.08305 0.0
0.08329 0.0
0.08354 0.0
0.08378 0.0
0.08403 0.0
0.08427 0.0
0.08451 0.0
0.08476 0.0
0.085 0.0
0.08525 0.0
0.08549 0.0
0.08574 0.0
0.08598 0.0
0.08622 0.0
0.08647 0.0
0.08671 0.0
0.08696 0.0
0.0872 0.0
0.08744 0.0
0.08769 0.0
0.08793 0.0
0.08818 0.0
0.08842 0.0
0.08867 0.0
0.08891 0.0
0.08915 0.0
0.0894 0.0
0.08964 0.0
0.08989 0.0
0.09013 0.0
0.09037 0.0
0.09062 0.0
0.09086 0.0
0.09111 0.0
0.09135 0.0
0.09159 0.0
0.09184 0.0
0.09208 0.0
0.09233 0.0
0.09257 0.0
0.09282 0.0
0.09306 0.0
0.0933 0.0
0.09355 0.0
0.09379 0.0
0.09404 0.0
0.09428 0.0
0.09452 0.0
0.09477 0.0
0.09501 0.0
0.09526 0.0
0.0955 0.0
0.09575 0.0
0.09599 0.0
0.09623 0.0
0.09648 0.0
0.09672 0.0
0.09697 0.0
0.09721 0.0
0.09745 0.0
0.0977 0.0
0.09794 0.0
0.09819 0.0
0.09843 0.0
0.09867 0.0
0.09892 0.0
0.09916 0.0
0.09941 0.0
0.09965 0.0
0.0999 0.0
0.10014 0.0
0.10038 0.0
0.10063 0.0
0.10087 0.0
0.10112 0.0
0.10136 0.0
0.1016 0.0
0.10185 0.0
0.10209 0.0
0.10234 0.0
0.10258 0.0
0.10283 0.0
0.10307 0.0
0.10331 0.0
0.10356 0.0
0.1038 0.0
0.10405 0.0
0.10429 0.0
0.10453 0.0
0.10478 0.0
0.10502 0.0
0.10527 0.0
0.10551 0.0
0.10575 0.0
0.106 0.0
0.10624 0.0
0.10649 0.0
0.10673 0.0
0.10698 0.0
0.10722 0.0
0.10746 0.0
0.10771 0.0
0.10795 0.0
0.1082 0.0
0.10844 0.0
0.10868 0.0
0.10893 0.0
0.10917 0.0
0.10942 0.0
0.10966 0.0
0.10991 0.0
0.11015 0.0
0.11039 0.0
0.11064 0.0
0.11088 0.0
0.11113 0.0
0.11137 0.0
0.11161 0.0
0.11186 0.0
0.1121 0.0
0.11235 0.0
0.11259 0.0
0.11283 0.0
0.11308 0.0
0.11332 0.0
0.11357 0.0
0.11381 0.0
0.11406 0.0
0.1143 0.0
0.11454 0.0
0.11479 0.0
0.11503 0.0
0.11528 0.0
0.11552 0.0
0.11576 0.0
0.11601 0.0
0.11625 0.0
0.1165 0.0
0.11674 0.0
0.11699 0.0
0.11723 0.0
0.11747 0.0
0.11772 0.0
0.11796 0.0
0.11821 0.0
0.11845 0.0
0.11869 0.0
0.11894 0.0
0.11918 0.0
0.11943 0.0
0.11967 0.0
0.11992 0.0
0.12016 0.0
0.1204 0.0
0.12065 0.0
0.12089 0.0
0.12114 0.0
0.12138 0.0
0.12162 0.0
0.12187 0.0
0.12211 0.0
0.12236 0.0
0.1226 0.0
0.12284 0.0
0.12309 0.0
0.12333 0.0
0.12358 0.0
0.12382 0.0
0.12407 0.0
0.12431 0.0
0.12455 0.0
0.1248 0.0
0.12504 0.0
0.12529 0.0
0.12553 0.0
0.12577 0.0
0.12602 0.0
0.12626 0.0
0.12651 0.0
0.12675 0.0
0.127 0.0
0.12724 0.0
0.12748 0.0
0.12773 0.0
0.12797 0.0
0.12822 0.0
0.12846 0.0
0.1287 0.0
0.12895 0.0
0.12919 0.0
0.12944 0.0
0.12968 0.0
0.12992 0.0
0.13017 0.0
0.13041 0.0
0.13066 0.0
0.1309 0.0
0.13115 0.0
0.13139 0.0
0.13163 0.0
0.13188 0.0
0.13212 0.0
0.13237 0.0
0.13261 0.0
0.13285 0.0
0.1331 0.0
0.13334 0.0
0.13359 0.0
0.13383 0.0
0.13408 0.0
0.13432 0.0
0.13456 0.0
0.13481 0.0
0.13505 0.0
0.1353 0.0
0.13554 0.0
0.13578 0.0
0.13603 0.0
0.13627 0.0
0.13652 0.0
0.13676 0.0
0.137 0.0
0.13725 0.0
0.13749 0.0
0.13774 0.0
0.13798 0.0
0.13823 0.0
0.13847 0.0
0.13871 0.0
0.13896 0.0
0.1392 0.0
0.13945 0.0
0.13969 0.0
0.13993 0.0
0.14018 0.0
0.14042 0.0
0.14067 0.0
0.14091 0.0
0.14116 0.0
0.1414 0.0
0.14164 0.0
0.14189 0.0
0.14213 0.0
0.14238 0.0
0.14262 0.0
0.14286 0.0
0.14311 0.0
0.14335 0.0
0.1436 0.0
0.14384 0.0
0.14408 0.0
0.14433 0.0
0.14457 0.0
0.14482 0.0
0.14506 0.0
0.14531 0.0
0.14555 0.0
0.14579 0.0
0.14604 0.0
0.14628 0.0
0.14653 0.0
0.14677 0.0
0.14701 0.0
0.14726 0.0
0.1475 0.0
0.14775 0.0
0.14799 0.0
0.14824 0.0
0.14848 0.0
0.14872 0.0
0.14897 0.0
0.14921 0.0
0.14946 0.0
0.1497 0.0
0.14994 0.0
0.15019 0.0
0.15043 0.0
0.15068 0.0
0.15092 0.0
0.15117 0.0
0.15141 0.0
0.15165 0.0
0.1519 0.0
0.15214 0.0
0.15239 0.0
0.15263 0.0
0.15287 0.0
0.15312 0.0
0.15336 0.0
0.15361 0.0
0.15385 0.0
0.15409 0.0
0.15434 0.0
0.15458 0.0
0.15483 0.0
0.15507 0.0
0.15532 0.0
0.15556 0.0
0.1558 0.0
0.15605 0.0
0.15629 0.0
0.15654 0.0
0.15678 0.0
0.15702 0.0
0.15727 0.0
0.15751 0.0
0.15776 0.0
0.158 0.0
0.15825 0.0
0.15849 0.0
0.15873 0.0
0.15898 0.0
0.15922 0.0
0.15947 0.0
0.15971 0.0
0.15995 0.0
0.1602 0.0
0.16044 0.0
0.16069 0.0
0.16093 0.0
0.16117 0.0
0.16142 0.0
0.16166 0.0
0.16191 0.0
0.16215 0.0
0.1624 0.0
0.16264 0.0
