t strain*1e23
-1.21823 -3.8
-1.21798 -3.8
-1.21774 -3.8
-1.21749 -3.7
-1.21725 -3.7
-1.21701 -3.6
-1.21676 -3.6
-1.21652 -3.5
-1.21627 -3.4
-1.21603 -3.4
-1.21579 -3.3
-1.21554 -3.2
-1.2153 -3.1
-1.21505 -3.0
-1.21481 -2.9
-1.21457 -2.8
-1.21432 -2.7
-1.21408 -2.6
-1.21383 -2.5
-1.21359 -2.4
-1.21334 -2.3
-1.2131 -2.2
-1.21286 -2.0
-1.21261 -1.9
-1.21237 -1.8
-1.21212 -1.7
-1.21188 -1.5
-1.21164 -1.4
-1.21139 -1.2
-1.21115 -1.1
-1.2109 -1.0
-1.21066 -0.8
-1.21041 -0.7
-1.21017 -0.5
-1.20993 -0.4
-1.20968 -0.2
-1.20944 0.0
-1.20919 0.0
-1.20895 0.2
-1.20871 0.4
-1.20846 0.5
-1.20822 0.7
-1.20797 0.8
-1.20773 1.0
-1.20749 1.1
-1.20724 1.3
-1.207 1.4
-1.20675 1.5
-1.20651 1.7
-1.20626 1.8
-1.20602 1.9
-1.20578 2.1
-1.20553 2.2
-1.20529 2.3
-1.20504 2.4
-1.2048 2.5
-1.20456 2.7
-1.20431 2.8
-1.20407 2.9
-1.20382 3.0
-1.20358 3.1
-1.20333 3.2
-1.20309 3.2
-1.20285 3.3
-1.2026 3.4
-1.20236 3.5
-1.20211 3.5
-1.20187 3.6
-1.20163 3.6
-1.20138 3.7
-1.20114 3.7
-1.20089 3.8
-1.20065 3.8
-1.20041 3.8
-1.20016 3.9
-1.19992 3.9
-1.19967 3.9
-1.19943 3.9
-1.19918 3.9
-1.19894 3.9
-1.1987 3.9
-1.19845 3.9
-1.19821 3.8
-1.19796 3.8
-1.19772 3.8
-1.19748 3.7
-1.19723 3.7
-1.19699 3.6
-1.19674 3.6
-1.1965 3.5
-1.19625 3.4
-1.19601 3.4
-1.19577 3.3
-1.19552 3.2
-1.19528 3.1
-1.19503 3.0
-1.19479 2.9
-1.19455 2.8
-1.1943 2.7
-1.19406 2.6
-1.19381 2.5
-1.19357 2.4
-1.19333 2.2
-1.19308 2.1
-1.19284 2.0
-1.19259 1.9
-1.19235 1.7
-1.1921 1.6
-1.19186 1.5
-1.19162 1.3
-1.19137 1.2
-1.19113 1.0
-1.19088 0.9
-1.19064 0.7
-1.1904 0.6
-1.19015 0.4
-1.18991 0.3
-1.18966 0.1
-1.18942 0.0
-1.18917 -0.2
-1.18893 -0.3
-1.18869 -0.5
-1.18844 -0.6
-1.1882 -0.8
-1.18795 -0.9
-1.18771 -1.1
-1.18747 -1.2
-1.18722 -1.3
-1.18698 -1.5
-1.18673 -1.6
-1.18649 -1.8
-1.18624 -1.9
-1.186 -2.0
-1.18576 -2.2
-1.18551 -2.3
-1.18527 -2.4
-1.18502 -2.5
-1.18478 -2.6
-1.18454 -2.7
-1.18429 -2.8
-1.18405 -2.9
-1.1838 -3.0
-1.18356 -3.1
-1.18332 -3.2
-1.18307 -3.3
-1.18283 -3.4
-1.18258 -3.5
-1.18234 -3.5
-1.18209 -3.6
-1.18185 -3.6
-1.18161 -3.7
-1.18136 -3.7
-1.18112 -3.8
-1.18087 -3.8
-1.18063 -3.8
-1.18039 -3.9
-1.18014 -3.9
-1.1799 -3.9
-1.17965 -3.9
-1.17941 -3.9
-1.17916 -3.9
-1.17892 -3.9
-1.17868 -3.9
-1.17843 -3.8
-1.17819 -3.8
-1.17794 -3.8
-1.1777 -3.7
-1.17746 -3.7
-1.17721 -3.6
-1.17697 -3.6
-1.17672 -3.5
-1.17648 -3.5
-1.17624 -3.4
-1.17599 -3.3
-1.17575 -3.2
-1.1755 -3.1
-1.17526 -3.0
-1.17501 -2.9
-1.17477 -2.8
-1.17453 -2.7
-1.17428 -2.6
-1.17404 -2.5
-1.17379 -2.4
-1.17355 -2.3
-1.17331 -2.1
-1.17306 -2.0
-1.17282 -1.9
-1.17257 -1.7
-1.17233 -1.6
-1.17208 -1.5
-1.17184 -1.3
-1.1716 -1.2
-1.17135 -1.0
-1.17111 -0.9
-1.17086 -0.7
-1.17062 -0.6
-1.17038 -0.4
-1.17013 -0.3
-1.16989 -0.1
-1.16964 0.0
-1.1694 0.2
-1.16916 0.3
-1.16891 0.5
-1.16867 0.6
-1.16842 0.8
-1.16818 0.9
-1.16793 1.1
-1.16769 1.2
-1.16745 1.4
-1.1672 1.5
-1.16696 1.6
-1.16671 1.8
-1.16647 1.9
-1.16623 2.0
-1.16598 2.2
-1.16574 2.3
-1.16549 2.4
-1.16525 2.5
-1.165 2.7
-1.16476 2.8
-1.16452 2.9
-1.16427 3.0
-1.16403 3.1
-1.16378 3.2
-1.16354 3.3
-1.1633 3.3
-1.16305 3.4
-1.16281 3.5
-1.16256 3.6
-1.16232 3.6
-1.16208 3.7
-1.16183 3.7
-1.16159 3.8
-1.16134 3.8
-1.1611 3.8
-1.16085 3.9
-1.16061 3.9
-1.16037 3.9
-1.16012 3.9
-1.15988 3.9
-1.15963 3.9
-1.15939 3.9
-1.15915 3.9
-1.1589 3.9
-1.15866 3.9
-1.15841 3.8
-1.15817 3.8
-1.15792 3.7
-1.15768 3.7
-1.15744 3.6
-1.15719 3.6
-1.15695 3.5
-1.1567 3.4
-1.15646 3.4
-1.15622 3.3
-1.15597 3.2
-1.15573 3.1
-1.15548 3.0
-1.15524 2.9
-1.15499 2.8
-1.15475 2.7
-1.15451 2.6
-1.15426 2.5
-1.15402 2.3
-1.15377 2.2
-1.15353 2.1
-1.15329 2.0
-1.15304 1.8
-1.1528 1.7
-1.15255 1.6
-1.15231 1.4
-1.15207 1.3
-1.15182 1.1
-1.15158 1.0
-1.15133 0.8
-1.15109 0.7
-1.15084 0.5
-1.1506 0.4
-1.15036 0.2
-1.15011 0.0
-1.14987 0.0
-1.14962 -0.3
-1.14938 -0.4
-1.14914 -0.6
-1.14889 -0.7
-1.14865 -0.9
-1.1484 -1.0
-1.14816 -1.2
-1.14791 -1.3
-1.14767 -1.4
-1.14743 -1.6
-1.14718 -1.7
-1.14694 -1.9
-1.14669 -2.0
-1.14645 -2.1
-1.14621 -2.3
-1.14596 -2.4
-1.14572 -2.5
-1.14547 -2.6
-1.14523 -2.7
-1.14499 -2.8
-1.14474 -2.9
-1.1445 -3.0
-1.14425 -3.1
-1.14401 -3.2
-1.14376 -3.3
-1.14352 -3.4
-1.14328 -3.5
-1.14303 -3.5
-1.14279 -3.6
-1.14254 -3.7
-1.1423 -3.7
-1.14206 -3.8
-1.14181 -3.8
-1.14157 -3.8
-1.14132 -3.9
-1.14108 -3.9
-1.14083 -3.9
-1.14059 -3.9
-1.14035 -3.9
-1.1401 -3.9
-1.13986 -3.9
-1.13961 -3.9
-1.13937 -3.9
-1.13913 -3.9
-1.13888 -3.8
-1.13864 -3.8
-1.13839 -3.8
-1.13815 -3.7
-1.13791 -3.7
-1.13766 -3.6
-1.13742 -3.5
-1.13717 -3.5
-1.13693 -3.4
-1.13668 -3.3
-1.13644 -3.2
-1.1362 -3.1
-1.13595 -3.0
-1.13571 -2.9
-1.13546 -2.8
-1.13522 -2.7
-1.13498 -2.6
-1.13473 -2.5
-1.13449 -2.4
-1.13424 -2.2
-1.134 -2.1
-1.13375 -2.0
-1.13351 -1.8
-1.13327 -1.7
-1.13302 -1.6
-1.13278 -1.4
-1.13253 -1.3
-1.13229 -1.1
-1.13205 -1.0
-1.1318 -0.8
-1.13156 -0.7
-1.13131 -0.5
-1.13107 -0.4
-1.13083 -0.2
-1.13058 0.0
-1.13034 0.0
-1.13009 0.3
-1.12985 0.4
-1.1296 0.6
-1.12936 0.7
-1.12912 0.9
-1.12887 1.0
-1.12863 1.2
-1.12838 1.3
-1.12814 1.5
-1.1279 1.6
-1.12765 1.7
-1.12741 1.9
-1.12716 2.0
-1.12692 2.2
-1.12667 2.3
-1.12643 2.4
-1.12619 2.5
-1.12594 2.6
-1.1257 2.8
-1.12545 2.9
-1.12521 3.0
-1.12497 3.1
-1.12472 3.2
-1.12448 3.3
-1.12423 3.3
-1.12399 3.4
-1.12374 3.5
-1.1235 3.6
-1.12326 3.6
-1.12301 3.7
-1.12277 3.7
-1.12252 3.8
-1.12228 3.8
-1.12204 3.9
-1.12179 3.9
-1.12155 3.9
-1.1213 3.9
-1.12106 3.9
-1.12082 4.0
-1.12057 4.0
-1.12033 3.9
-1.12008 3.9
-1.11984 3.9
-1.11959 3.9
-1.11935 3.9
-1.11911 3.8
-1.11886 3.8
-1.11862 3.7
-1.11837 3.7
-1.11813 3.6
-1.11789 3.5
-1.11764 3.5
-1.1174 3.4
-1.11715 3.3
-1.11691 3.2
-1.11666 3.1
-1.11642 3.0
-1.11618 2.9
-1.11593 2.8
-1.11569 2.7
-1.11544 2.6
-1.1152 2.5
-1.11496 2.3
-1.11471 2.2
-1.11447 2.1
-1.11422 1.9
-1.11398 1.8
-1.11374 1.7
-1.11349 1.5
-1.11325 1.4
-1.113 1.2
-1.11276 1.1
-1.11251 0.9
-1.11227 0.8
-1.11203 0.6
-1.11178 0.5
-1.11154 0.3
-1.11129 0.1
-1.11105 0.0
-1.11081 -0.2
-1.11056 -0.3
-1.11032 -0.5
-1.11007 -0.6
-1.10983 -0.8
-1.10958 -1.0
-1.10934 -1.1
-1.1091 -1.3
-1.10885 -1.4
-1.10861 -1.5
-1.10836 -1.7
-1.10812 -1.8
-1.10788 -2.0
-1.10763 -2.1
-1.10739 -2.2
-1.10714 -2.4
-1.1069 -2.5
-1.10666 -2.6
-1.10641 -2.7
-1.10617 -2.8
-1.10592 -2.9
-1.10568 -3.1
-1.10543 -3.1
-1.10519 -3.2
-1.10495 -3.3
-1.1047 -3.4
-1.10446 -3.5
-1.10421 -3.6
-1.10397 -3.6
-1.10373 -3.7
-1.10348 -3.7
-1.10324 -3.8
-1.10299 -3.8
-1.10275 -3.9
-1.1025 -3.9
-1.10226 -3.9
-1.10202 -4.0
-1.10177 -4.0
-1.10153 -4.0
-1.10128 -4.0
-1.10104 -4.0
-1.1008 -4.0
-1.10055 -3.9
-1.10031 -3.9
-1.10006 -3.9
-1.09982 -3.8
-1.09958 -3.8
-1.09933 -3.7
-1.09909 -3.7
-1.09884 -3.6
-1.0986 -3.6
-1.09835 -3.5
-1.09811 -3.4
-1.09787 -3.3
-1.09762 -3.2
-1.09738 -3.1
-1.09713 -3.0
-1.09689 -2.9
-1.09665 -2.8
-1.0964 -2.7
-1.09616 -2.6
-1.09591 -2.5
-1.09567 -2.4
-1.09542 -2.2
-1.09518 -2.1
-1.09494 -2.0
-1.09469 -1.8
-1.09445 -1.7
-1.0942 -1.5
-1.09396 -1.4
-1.09372 -1.2
-1.09347 -1.1
-1.09323 -0.9
-1.09298 -0.8
-1.09274 -0.6
-1.09249 -0.5
-1.09225 -0.3
-1.09201 -0.1
-1.09176 0.0
-1.09152 0.2
-1.09127 0.3
-1.09103 0.5
-1.09079 0.6
-1.09054 0.8
-1.0903 1.0
-1.09005 1.1
-1.08981 1.3
-1.08957 1.4
-1.08932 1.6
-1.08908 1.7
-1.08883 1.8
-1.08859 2.0
-1.08834 2.1
-1.0881 2.3
-1.08786 2.4
-1.08761 2.5
-1.08737 2.6
-1.08712 2.7
-1.08688 2.9
-1.08664 3.0
-1.08639 3.1
-1.08615 3.2
-1.0859 3.3
-1.08566 3.4
-1.08541 3.4
-1.08517 3.5
-1.08493 3.6
-1.08468 3.7
-1.08444 3.7
-1.08419 3.8
-1.08395 3.8
-1.08371 3.9
-1.08346 3.9
-1.08322 3.9
-1.08297 4.0
-1.08273 4.0
-1.08249 4.0
-1.08224 4.0
-1.082 4.0
-1.08175 4.0
-1.08151 4.0
-1.08126 3.9
-1.08102 3.9
-1.08078 3.9
-1.08053 3.8
-1.08029 3.8
-1.08004 3.7
-1.0798 3.7
-1.07956 3.6
-1.07931 3.6
-1.07907 3.5
-1.07882 3.4
-1.07858 3.3
-1.07833 3.2
-1.07809 3.1
-1.07785 3.0
-1.0776 2.9
-1.07736 2.8
-1.07711 2.7
-1.07687 2.6
-1.07663 2.4
-1.07638 2.3
-1.07614 2.2
-1.07589 2.0
-1.07565 1.9
-1.07541 1.8
-1.07516 1.6
-1.07492 1.5
-1.07467 1.3
-1.07443 1.2
-1.07418 1.0
-1.07394 0.9
-1.0737 0.7
-1.07345 0.6
-1.07321 0.4
-1.07296 0.2
-1.07272 0.0
-1.07248 0.0
-1.07223 -0.2
-1.07199 -0.4
-1.07174 -0.6
-1.0715 -0.7
-1.07125 -0.9
-1.07101 -1.0
-1.07077 -1.2
-1.07052 -1.3
-1.07028 -1.5
-1.07003 -1.6
-1.06979 -1.8
-1.06955 -1.9
-1.0693 -2.1
-1.06906 -2.2
-1.06881 -2.3
-1.06857 -2.5
-1.06833 -2.6
-1.06808 -2.7
-1.06784 -2.8
-1.06759 -2.9
-1.06735 -3.0
-1.0671 -3.1
-1.06686 -3.2
-1.06662 -3.3
-1.06637 -3.4
-1.06613 -3.5
-1.06588 -3.6
-1.06564 -3.6
-1.0654 -3.7
-1.06515 -3.8
-1.06491 -3.8
-1.06466 -3.9
-1.06442 -3.9
-1.06417 -3.9
-1.06393 -4.0
-1.06369 -4.0
-1.06344 -4.0
-1.0632 -4.0
-1.06295 -4.0
-1.06271 -4.0
-1.06247 -4.0
-1.06222 -4.0
-1.06198 -3.9
-1.06173 -3.9
-1.06149 -3.9
-1.06124 -3.8
-1.061 -3.8
-1.06076 -3.7
-1.06051 -3.7
-1.06027 -3.6
-1.06002 -3.5
-1.05978 -3.4
-1.05954 -3.3
-1.05929 -3.3
-1.05905 -3.2
-1.0588 -3.1
-1.05856 -2.9
-1.05832 -2.8
-1.05807 -2.7
-1.05783 -2.6
-1.05758 -2.5
-1.05734 -2.3
-1.05709 -2.2
-1.05685 -2.1
-1.05661 -1.9
-1.05636 -1.8
-1.05612 -1.6
-1.05587 -1.5
-1.05563 -1.3
-1.05539 -1.2
-1.05514 -1.0
-1.0549 -0.9
-1.05465 -0.7
-1.05441 -0.6
-1.05416 -0.4
-1.05392 -0.2
-1.05368 0.0
-1.05343 0.0
-1.05319 0.2
-1.05294 0.4
-1.0527 0.6
-1.05246 0.7
-1.05221 0.9
-1.05197 1.0
-1.05172 1.2
-1.05148 1.4
-1.05124 1.5
-1.05099 1.7
-1.05075 1.8
-1.0505 1.9
-1.05026 2.1
-1.05001 2.2
-1.04977 2.4
-1.04953 2.5
-1.04928 2.6
-1.04904 2.7
-1.04879 2.8
-1.04855 3.0
-1.04831 3.1
-1.04806 3.2
-1.04782 3.3
-1.04757 3.4
-1.04733 3.4
-1.04708 3.5
-1.04684 3.6
-1.0466 3.7
-1.04635 3.7
-1.04611 3.8
-1.04586 3.8
-1.04562 3.9
-1.04538 3.9
-1.04513 4.0
-1.04489 4.0
-1.04464 4.0
-1.0444 4.0
-1.04416 4.0
-1.04391 4.0
-1.04367 4.0
-1.04342 4.0
-1.04318 4.0
-1.04293 3.9
-1.04269 3.9
-1.04245 3.9
-1.0422 3.8
-1.04196 3.8
-1.04171 3.7
-1.04147 3.7
-1.04123 3.6
-1.04098 3.5
-1.04074 3.4
-1.04049 3.3
-1.04025 3.2
-1.04 3.1
-1.03976 3.0
-1.03952 2.9
-1.03927 2.8
-1.03903 2.7
-1.03878 2.6
-1.03854 2.4
-1.0383 2.3
-1.03805 2.2
-1.03781 2.0
-1.03756 1.9
-1.03732 1.7
-1.03708 1.6
-1.03683 1.4
-1.03659 1.3
-1.03634 1.1
-1.0361 1.0
-1.03585 0.8
-1.03561 0.7
-1.03537 0.5
-1.03512 0.3
-1.03488 0.2
-1.03463 0.0
-1.03439 -0.2
-1.03415 -0.3
-1.0339 -0.5
-1.03366 -0.6
-1.03341 -0.8
-1.03317 -1.0
-1.03292 -1.1
-1.03268 -1.3
-1.03244 -1.4
-1.03219 -1.6
-1.03195 -1.7
-1.0317 -1.9
-1.03146 -2.0
-1.03122 -2.2
-1.03097 -2.3
-1.03073 -2.4
-1.03048 -2.6
-1.03024 -2.7
-1.02999 -2.8
-1.02975 -2.9
-1.02951 -3.0
-1.02926 -3.1
-1.02902 -3.2
-1.02877 -3.3
-1.02853 -3.4
-1.02829 -3.5
-1.02804 -3.6
-1.0278 -3.7
-1.02755 -3.7
-1.02731 -3.8
-1.02707 -3.8
-1.02682 -3.9
-1.02658 -3.9
-1.02633 -4.0
-1.02609 -4.0
-1.02584 -4.0
-1.0256 -4.0
-1.02536 -4.0
-1.02511 -4.0
-1.02487 -4.0
-1.02462 -4.0
-1.02438 -4.0
-1.02414 -4.0
-1.02389 -3.9
-1.02365 -3.9
-1.0234 -3.9
-1.02316 -3.8
-1.02291 -3.7
-1.02267 -3.7
-1.02243 -3.6
-1.02218 -3.5
-1.02194 -3.5
-1.02169 -3.4
-1.02145 -3.3
-1.02121 -3.2
-1.02096 -3.1
-1.02072 -3.0
-1.02047 -2.8
-1.02023 -2.7
-1.01999 -2.6
-1.01974 -2.5
-1.0195 -2.3
-1.01925 -2.2
-1.01901 -2.1
-1.01876 -1.9
-1.01852 -1.8
-1.01828 -1.6
-1.01803 -1.5
-1.01779 -1.3
-1.01754 -1.2
-1.0173 -1.0
-1.01706 -0.8
-1.01681 -0.7
-1.01657 -0.5
-1.01632 -0.3
-1.01608 -0.2
-1.01583 0.0
-1.01559 0.2
-1.01535 0.3
-1.0151 0.5
-1.01486 0.6
-1.01461 0.8
-1.01437 1.0
-1.01413 1.1
-1.01388 1.3
-1.01364 1.4
-1.01339 1.6
-1.01315 1.8
-1.01291 1.9
-1.01266 2.0
-1.01242 2.2
-1.01217 2.3
-1.01193 2.5
-1.01168 2.6
-1.01144 2.7
-1.0112 2.8
-1.01095 3.0
-1.01071 3.1
-1.01046 3.2
-1.01022 3.3
-1.00998 3.4
-1.00973 3.5
-1.00949 3.5
-1.00924 3.6
-1.009 3.7
-1.00875 3.8
-1.00851 3.8
-1.00827 3.9
-1.00802 3.9
-1.00778 4.0
-1.00753 4.0
-1.00729 4.0
-1.00705 4.0
-1.0068 4.0
-1.00656 4.1
-1.00631 4.1
-1.00607 4.0
-1.00583 4.0
-1.00558 4.0
-1.00534 4.0
-1.00509 3.9
-1.00485 3.9
-1.0046 3.9
-1.00436 3.8
-1.00412 3.7
-1.00387 3.7
-1.00363 3.6
-1.00338 3.5
-1.00314 3.4
-1.0029 3.3
-1.00265 3.3
-1.00241 3.1
-1.00216 3.0
-1.00192 2.9
-1.00167 2.8
-1.00143 2.7
-1.00119 2.6
-1.00094 2.4
-1.0007 2.3
-1.00045 2.2
-1.00021 2.0
-0.99997 1.9
-0.99972 1.7
-0.99948 1.6
-0.99923 1.4
-0.99899 1.2
-0.99874 1.1
-0.9985 0.9
-0.99826 0.8
-0.99801 0.6
-0.99777 0.4
-0.99752 0.3
-0.99728 0.1
-0.99704 0.0
-0.99679 -0.2
-0.99655 -0.4
-0.9963 -0.6
-0.99606 -0.7
-0.99582 -0.9
-0.99557 -1.1
-0.99533 -1.2
-0.99508 -1.4
-0.99484 -1.5
-0.99459 -1.7
-0.99435 -1.8
-0.99411 -2.0
-0.99386 -2.1
-0.99362 -2.3
-0.99337 -2.4
-0.99313 -2.5
-0.99289 -2.7
-0.99264 -2.8
-0.9924 -2.9
-0.99215 -3.0
-0.99191 -3.1
-0.99166 -3.2
-0.99142 -3.3
-0.99118 -3.4
-0.99093 -3.5
-0.99069 -3.6
-0.99044 -3.7
-0.9902 -3.7
-0.98996 -3.8
-0.98971 -3.9
-0.98947 -3.9
-0.98922 -4.0
-0.98898 -4.0
-0.98874 -4.0
-0.98849 -4.0
-0.98825 -4.1
-0.988 -4.1
-0.98776 -4.1
-0.98751 -4.1
-0.98727 -4.1
-0.98703 -4.0
-0.98678 -4.0
-0.98654 -4.0
-0.98629 -3.9
-0.98605 -3.9
-0.98581 -3.8
-0.98556 -3.8
-0.98532 -3.7
-0.98507 -3.6
-0.98483 -3.6
-0.98458 -3.5
-0.98434 -3.4
-0.9841 -3.3
-0.98385 -3.2
-0.98361 -3.1
-0.98336 -3.0
-0.98312 -2.8
-0.98288 -2.7
-0.98263 -2.6
-0.98239 -2.5
-0.98214 -2.3
-0.9819 -2.2
-0.98166 -2.0
-0.98141 -1.9
-0.98117 -1.7
-0.98092 -1.6
-0.98068 -1.4
-0.98043 -1.3
-0.98019 -1.1
-0.97995 -0.9
-0.9797 -0.8
-0.97946 -0.6
-0.97921 -0.4
-0.97897 -0.3
-0.97873 -0.1
-0.97848 0.0
-0.97824 0.2
-0.97799 0.4
-0.97775 0.6
-0.9775 0.7
-0.97726 0.9
-0.97702 1.1
-0.97677 1.2
-0.97653 1.4
-0.97628 1.5
-0.97604 1.7
-0.9758 1.9
-0.97555 2.0
-0.97531 2.1
-0.97506 2.3
-0.97482 2.4
-0.97458 2.6
-0.97433 2.7
-0.97409 2.8
-0.97384 2.9
-0.9736 3.1
-0.97335 3.2
-0.97311 3.3
-0.97287 3.4
-0.97262 3.5
-0.97238 3.5
-0.97213 3.6
-0.97189 3.7
-0.97165 3.8
-0.9714 3.8
-0.97116 3.9
-0.97091 3.9
-0.97067 4.0
-0.97042 4.0
-0.97018 4.0
-0.96994 4.1
-0.96969 4.1
-0.96945 4.1
-0.9692 4.1
-0.96896 4.1
-0.96872 4.1
-0.96847 4.0
-0.96823 4.0
-0.96798 4.0
-0.96774 3.9
-0.96749 3.9
-0.96725 3.8
-0.96701 3.8
-0.96676 3.7
-0.96652 3.6
-0.96627 3.5
-0.96603 3.5
-0.96579 3.4
-0.96554 3.3
-0.9653 3.2
-0.96505 3.0
-0.96481 2.9
-0.96457 2.8
-0.96432 2.7
-0.96408 2.6
-0.96383 2.4
-0.96359 2.3
-0.96334 2.1
-0.9631 2.0
-0.96286 1.8
-0.96261 1.7
-0.96237 1.5
-0.96212 1.4
-0.96188 1.2
-0.96164 1.0
-0.96139 0.9
-0.96115 0.7
-0.9609 0.5
-0.96066 0.4
-0.96041 0.2
-0.96017 0.0
-0.95993 -0.1
-0.95968 -0.3
-0.95944 -0.5
-0.95919 -0.7
-0.95895 -0.8
-0.95871 -1.0
-0.95846 -1.2
-0.95822 -1.3
-0.95797 -1.5
-0.95773 -1.6
-0.95749 -1.8
-0.95724 -1.9
-0.957 -2.1
-0.95675 -2.2
-0.95651 -2.4
-0.95626 -2.5
-0.95602 -2.7
-0.95578 -2.8
-0.95553 -2.9
-0.95529 -3.0
-0.95504 -3.1
-0.9548 -3.2
-0.95456 -3.3
-0.95431 -3.4
-0.95407 -3.5
-0.95382 -3.6
-0.95358 -3.7
-0.95333 -3.8
-0.95309 -3.8
-0.95285 -3.9
-0.9526 -3.9
-0.95236 -4.0
-0.95211 -4.0
-0.95187 -4.1
-0.95163 -4.1
-0.95138 -4.1
-0.95114 -4.1
-0.95089 -4.1
-0.95065 -4.1
-0.95041 -4.1
-0.95016 -4.1
-0.94992 -4.0
-0.94967 -4.0
-0.94943 -4.0
-0.94918 -3.9
-0.94894 -3.9
-0.9487 -3.8
-0.94845 -3.7
-0.94821 -3.7
-0.94796 -3.6
-0.94772 -3.5
-0.94748 -3.4
-0.94723 -3.3
-0.94699 -3.2
-0.94674 -3.1
-0.9465 -3.0
-0.94625 -2.8
-0.94601 -2.7
-0.94577 -2.6
-0.94552 -2.4
-0.94528 -2.3
-0.94503 -2.2
-0.94479 -2.0
-0.94455 -1.9
-0.9443 -1.7
-0.94406 -1.5
-0.94381 -1.4
-0.94357 -1.2
-0.94333 -1.1
-0.94308 -0.9
-0.94284 -0.7
-0.94259 -0.5
-0.94235 -0.4
-0.9421 -0.2
-0.94186 0.0
-0.94162 0.1
-0.94137 0.3
-0.94113 0.5
-0.94088 0.7
-0.94064 0.8
-0.9404 1.0
-0.94015 1.2
-0.93991 1.3
-0.93966 1.5
-0.93942 1.7
-0.93917 1.8
-0.93893 2.0
-0.93869 2.1
-0.93844 2.3
-0.9382 2.4
-0.93795 2.5
-0.93771 2.7
-0.93747 2.8
-0.93722 2.9
-0.93698 3.1
-0.93673 3.2
-0.93649 3.3
-0.93624 3.4
-0.936 3.5
-0.93576 3.6
-0.93551 3.6
-0.93527 3.7
-0.93502 3.8
-0.93478 3.9
-0.93454 3.9
-0.93429 4.0
-0.93405 4.0
-0.9338 4.1
-0.93356 4.1
-0.93332 4.1
-0.93307 4.1
-0.93283 4.1
-0.93258 4.1
-0.93234 4.1
-0.93209 4.1
-0.93185 4.1
-0.93161 4.1
-0.93136 4.0
-0.93112 4.0
-0.93087 3.9
-0.93063 3.9
-0.93039 3.8
-0.93014 3.7
-0.9299 3.7
-0.92965 3.6
-0.92941 3.5
-0.92916 3.4
-0.92892 3.3
-0.92868 3.2
-0.92843 3.1
-0.92819 2.9
-0.92794 2.8
-0.9277 2.7
-0.92746 2.5
-0.92721 2.4
-0.92697 2.3
-0.92672 2.1
-0.92648 2.0
-0.92624 1.8
-0.92599 1.6
-0.92575 1.5
-0.9255 1.3
-0.92526 1.2
-0.92501 1.0
-0.92477 0.8
-0.92453 0.6
-0.92428 0.5
-0.92404 0.3
-0.92379 0.1
-0.92355 0.0
-0.92331 -0.2
-0.92306 -0.4
-0.92282 -0.6
-0.92257 -0.8
-0.92233 -0.9
-0.92208 -1.1
-0.92184 -1.3
-0.9216 -1.4
-0.92135 -1.6
-0.92111 -1.8
-0.92086 -1.9
-0.92062 -2.1
-0.92038 -2.2
-0.92013 -2.4
-0.91989 -2.5
-0.91964 -2.6
-0.9194 -2.8
-0.91916 -2.9
-0.91891 -3.0
-0.91867 -3.1
-0.91842 -3.3
-0.91818 -3.4
-0.91793 -3.5
-0.91769 -3.6
-0.91745 -3.6
-0.9172 -3.7
-0.91696 -3.8
-0.91671 -3.9
-0.91647 -3.9
-0.91623 -4.0
-0.91598 -4.0
-0.91574 -4.1
-0.91549 -4.1
-0.91525 -4.1
-0.915 -4.1
-0.91476 -4.1
-0.91452 -4.1
-0.91427 -4.1
-0.91403 -4.1
-0.91378 -4.1
-0.91354 -4.1
-0.9133 -4.0
-0.91305 -4.0
-0.91281 -3.9
-0.91256 -3.9
-0.91232 -3.8
-0.91208 -3.8
-0.91183 -3.7
-0.91159 -3.6
-0.91134 -3.5
-0.9111 -3.4
-0.91085 -3.3
-0.91061 -3.2
-0.91037 -3.1
-0.91012 -3.0
-0.90988 -2.8
-0.90963 -2.7
-0.90939 -2.6
-0.90915 -2.4
-0.9089 -2.3
-0.90866 -2.1
-0.90841 -2.0
-0.90817 -1.8
-0.90792 -1.7
-0.90768 -1.5
-0.90744 -1.3
-0.90719 -1.2
-0.90695 -1.0
-0.9067 -0.8
-0.90646 -0.6
-0.90622 -0.5
-0.90597 -0.3
-0.90573 -0.1
-0.90548 0.0
-0.90524 0.2
-0.90499 0.4
-0.90475 0.6
-0.90451 0.8
-0.90426 0.9
-0.90402 1.1
-0.90377 1.3
-0.90353 1.4
-0.90329 1.6
-0.90304 1.8
-0.9028 1.9
-0.90255 2.1
-0.90231 2.2
-0.90207 2.4
-0.90182 2.5
-0.90158 2.7
-0.90133 2.8
-0.90109 2.9
-0.90084 3.1
-0.9006 3.2
-0.90036 3.3
-0.90011 3.4
-0.89987 3.5
-0.89962 3.6
-0.89938 3.7
-0.89914 3.8
-0.89889 3.8
-0.89865 3.9
-0.8984 4.0
-0.89816 4.0
-0.89791 4.0
-0.89767 4.1
-0.89743 4.1
-0.89718 4.1
-0.89694 4.2
-0.89669 4.2
-0.89645 4.2
-0.89621 4.2
-0.89596 4.1
-0.89572 4.1
-0.89547 4.1
-0.89523 4.0
-0.89499 4.0
-0.89474 4.0
-0.8945 3.9
-0.89425 3.8
-0.89401 3.7
-0.89376 3.7
-0.89352 3.6
-0.89328 3.5
-0.89303 3.4
-0.89279 3.3
-0.89254 3.2
-0.8923 3.0
-0.89206 2.9
-0.89181 2.8
-0.89157 2.7
-0.89132 2.5
-0.89108 2.4
-0.89083 2.2
-0.89059 2.1
-0.89035 1.9
-0.8901 1.8
-0.88986 1.6
-0.88961 1.4
-0.88937 1.3
-0.88913 1.1
-0.88888 0.9
-0.88864 0.7
-0.88839 0.6
-0.88815 0.4
-0.88791 0.2
-0.88766 0.0
-0.88742 -0.2
-0.88717 -0.3
-0.88693 -0.5
-0.88668 -0.7
-0.88644 -0.9
-0.8862 -1.0
-0.88595 -1.2
-0.88571 -1.4
-0.88546 -1.5
-0.88522 -1.7
-0.88498 -1.9
-0.88473 -2.0
-0.88449 -2.2
-0.88424 -2.3
-0.884 -2.5
-0.88375 -2.6
-0.88351 -2.8
-0.88327 -2.9
-0.88302 -3.0
-0.88278 -3.1
-0.88253 -3.3
-0.88229 -3.4
-0.88205 -3.5
-0.8818 -3.6
-0.88156 -3.7
-0.88131 -3.7
-0.88107 -3.8
-0.88083 -3.9
-0.88058 -4.0
-0.88034 -4.0
-0.88009 -4.1
-0.87985 -4.1
-0.8796 -4.1
-0.87936 -4.2
-0.87912 -4.2
-0.87887 -4.2
-0.87863 -4.2
-0.87838 -4.2
-0.87814 -4.2
-0.8779 -4.1
-0.87765 -4.1
-0.87741 -4.1
-0.87716 -4.0
-0.87692 -4.0
-0.87667 -3.9
-0.87643 -3.9
-0.87619 -3.8
-0.87594 -3.7
-0.8757 -3.6
-0.87545 -3.5
-0.87521 -3.4
-0.87497 -3.3
-0.87472 -3.2
-0.87448 -3.1
-0.87423 -2.9
-0.87399 -2.8
-0.87374 -2.7
-0.8735 -2.5
-0.87326 -2.4
-0.87301 -2.2
-0.87277 -2.1
-0.87252 -1.9
-0.87228 -1.8
-0.87204 -1.6
-0.87179 -1.4
-0.87155 -1.3
-0.8713 -1.1
-0.87106 -0.9
-0.87082 -0.7
-0.87057 -0.6
-0.87033 -0.4
-0.87008 -0.2
-0.86984 0.0
-0.86959 0.2
-0.86935 0.3
-0.86911 0.5
-0.86886 0.7
-0.86862 0.9
-0.86837 1.1
-0.86813 1.2
-0.86789 1.4
-0.86764 1.6
-0.8674 1.7
-0.86715 1.9
-0.86691 2.1
-0.86666 2.2
-0.86642 2.4
-0.86618 2.5
-0.86593 2.7
-0.86569 2.8
-0.86544 2.9
-0.8652 3.1
-0.86496 3.2
-0.86471 3.3
-0.86447 3.4
-0.86422 3.5
-0.86398 3.6
-0.86374 3.7
-0.86349 3.8
-0.86325 3.9
-0.863 3.9
-0.86276 4.0
-0.86251 4.0
-0.86227 4.1
-0.86203 4.1
-0.86178 4.2
-0.86154 4.2
-0.86129 4.2
-0.86105 4.2
-0.86081 4.2
-0.86056 4.2
-0.86032 4.2
-0.86007 4.2
-0.85983 4.1
-0.85958 4.1
-0.85934 4.0
-0.8591 4.0
-0.85885 3.9
-0.85861 3.8
-0.85836 3.8
-0.85812 3.7
-0.85788 3.6
-0.85763 3.5
-0.85739 3.4
-0.85714 3.3
-0.8569 3.2
-0.85666 3.0
-0.85641 2.9
-0.85617 2.8
-0.85592 2.6
-0.85568 2.5
-0.85543 2.3
-0.85519 2.2
-0.85495 2.0
-0.8547 1.9
-0.85446 1.7
-0.85421 1.5
-0.85397 1.4
-0.85373 1.2
-0.85348 1.0
-0.85324 0.8
-0.85299 0.6
-0.85275 0.5
-0.8525 0.3
-0.85226 0.0
-0.85202 0.0
-0.85177 -0.3
-0.85153 -0.5
-0.85128 -0.6
-0.85104 -0.8
-0.8508 -1.0
-0.85055 -1.2
-0.85031 -1.3
-0.85006 -1.5
-0.84982 -1.7
-0.84958 -1.9
-0.84933 -2.0
-0.84909 -2.2
-0.84884 -2.3
-0.8486 -2.5
-0.84835 -2.6
-0.84811 -2.8
-0.84787 -2.9
-0.84762 -3.0
-0.84738 -3.2
-0.84713 -3.3
-0.84689 -3.4
-0.84665 -3.5
-0.8464 -3.6
-0.84616 -3.7
-0.84591 -3.8
-0.84567 -3.9
-0.84542 -3.9
-0.84518 -4.0
-0.84494 -4.0
-0.84469 -4.1
-0.84445 -4.1
-0.8442 -4.2
-0.84396 -4.2
-0.84372 -4.2
-0.84347 -4.2
-0.84323 -4.2
-0.84298 -4.2
-0.84274 -4.2
-0.84249 -4.2
-0.84225 -4.1
-0.84201 -4.1
-0.84176 -4.1
-0.84152 -4.0
-0.84127 -3.9
-0.84103 -3.9
-0.84079 -3.8
-0.84054 -3.7
-0.8403 -3.6
-0.84005 -3.5
-0.83981 -3.4
-0.83957 -3.3
-0.83932 -3.2
-0.83908 -3.1
-0.83883 -2.9
-0.83859 -2.8
-0.83834 -2.6
-0.8381 -2.5
-0.83786 -2.3
-0.83761 -2.2
-0.83737 -2.0
-0.83712 -1.9
-0.83688 -1.7
-0.83664 -1.5
-0.83639 -1.4
-0.83615 -1.2
-0.8359 -1.0
-0.83566 -0.8
-0.83541 -0.6
-0.83517 -0.4
-0.83493 -0.3
-0.83468 0.0
-0.83444 0.1
-0.83419 0.3
-0.83395 0.5
-0.83371 0.7
-0.83346 0.8
-0.83322 1.0
-0.83297 1.2
-0.83273 1.4
-0.83249 1.6
-0.83224 1.7
-0.832 1.9
-0.83175 2.1
-0.83151 2.2
-0.83126 2.4
-0.83102 2.5
-0.83078 2.7
-0.83053 2.8
-0.83029 3.0
-0.83004 3.1
-0.8298 3.2
-0.82956 3.3
-0.82931 3.4
-0.82907 3.5
-0.82882 3.6
-0.82858 3.7
-0.82833 3.8
-0.82809 3.9
-0.82785 4.0
-0.8276 4.0
-0.82736 4.1
-0.82711 4.1
-0.82687 4.2
-0.82663 4.2
-0.82638 4.2
-0.82614 4.2
-0.82589 4.2
-0.82565 4.2
-0.82541 4.2
-0.82516 4.2
-0.82492 4.2
-0.82467 4.1
-0.82443 4.1
-0.82418 4.1
-0.82394 4.0
-0.8237 3.9
-0.82345 3.9
-0.82321 3.8
-0.82296 3.7
-0.82272 3.6
-0.82248 3.5
-0.82223 3.4
-0.82199 3.3
-0.82174 3.1
-0.8215 3.0
-0.82125 2.9
-0.82101 2.7
-0.82077 2.6
-0.82052 2.4
-0.82028 2.3
-0.82003 2.1
-0.81979 1.9
-0.81955 1.8
-0.8193 1.6
-0.81906 1.4
-0.81881 1.3
-0.81857 1.1
-0.81833 0.9
-0.81808 0.7
-0.81784 0.5
-0.81759 0.3
-0.81735 0.1
-0.8171 0.0
-0.81686 -0.2
-0.81662 -0.4
-0.81637 -0.6
-0.81613 -0.8
-0.81588 -1.0
-0.81564 -1.2
-0.8154 -1.3
-0.81515 -1.5
-0.81491 -1.7
-0.81466 -1.9
-0.81442 -2.0
-0.81417 -2.2
-0.81393 -2.3
-0.81369 -2.5
-0.81344 -2.7
-0.8132 -2.8
-0.81295 -2.9
-0.81271 -3.1
-0.81247 -3.2
-0.81222 -3.3
-0.81198 -3.4
-0.81173 -3.5
-0.81149 -3.6
-0.81124 -3.7
-0.811 -3.8
-0.81076 -3.9
-0.81051 -4.0
-0.81027 -4.0
-0.81002 -4.1
-0.80978 -4.1
-0.80954 -4.2
-0.80929 -4.2
-0.80905 -4.2
-0.8088 -4.3
-0.80856 -4.3
-0.80832 -4.3
-0.80807 -4.3
-0.80783 -4.2
-0.80758 -4.2
-0.80734 -4.2
-0.80709 -4.1
-0.80685 -4.1
-0.80661 -4.0
-0.80636 -3.9
-0.80612 -3.9
-0.80587 -3.8
-0.80563 -3.7
-0.80539 -3.6
-0.80514 -3.5
-0.8049 -3.4
-0.80465 -3.3
-0.80441 -3.1
-0.80416 -3.0
-0.80392 -2.9
-0.80368 -2.7
-0.80343 -2.6
-0.80319 -2.4
-0.80294 -2.3
-0.8027 -2.1
-0.80246 -1.9
-0.80221 -1.8
-0.80197 -1.6
-0.80172 -1.4
-0.80148 -1.2
-0.80124 -1.1
-0.80099 -0.9
-0.80075 -0.7
-0.8005 -0.5
-0.80026 -0.3
-0.80001 -0.1
-0.79977 0.0
-0.79953 0.3
-0.79928 0.4
-0.79904 0.6
-0.79879 0.8
-0.79855 1.0
-0.79831 1.2
-0.79806 1.4
-0.79782 1.6
-0.79757 1.7
-0.79733 1.9
-0.79708 2.1
-0.79684 2.2
-0.7966 2.4
-0.79635 2.6
-0.79611 2.7
-0.79586 2.9
-0.79562 3.0
-0.79538 3.1
-0.79513 3.3
-0.79489 3.4
-0.79464 3.5
-0.7944 3.6
-0.79416 3.7
-0.79391 3.8
-0.79367 3.9
-0.79342 4.0
-0.79318 4.0
-0.79293 4.1
-0.79269 4.1
-0.79245 4.2
-0.7922 4.2
-0.79196 4.2
-0.79171 4.3
-0.79147 4.3
-0.79123 4.3
-0.79098 4.3
-0.79074 4.3
-0.79049 4.2
-0.79025 4.2
-0.79 4.2
-0.78976 4.1
-0.78952 4.1
-0.78927 4.0
-0.78903 3.9
-0.78878 3.9
-0.78854 3.8
-0.7883 3.7
-0.78805 3.6
-0.78781 3.5
-0.78756 3.3
-0.78732 3.2
-0.78708 3.1
-0.78683 3.0
-0.78659 2.8
-0.78634 2.7
-0.7861 2.5
-0.78585 2.4
-0.78561 2.2
-0.78537 2.0
-0.78512 1.8
-0.78488 1.7
-0.78463 1.5
-0.78439 1.3
-0.78415 1.1
-0.7839 0.9
-0.78366 0.8
-0.78341 0.6
-0.78317 0.4
-0.78292 0.2
-0.78268 0.0
-0.78244 -0.2
-0.78219 -0.4
-0.78195 -0.6
-0.7817 -0.8
-0.78146 -1.0
-0.78122 -1.2
-0.78097 -1.3
-0.78073 -1.5
-0.78048 -1.7
-0.78024 -1.9
-0.77999 -2.0
-0.77975 -2.2
-0.77951 -2.4
-0.77926 -2.5
-0.77902 -2.7
-0.77877 -2.8
-0.77853 -3.0
-0.77829 -3.1
-0.77804 -3.2
-0.7778 -3.4
-0.77755 -3.5
-0.77731 -3.6
-0.77707 -3.7
-0.77682 -3.8
-0.77658 -3.9
-0.77633 -4.0
-0.77609 -4.0
-0.77584 -4.1
-0.7756 -4.2
-0.77536 -4.2
-0.77511 -4.2
-0.77487 -4.3
-0.77462 -4.3
-0.77438 -4.3
-0.77414 -4.3
-0.77389 -4.3
-0.77365 -4.3
-0.7734 -4.3
-0.77316 -4.2
-0.77291 -4.2
-0.77267 -4.1
-0.77243 -4.1
-0.77218 -4.0
-0.77194 -3.9
-0.77169 -3.9
-0.77145 -3.8
-0.77121 -3.7
-0.77096 -3.6
-0.77072 -3.5
-0.77047 -3.3
-0.77023 -3.2
-0.76999 -3.1
-0.76974 -3.0
-0.7695 -2.8
-0.76925 -2.7
-0.76901 -2.5
-0.76876 -2.3
-0.76852 -2.2
-0.76828 -2.0
-0.76803 -1.8
-0.76779 -1.7
-0.76754 -1.5
-0.7673 -1.3
-0.76706 -1.1
-0.76681 -0.9
-0.76657 -0.7
-0.76632 -0.5
-0.76608 -0.3
-0.76583 -0.1
-0.76559 0.0
-0.76535 0.3
-0.7651 0.4
-0.76486 0.6
-0.76461 0.8
-0.76437 1.0
-0.76413 1.2
-0.76388 1.4
-0.76364 1.6
-0.76339 1.8
-0.76315 1.9
-0.76291 2.1
-0.76266 2.3
-0.76242 2.4
-0.76217 2.6
-0.76193 2.8
-0.76168 2.9
-0.76144 3.0
-0.7612 3.2
-0.76095 3.3
-0.76071 3.4
-0.76046 3.6
-0.76022 3.7
-0.75998 3.8
-0.75973 3.9
-0.75949 3.9
-0.75924 4.0
-0.759 4.1
-0.75875 4.1
-0.75851 4.2
-0.75827 4.2
-0.75802 4.3
-0.75778 4.3
-0.75753 4.3
-0.75729 4.3
-0.75705 4.3
-0.7568 4.3
-0.75656 4.3
-0.75631 4.3
-0.75607 4.2
-0.75583 4.2
-0.75558 4.1
-0.75534 4.1
-0.75509 4.0
-0.75485 3.9
-0.7546 3.8
-0.75436 3.7
-0.75412 3.6
-0.75387 3.5
-0.75363 3.4
-0.75338 3.3
-0.75314 3.2
-0.7529 3.0
-0.75265 2.9
-0.75241 2.7
-0.75216 2.6
-0.75192 2.4
-0.75167 2.2
-0.75143 2.1
-0.75119 1.9
-0.75094 1.7
-0.7507 1.5
-0.75045 1.3
-0.75021 1.2
-0.74997 1.0
-0.74972 0.8
-0.74948 0.6
-0.74923 0.4
-0.74899 0.2
-0.74874 0.0
-0.7485 -0.2
-0.74826 -0.4
-0.74801 -0.6
-0.74777 -0.8
-0.74752 -1.0
-0.74728 -1.2
-0.74704 -1.4
-0.74679 -1.6
-0.74655 -1.7
-0.7463 -1.9
-0.74606 -2.1
-0.74582 -2.3
-0.74557 -2.4
-0.74533 -2.6
-0.74508 -2.8
-0.74484 -2.9
-0.74459 -3.1
-0.74435 -3.2
-0.74411 -3.3
-0.74386 -3.4
-0.74362 -3.6
-0.74337 -3.7
-0.74313 -3.8
-0.74289 -3.9
-0.74264 -4.0
-0.7424 -4.0
-0.74215 -4.1
-0.74191 -4.2
-0.74166 -4.2
-0.74142 -4.3
-0.74118 -4.3
-0.74093 -4.3
-0.74069 -4.3
-0.74044 -4.3
-0.7402 -4.3
-0.73996 -4.3
-0.73971 -4.3
-0.73947 -4.3
-0.73922 -4.3
-0.73898 -4.2
-0.73874 -4.2
-0.73849 -4.1
-0.73825 -4.0
-0.738 -3.9
-0.73776 -3.8
-0.73751 -3.7
-0.73727 -3.6
-0.73703 -3.5
-0.73678 -3.4
-0.73654 -3.3
-0.73629 -3.1
-0.73605 -3.0
-0.73581 -2.9
-0.73556 -2.7
-0.73532 -2.5
-0.73507 -2.4
-0.73483 -2.2
-0.73458 -2.0
-0.73434 -1.9
-0.7341 -1.7
-0.73385 -1.5
-0.73361 -1.3
-0.73336 -1.1
-0.73312 -0.9
-0.73288 -0.7
-0.73263 -0.5
-0.73239 -0.3
-0.73214 -0.1
-0.7319 0.0
-0.73166 0.3
-0.73141 0.5
-0.73117 0.7
-0.73092 0.9
-0.73068 1.1
-0.73043 1.3
-0.73019 1.5
-0.72995 1.6
-0.7297 1.8
-0.72946 2.0
-0.72921 2.2
-0.72897 2.4
-0.72873 2.5
-0.72848 2.7
-0.72824 2.8
-0.72799 3.0
-0.72775 3.1
-0.7275 3.3
-0.72726 3.4
-0.72702 3.5
-0.72677 3.6
-0.72653 3.7
-0.72628 3.8
-0.72604 3.9
-0.7258 4.0
-0.72555 4.1
-0.72531 4.2
-0.72506 4.2
-0.72482 4.3
-0.72458 4.3
-0.72433 4.3
-0.72409 4.4
-0.72384 4.4
-0.7236 4.4
-0.72335 4.4
-0.72311 4.3
-0.72287 4.3
-0.72262 4.3
-0.72238 4.2
-0.72213 4.2
-0.72189 4.1
-0.72165 4.1
-0.7214 4.0
-0.72116 3.9
-0.72091 3.8
-0.72067 3.7
-0.72042 3.6
-0.72018 3.5
-0.71994 3.3
-0.71969 3.2
-0.71945 3.1
-0.7192 2.9
-0.71896 2.8
-0.71872 2.6
-0.71847 2.4
-0.71823 2.3
-0.71798 2.1
-0.71774 1.9
-0.71749 1.7
-0.71725 1.5
-0.71701 1.3
-0.71676 1.1
-0.71652 1.0
-0.71627 0.8
-0.71603 0.6
-0.71579 0.4
-0.71554 0.1
-0.7153 0.0
-0.71505 -0.3
-0.71481 -0.5
-0.71457 -0.7
-0.71432 -0.9
-0.71408 -1.1
-0.71383 -1.3
-0.71359 -1.4
-0.71334 -1.6
-0.7131 -1.8
-0.71286 -2.0
-0.71261 -2.2
-0.71237 -2.4
-0.71212 -2.5
-0.71188 -2.7
-0.71164 -2.9
-0.71139 -3.0
-0.71115 -3.1
-0.7109 -3.3
-0.71066 -3.4
-0.71041 -3.5
-0.71017 -3.7
-0.70993 -3.8
-0.70968 -3.9
-0.70944 -4.0
-0.70919 -4.0
-0.70895 -4.1
-0.70871 -4.2
-0.70846 -4.2
-0.70822 -4.3
-0.70797 -4.3
-0.70773 -4.4
-0.70749 -4.4
-0.70724 -4.4
-0.707 -4.4
-0.70675 -4.4
-0.70651 -4.4
-0.70626 -4.3
-0.70602 -4.3
-0.70578 -4.3
-0.70553 -4.2
-0.70529 -4.1
-0.70504 -4.1
-0.7048 -4.0
-0.70456 -3.9
-0.70431 -3.8
-0.70407 -3.7
-0.70382 -3.6
-0.70358 -3.4
-0.70333 -3.3
-0.70309 -3.2
-0.70285 -3.0
-0.7026 -2.9
-0.70236 -2.7
-0.70211 -2.6
-0.70187 -2.4
-0.70163 -2.2
-0.70138 -2.0
-0.70114 -1.9
-0.70089 -1.7
-0.70065 -1.5
-0.70041 -1.3
-0.70016 -1.1
-0.69992 -0.9
-0.69967 -0.7
-0.69943 -0.5
-0.69918 -0.3
-0.69894 0.0
-0.6987 0.1
-0.69845 0.3
-0.69821 0.6
-0.69796 0.8
-0.69772 1.0
-0.69748 1.2
-0.69723 1.4
-0.69699 1.5
-0.69674 1.7
-0.6965 1.9
-0.69625 2.1
-0.69601 2.3
-0.69577 2.5
-0.69552 2.6
-0.69528 2.8
-0.69503 3.0
-0.69479 3.1
-0.69455 3.2
-0.6943 3.4
-0.69406 3.5
-0.69381 3.6
-0.69357 3.7
-0.69333 3.9
-0.69308 3.9
-0.69284 4.0
-0.69259 4.1
-0.69235 4.2
-0.6921 4.2
-0.69186 4.3
-0.69162 4.3
-0.69137 4.4
-0.69113 4.4
-0.69088 4.4
-0.69064 4.4
-0.6904 4.4
-0.69015 4.4
-0.68991 4.4
-0.68966 4.3
-0.68942 4.3
-0.68917 4.2
-0.68893 4.2
-0.68869 4.1
-0.68844 4.0
-0.6882 3.9
-0.68795 3.8
-0.68771 3.7
-0.68747 3.6
-0.68722 3.5
-0.68698 3.4
-0.68673 3.2
-0.68649 3.1
-0.68624 2.9
-0.686 2.8
-0.68576 2.6
-0.68551 2.4
-0.68527 2.2
-0.68502 2.1
-0.68478 1.9
-0.68454 1.7
-0.68429 1.5
-0.68405 1.3
-0.6838 1.1
-0.68356 0.9
-0.68332 0.7
-0.68307 0.5
-0.68283 0.3
-0.68258 0.0
-0.68234 -0.1
-0.68209 -0.3
-0.68185 -0.6
-0.68161 -0.8
-0.68136 -1.0
-0.68112 -1.2
-0.68087 -1.4
-0.68063 -1.6
-0.68039 -1.8
-0.68014 -2.0
-0.6799 -2.1
-0.67965 -2.3
-0.67941 -2.5
-0.67916 -2.7
-0.67892 -2.8
-0.67868 -3.0
-0.67843 -3.1
-0.67819 -3.3
-0.67794 -3.4
-0.6777 -3.5
-0.67746 -3.7
-0.67721 -3.8
-0.67697 -3.9
-0.67672 -4.0
-0.67648 -4.1
-0.67624 -4.2
-0.67599 -4.2
-0.67575 -4.3
-0.6755 -4.3
-0.67526 -4.4
-0.67501 -4.4
-0.67477 -4.4
-0.67453 -4.4
-0.67428 -4.4
-0.67404 -4.4
-0.67379 -4.4
-0.67355 -4.4
-0.67331 -4.4
-0.67306 -4.3
-0.67282 -4.2
-0.67257 -4.2
-0.67233 -4.1
-0.67208 -4.0
-0.67184 -3.9
-0.6716 -3.8
-0.67135 -3.7
-0.67111 -3.6
-0.67086 -3.5
-0.67062 -3.3
-0.67038 -3.2
-0.67013 -3.0
-0.66989 -2.9
-0.66964 -2.7
-0.6694 -2.5
-0.66916 -2.4
-0.66891 -2.2
-0.66867 -2.0
-0.66842 -1.8
-0.66818 -1.6
-0.66793 -1.4
-0.66769 -1.2
-0.66745 -1.0
-0.6672 -0.8
-0.66696 -0.6
-0.66671 -0.4
-0.66647 -0.2
-0.66623 0.0
-0.66598 0.3
-0.66574 0.5
-0.66549 0.7
-0.66525 0.9
-0.665 1.1
-0.66476 1.3
-0.66452 1.5
-0.66427 1.7
-0.66403 1.9
-0.66378 2.1
-0.66354 2.3
-0.6633 2.4
-0.66305 2.6
-0.66281 2.8
-0.66256 3.0
-0.66232 3.1
-0.66208 3.3
-0.66183 3.4
-0.66159 3.5
-0.66134 3.7
-0.6611 3.8
-0.66085 3.9
-0.66061 4.0
-0.66037 4.1
-0.66012 4.2
-0.65988 4.2
-0.65963 4.3
-0.65939 4.3
-0.65915 4.4
-0.6589 4.4
-0.65866 4.5
-0.65841 4.5
-0.65817 4.5
-0.65792 4.5
-0.65768 4.4
-0.65744 4.4
-0.65719 4.4
-0.65695 4.3
-0.6567 4.3
-0.65646 4.2
-0.65622 4.1
-0.65597 4.0
-0.65573 4.0
-0.65548 3.8
-0.65524 3.7
-0.65499 3.6
-0.65475 3.5
-0.65451 3.3
-0.65426 3.2
-0.65402 3.1
-0.65377 2.9
-0.65353 2.7
-0.65329 2.6
-0.65304 2.4
-0.6528 2.2
-0.65255 2.0
-0.65231 1.8
-0.65207 1.6
-0.65182 1.4
-0.65158 1.2
-0.65133 1.0
-0.65109 0.8
-0.65084 0.6
-0.6506 0.4
-0.65036 0.1
-0.65011 0.0
-0.64987 -0.3
-0.64962 -0.5
-0.64938 -0.7
-0.64914 -0.9
-0.64889 -1.1
-0.64865 -1.3
-0.6484 -1.5
-0.64816 -1.7
-0.64791 -1.9
-0.64767 -2.1
-0.64743 -2.3
-0.64718 -2.5
-0.64694 -2.7
-0.64669 -2.8
-0.64645 -3.0
-0.64621 -3.2
-0.64596 -3.3
-0.64572 -3.5
-0.64547 -3.6
-0.64523 -3.7
-0.64499 -3.8
-0.64474 -3.9
-0.6445 -4.0
-0.64425 -4.1
-0.64401 -4.2
-0.64376 -4.3
-0.64352 -4.3
-0.64328 -4.4
-0.64303 -4.4
-0.64279 -4.5
-0.64254 -4.5
-0.6423 -4.5
-0.64206 -4.5
-0.64181 -4.5
-0.64157 -4.5
-0.64132 -4.4
-0.64108 -4.4
-0.64083 -4.3
-0.64059 -4.3
-0.64035 -4.2
-0.6401 -4.1
-0.63986 -4.0
-0.63961 -3.9
-0.63937 -3.8
-0.63913 -3.7
-0.63888 -3.6
-0.63864 -3.4
-0.63839 -3.3
-0.63815 -3.1
-0.63791 -3.0
-0.63766 -2.8
-0.63742 -2.6
-0.63717 -2.5
-0.63693 -2.3
-0.63668 -2.1
-0.63644 -1.9
-0.6362 -1.7
-0.63595 -1.5
-0.63571 -1.3
-0.63546 -1.1
-0.63522 -0.9
-0.63498 -0.7
-0.63473 -0.4
-0.63449 -0.2
-0.63424 0.0
-0.634 0.2
-0.63375 0.4
-0.63351 0.6
-0.63327 0.9
-0.63302 1.1
-0.63278 1.3
-0.63253 1.5
-0.63229 1.7
-0.63205 1.9
-0.6318 2.1
-0.63156 2.3
-0.63131 2.5
-0.63107 2.6
-0.63083 2.8
-0.63058 3.0
-0.63034 3.1
-0.63009 3.3
-0.62985 3.4
-0.6296 3.6
-0.62936 3.7
-0.62912 3.8
-0.62887 3.9
-0.62863 4.0
-0.62838 4.1
-0.62814 4.2
-0.6279 4.3
-0.62765 4.4
-0.62741 4.4
-0.62716 4.5
-0.62692 4.5
-0.62667 4.5
-0.62643 4.5
-0.62619 4.5
-0.62594 4.5
-0.6257 4.5
-0.62545 4.5
-0.62521 4.4
-0.62497 4.4
-0.62472 4.3
-0.62448 4.2
-0.62423 4.1
-0.62399 4.0
-0.62374 3.9
-0.6235 3.8
-0.62326 3.7
-0.62301 3.6
-0.62277 3.4
-0.62252 3.3
-0.62228 3.1
-0.62204 3.0
-0.62179 2.8
-0.62155 2.6
-0.6213 2.5
-0.62106 2.3
-0.62082 2.1
-0.62057 1.9
-0.62033 1.7
-0.62008 1.5
-0.61984 1.3
-0.61959 1.0
-0.61935 0.8
-0.61911 0.6
-0.61886 0.4
-0.61862 0.2
-0.61837 0.0
-0.61813 -0.3
-0.61789 -0.5
-0.61764 -0.7
-0.6174 -0.9
-0.61715 -1.1
-0.61691 -1.4
-0.61666 -1.6
-0.61642 -1.8
-0.61618 -2.0
-0.61593 -2.2
-0.61569 -2.4
-0.61544 -2.5
-0.6152 -2.7
-0.61496 -2.9
-0.61471 -3.1
-0.61447 -3.2
-0.61422 -3.4
-0.61398 -3.5
-0.61374 -3.7
-0.61349 -3.8
-0.61325 -3.9
-0.613 -4.0
-0.61276 -4.1
-0.61251 -4.2
-0.61227 -4.3
-0.61203 -4.4
-0.61178 -4.4
-0.61154 -4.5
-0.61129 -4.5
-0.61105 -4.5
-0.61081 -4.5
-0.61056 -4.5
-0.61032 -4.5
-0.61007 -4.5
-0.60983 -4.5
-0.60958 -4.5
-0.60934 -4.4
-0.6091 -4.3
-0.60885 -4.3
-0.60861 -4.2
-0.60836 -4.1
-0.60812 -4.0
-0.60788 -3.9
-0.60763 -3.8
-0.60739 -3.7
-0.60714 -3.5
-0.6069 -3.4
-0.60666 -3.2
-0.60641 -3.1
-0.60617 -2.9
-0.60592 -2.7
-0.60568 -2.5
-0.60543 -2.3
-0.60519 -2.1
-0.60495 -1.9
-0.6047 -1.7
-0.60446 -1.5
-0.60421 -1.3
-0.60397 -1.1
-0.60373 -0.9
-0.60348 -0.7
-0.60324 -0.4
-0.60299 -0.2
-0.60275 0.0
-0.6025 0.2
-0.60226 0.5
-0.60202 0.7
-0.60177 0.9
-0.60153 1.1
-0.60128 1.3
-0.60104 1.5
-0.6008 1.8
-0.60055 2.0
-0.60031 2.2
-0.60006 2.4
-0.59982 2.5
-0.59958 2.7
-0.59933 2.9
-0.59909 3.1
-0.59884 3.2
-0.5986 3.4
-0.59835 3.5
-0.59811 3.7
-0.59787 3.8
-0.59762 3.9
-0.59738 4.0
-0.59713 4.1
-0.59689 4.2
-0.59665 4.3
-0.5964 4.4
-0.59616 4.4
-0.59591 4.5
-0.59567 4.5
-0.59542 4.6
-0.59518 4.6
-0.59494 4.6
-0.59469 4.6
-0.59445 4.5
-0.5942 4.5
-0.59396 4.5
-0.59372 4.4
-0.59347 4.4
-0.59323 4.3
-0.59298 4.2
-0.59274 4.1
-0.59249 4.0
-0.59225 3.9
-0.59201 3.8
-0.59176 3.6
-0.59152 3.5
-0.59127 3.4
-0.59103 3.2
-0.59079 3.0
-0.59054 2.9
-0.5903 2.7
-0.59005 2.5
-0.58981 2.3
-0.58957 2.1
-0.58932 1.9
-0.58908 1.7
-0.58883 1.5
-0.58859 1.3
-0.58834 1.0
-0.5881 0.8
-0.58786 0.6
-0.58761 0.4
-0.58737 0.1
-0.58712 0.0
-0.58688 -0.3
-0.58664 -0.5
-0.58639 -0.8
-0.58615 -1.0
-0.5859 -1.2
-0.58566 -1.4
-0.58541 -1.7
-0.58517 -1.9
-0.58493 -2.1
-0.58468 -2.3
-0.58444 -2.5
-0.58419 -2.7
-0.58395 -2.8
-0.58371 -3.0
-0.58346 -3.2
-0.58322 -3.3
-0.58297 -3.5
-0.58273 -3.6
-0.58249 -3.8
-0.58224 -3.9
-0.582 -4.0
-0.58175 -4.1
-0.58151 -4.2
-0.58126 -4.3
-0.58102 -4.4
-0.58078 -4.4
-0.58053 -4.5
-0.58029 -4.5
-0.58004 -4.6
-0.5798 -4.6
-0.57956 -4.6
-0.57931 -4.6
-0.57907 -4.6
-0.57882 -4.6
-0.57858 -4.5
-0.57833 -4.5
-0.57809 -4.4
-0.57785 -4.3
-0.5776 -4.3
-0.57736 -4.2
-0.57711 -4.1
-0.57687 -3.9
-0.57663 -3.8
-0.57638 -3.7
-0.57614 -3.6
-0.57589 -3.4
-0.57565 -3.2
-0.57541 -3.1
-0.57516 -2.9
-0.57492 -2.7
-0.57467 -2.5
-0.57443 -2.3
-0.57418 -2.1
-0.57394 -1.9
-0.5737 -1.7
-0.57345 -1.5
-0.57321 -1.3
-0.57296 -1.1
-0.57272 -0.8
-0.57248 -0.6
-0.57223 -0.4
-0.57199 -0.1
-0.57174 0.0
-0.5715 0.3
-0.57125 0.5
-0.57101 0.8
-0.57077 1.0
-0.57052 1.2
-0.57028 1.5
-0.57003 1.7
-0.56979 1.9
-0.56955 2.1
-0.5693 2.3
-0.56906 2.5
-0.56881 2.7
-0.56857 2.9
-0.56833 3.0
-0.56808 3.2
-0.56784 3.4
-0.56759 3.5
-0.56735 3.7
-0.5671 3.8
-0.56686 3.9
-0.56662 4.1
-0.56637 4.2
-0.56613 4.3
-0.56588 4.3
-0.56564 4.4
-0.5654 4.5
-0.56515 4.5
-0.56491 4.6
-0.56466 4.6
-0.56442 4.6
-0.56417 4.6
-0.56393 4.6
-0.56369 4.6
-0.56344 4.6
-0.5632 4.5
-0.56295 4.5
-0.56271 4.4
-0.56247 4.3
-0.56222 4.3
-0.56198 4.2
-0.56173 4.0
-0.56149 3.9
-0.56124 3.8
-0.561 3.7
-0.56076 3.5
-0.56051 3.4
-0.56027 3.2
-0.56002 3.0
-0.55978 2.8
-0.55954 2.7
-0.55929 2.5
-0.55905 2.3
-0.5588 2.0
-0.55856 1.8
-0.55832 1.6
-0.55807 1.4
-0.55783 1.2
-0.55758 0.9
-0.55734 0.7
-0.55709 0.5
-0.55685 0.2
-0.55661 0.0
-0.55636 -0.2
-0.55612 -0.5
-0.55587 -0.7
-0.55563 -0.9
-0.55539 -1.1
-0.55514 -1.4
-0.5549 -1.6
-0.55465 -1.8
-0.55441 -2.0
-0.55416 -2.2
-0.55392 -2.4
-0.55368 -2.6
-0.55343 -2.8
-0.55319 -3.0
-0.55294 -3.2
-0.5527 -3.4
-0.55246 -3.5
-0.55221 -3.7
-0.55197 -3.8
-0.55172 -3.9
-0.55148 -4.1
-0.55124 -4.2
-0.55099 -4.3
-0.55075 -4.4
-0.5505 -4.4
-0.55026 -4.5
-0.55001 -4.6
-0.54977 -4.6
-0.54953 -4.6
-0.54928 -4.6
-0.54904 -4.7
-0.54879 -4.7
-0.54855 -4.6
-0.54831 -4.6
-0.54806 -4.6
-0.54782 -4.5
-0.54757 -4.4
-0.54733 -4.4
-0.54708 -4.3
-0.54684 -4.2
-0.5466 -4.1
-0.54635 -4.0
-0.54611 -3.8
-0.54586 -3.7
-0.54562 -3.5
-0.54538 -3.4
-0.54513 -3.2
-0.54489 -3.0
-0.54464 -2.9
-0.5444 -2.7
-0.54416 -2.5
-0.54391 -2.3
-0.54367 -2.0
-0.54342 -1.8
-0.54318 -1.6
-0.54293 -1.4
-0.54269 -1.2
-0.54245 -0.9
-0.5422 -0.7
-0.54196 -0.5
-0.54171 -0.2
-0.54147 0.0
-0.54123 0.3
-0.54098 0.5
-0.54074 0.7
-0.54049 1.0
-0.54025 1.2
-0.54 1.4
-0.53976 1.7
-0.53952 1.9
-0.53927 2.1
-0.53903 2.3
-0.53878 2.5
-0.53854 2.7
-0.5383 2.9
-0.53805 3.1
-0.53781 3.3
-0.53756 3.4
-0.53732 3.6
-0.53708 3.7
-0.53683 3.9
-0.53659 4.0
-0.53634 4.1
-0.5361 4.2
-0.53585 4.3
-0.53561 4.4
-0.53537 4.5
-0.53512 4.6
-0.53488 4.6
-0.53463 4.6
-0.53439 4.7
-0.53415 4.7
-0.5339 4.7
-0.53366 4.7
-0.53341 4.7
-0.53317 4.6
-0.53292 4.6
-0.53268 4.5
-0.53244 4.4
-0.53219 4.4
-0.53195 4.3
-0.5317 4.2
-0.53146 4.0
-0.53122 3.9
-0.53097 3.8
-0.53073 3.6
-0.53048 3.5
-0.53024 3.3
-0.52999 3.1
-0.52975 2.9
-0.52951 2.8
-0.52926 2.6
-0.52902 2.3
-0.52877 2.1
-0.52853 1.9
-0.52829 1.7
-0.52804 1.5
-0.5278 1.2
-0.52755 1.0
-0.52731 0.8
-0.52707 0.5
-0.52682 0.3
-0.52658 0.0
-0.52633 -0.2
-0.52609 -0.4
-0.52584 -0.7
-0.5256 -0.9
-0.52536 -1.2
-0.52511 -1.4
-0.52487 -1.6
-0.52462 -1.8
-0.52438 -2.1
-0.52414 -2.3
-0.52389 -2.5
-0.52365 -2.7
-0.5234 -2.9
-0.52316 -3.1
-0.52291 -3.3
-0.52267 -3.4
-0.52243 -3.6
-0.52218 -3.7
-0.52194 -3.9
-0.52169 -4.0
-0.52145 -4.1
-0.52121 -4.3
-0.52096 -4.4
-0.52072 -4.4
-0.52047 -4.5
-0.52023 -4.6
-0.51999 -4.6
-0.51974 -4.7
-0.5195 -4.7
-0.51925 -4.7
-0.51901 -4.7
-0.51876 -4.7
-0.51852 -4.7
-0.51828 -4.6
-0.51803 -4.6
-0.51779 -4.5
-0.51754 -4.5
-0.5173 -4.4
-0.51706 -4.3
-0.51681 -4.2
-0.51657 -4.0
-0.51632 -3.9
-0.51608 -3.8
-0.51583 -3.6
-0.51559 -3.5
-0.51535 -3.3
-0.5151 -3.1
-0.51486 -2.9
-0.51461 -2.7
-0.51437 -2.5
-0.51413 -2.3
-0.51388 -2.1
-0.51364 -1.9
-0.51339 -1.6
-0.51315 -1.4
-0.51291 -1.2
-0.51266 -0.9
-0.51242 -0.7
-0.51217 -0.4
-0.51193 -0.2
-0.51168 0.0
-0.51144 0.3
-0.5112 0.5
-0.51095 0.8
-0.51071 1.0
-0.51046 1.3
-0.51022 1.5
-0.50998 1.7
-0.50973 2.0
-0.50949 2.2
-0.50924 2.4
-0.509 2.6
-0.50875 2.8
-0.50851 3.0
-0.50827 3.2
-0.50802 3.4
-0.50778 3.5
-0.50753 3.7
-0.50729 3.9
-0.50705 4.0
-0.5068 4.1
-0.50656 4.2
-0.50631 4.3
-0.50607 4.4
-0.50583 4.5
-0.50558 4.6
-0.50534 4.6
-0.50509 4.7
-0.50485 4.7
-0.5046 4.7
-0.50436 4.7
-0.50412 4.7
-0.50387 4.7
-0.50363 4.7
-0.50338 4.6
-0.50314 4.6
-0.5029 4.5
-0.50265 4.4
-0.50241 4.3
-0.50216 4.2
-0.50192 4.1
-0.50167 4.0
-0.50143 3.8
-0.50119 3.7
-0.50094 3.5
-0.5007 3.3
-0.50045 3.2
-0.50021 3.0
-0.49997 2.8
-0.49972 2.6
-0.49948 2.4
-0.49923 2.1
-0.49899 1.9
-0.49874 1.7
-0.4985 1.4
-0.49826 1.2
-0.49801 1.0
-0.49777 0.7
-0.49752 0.5
-0.49728 0.2
-0.49704 0.0
-0.49679 -0.3
-0.49655 -0.5
-0.4963 -0.8
-0.49606 -1.0
-0.49582 -1.3
-0.49557 -1.5
-0.49533 -1.7
-0.49508 -2.0
-0.49484 -2.2
-0.49459 -2.4
-0.49435 -2.6
-0.49411 -2.8
-0.49386 -3.0
-0.49362 -3.2
-0.49337 -3.4
-0.49313 -3.6
-0.49289 -3.7
-0.49264 -3.9
-0.4924 -4.0
-0.49215 -4.2
-0.49191 -4.3
-0.49166 -4.4
-0.49142 -4.5
-0.49118 -4.6
-0.49093 -4.6
-0.49069 -4.7
-0.49044 -4.7
-0.4902 -4.8
-0.48996 -4.8
-0.48971 -4.8
-0.48947 -4.8
-0.48922 -4.7
-0.48898 -4.7
-0.48874 -4.7
-0.48849 -4.6
-0.48825 -4.5
-0.488 -4.4
-0.48776 -4.3
-0.48751 -4.2
-0.48727 -4.1
-0.48703 -3.9
-0.48678 -3.8
-0.48654 -3.6
-0.48629 -3.5
-0.48605 -3.3
-0.48581 -3.1
-0.48556 -2.9
-0.48532 -2.7
-0.48507 -2.5
-0.48483 -2.3
-0.48458 -2.0
-0.48434 -1.8
-0.4841 -1.6
-0.48385 -1.3
-0.48361 -1.1
-0.48336 -0.8
-0.48312 -0.6
-0.48288 -0.3
-0.48263 0.0
-0.48239 0.2
-0.48214 0.4
-0.4819 0.7
-0.48166 0.9
-0.48141 1.2
-0.48117 1.4
-0.48092 1.7
-0.48068 1.9
-0.48043 2.1
-0.48019 2.4
-0.47995 2.6
-0.4797 2.8
-0.47946 3.0
-0.47921 3.2
-0.47897 3.4
-0.47873 3.6
-0.47848 3.7
-0.47824 3.9
-0.47799 4.0
-0.47775 4.2
-0.4775 4.3
-0.47726 4.4
-0.47702 4.5
-0.47677 4.6
-0.47653 4.7
-0.47628 4.7
-0.47604 4.8
-0.4758 4.8
-0.47555 4.8
-0.47531 4.8
-0.47506 4.8
-0.47482 4.8
-0.47458 4.7
-0.47433 4.7
-0.47409 4.6
-0.47384 4.6
-0.4736 4.5
-0.47335 4.4
-0.47311 4.2
-0.47287 4.1
-0.47262 4.0
-0.47238 3.8
-0.47213 3.7
-0.47189 3.5
-0.47165 3.3
-0.4714 3.1
-0.47116 2.9
-0.47091 2.7
-0.47067 2.5
-0.47042 2.3
-0.47018 2.0
-0.46994 1.8
-0.46969 1.6
-0.46945 1.3
-0.4692 1.1
-0.46896 0.8
-0.46872 0.6
-0.46847 0.3
-0.46823 0.0
-0.46798 -0.2
-0.46774 -0.5
-0.46749 -0.7
-0.46725 -1.0
-0.46701 -1.2
-0.46676 -1.5
-0.46652 -1.7
-0.46627 -2.0
-0.46603 -2.2
-0.46579 -2.4
-0.46554 -2.7
-0.4653 -2.9
-0.46505 -3.1
-0.46481 -3.3
-0.46457 -3.5
-0.46432 -3.6
-0.46408 -3.8
-0.46383 -4.0
-0.46359 -4.1
-0.46334 -4.2
-0.4631 -4.4
-0.46286 -4.5
-0.46261 -4.6
-0.46237 -4.6
-0.46212 -4.7
-0.46188 -4.8
-0.46164 -4.8
-0.46139 -4.8
-0.46115 -4.8
-0.4609 -4.8
-0.46066 -4.8
-0.46041 -4.8
-0.46017 -4.8
-0.45993 -4.7
-0.45968 -4.6
-0.45944 -4.5
-0.45919 -4.4
-0.45895 -4.3
-0.45871 -4.2
-0.45846 -4.1
-0.45822 -3.9
-0.45797 -3.8
-0.45773 -3.6
-0.45749 -3.4
-0.45724 -3.2
-0.457 -3.0
-0.45675 -2.8
-0.45651 -2.6
-0.45626 -2.4
-0.45602 -2.1
-0.45578 -1.9
-0.45553 -1.6
-0.45529 -1.4
-0.45504 -1.1
-0.4548 -0.9
-0.45456 -0.6
-0.45431 -0.4
-0.45407 0.0
-0.45382 0.2
-0.45358 0.4
-0.45333 0.7
-0.45309 1.0
-0.45285 1.2
-0.4526 1.5
-0.45236 1.7
-0.45211 2.0
-0.45187 2.2
-0.45163 2.4
-0.45138 2.7
-0.45114 2.9
-0.45089 3.1
-0.45065 3.3
-0.45041 3.5
-0.45016 3.7
-0.44992 3.8
-0.44967 4.0
-0.44943 4.1
-0.44918 4.3
-0.44894 4.4
-0.4487 4.5
-0.44845 4.6
-0.44821 4.7
-0.44796 4.7
-0.44772 4.8
-0.44748 4.8
-0.44723 4.9
-0.44699 4.9
-0.44674 4.9
-0.4465 4.9
-0.44625 4.8
-0.44601 4.8
-0.44577 4.7
-0.44552 4.6
-0.44528 4.5
-0.44503 4.4
-0.44479 4.3
-0.44455 4.2
-0.4443 4.1
-0.44406 3.9
-0.44381 3.7
-0.44357 3.6
-0.44333 3.4
-0.44308 3.2
-0.44284 3.0
-0.44259 2.8
-0.44235 2.5
-0.4421 2.3
-0.44186 2.1
-0.44162 1.8
-0.44137 1.6
-0.44113 1.3
-0.44088 1.0
-0.44064 0.8
-0.4404 0.5
-0.44015 0.2
-0.43991 0.0
-0.43966 -0.3
-0.43942 -0.6
-0.43917 -0.8
-0.43893 -1.1
-0.43869 -1.4
-0.43844 -1.6
-0.4382 -1.9
-0.43795 -2.1
-0.43771 -2.3
-0.43747 -2.6
-0.43722 -2.8
-0.43698 -3.0
-0.43673 -3.2
-0.43649 -3.4
-0.43624 -3.6
-0.436 -3.8
-0.43576 -4.0
-0.43551 -4.1
-0.43527 -4.3
-0.43502 -4.4
-0.43478 -4.5
-0.43454 -4.6
-0.43429 -4.7
-0.43405 -4.8
-0.4338 -4.8
-0.43356 -4.9
-0.43332 -4.9
-0.43307 -4.9
-0.43283 -4.9
-0.43258 -4.9
-0.43234 -4.9
-0.43209 -4.8
-0.43185 -4.8
-0.43161 -4.7
-0.43136 -4.6
-0.43112 -4.5
-0.43087 -4.4
-0.43063 -4.3
-0.43039 -4.1
-0.43014 -4.0
-0.4299 -3.8
-0.42965 -3.6
-0.42941 -3.4
-0.42916 -3.2
-0.42892 -3.0
-0.42868 -2.8
-0.42843 -2.6
-0.42819 -2.3
-0.42794 -2.1
-0.4277 -1.8
-0.42746 -1.6
-0.42721 -1.3
-0.42697 -1.0
-0.42672 -0.8
-0.42648 -0.5
-0.42624 -0.2
-0.42599 0.0
-0.42575 0.3
-0.4255 0.6
-0.42526 0.9
-0.42501 1.1
-0.42477 1.4
-0.42453 1.7
-0.42428 1.9
-0.42404 2.2
-0.42379 2.4
-0.42355 2.6
-0.42331 2.9
-0.42306 3.1
-0.42282 3.3
-0.42257 3.5
-0.42233 3.7
-0.42208 3.9
-0.42184 4.0
-0.4216 4.2
-0.42135 4.3
-0.42111 4.5
-0.42086 4.6
-0.42062 4.7
-0.42038 4.7
-0.42013 4.8
-0.41989 4.9
-0.41964 4.9
-0.4194 4.9
-0.41916 4.9
-0.41891 4.9
-0.41867 4.9
-0.41842 4.9
-0.41818 4.8
-0.41793 4.8
-0.41769 4.7
-0.41745 4.6
-0.4172 4.5
-0.41696 4.4
-0.41671 4.2
-0.41647 4.1
-0.41623 3.9
-0.41598 3.7
-0.41574 3.5
-0.41549 3.3
-0.41525 3.1
-0.415 2.9
-0.41476 2.7
-0.41452 2.4
-0.41427 2.2
-0.41403 1.9
-0.41378 1.7
-0.41354 1.4
-0.4133 1.1
-0.41305 0.9
-0.41281 0.6
-0.41256 0.3
-0.41232 0.0
-0.41208 -0.2
-0.41183 -0.5
-0.41159 -0.8
-0.41134 -1.1
-0.4111 -1.3
-0.41085 -1.6
-0.41061 -1.9
-0.41037 -2.1
-0.41012 -2.4
-0.40988 -2.6
-0.40963 -2.8
-0.40939 -3.1
-0.40915 -3.3
-0.4089 -3.5
-0.40866 -3.7
-0.40841 -3.9
-0.40817 -4.0
-0.40792 -4.2
-0.40768 -4.3
-0.40744 -4.5
-0.40719 -4.6
-0.40695 -4.7
-0.4067 -4.8
-0.40646 -4.9
-0.40622 -4.9
-0.40597 -5.0
-0.40573 -5.0
-0.40548 -5.0
-0.40524 -5.0
-0.40499 -5.0
-0.40475 -4.9
-0.40451 -4.9
-0.40426 -4.8
-0.40402 -4.7
-0.40377 -4.6
-0.40353 -4.5
-0.40329 -4.4
-0.40304 -4.2
-0.4028 -4.1
-0.40255 -3.9
-0.40231 -3.7
-0.40207 -3.5
-0.40182 -3.3
-0.40158 -3.1
-0.40133 -2.9
-0.40109 -2.6
-0.40084 -2.4
-0.4006 -2.1
-0.40036 -1.9
-0.40011 -1.6
-0.39987 -1.4
-0.39962 -1.1
-0.39938 -0.8
-0.39914 -0.5
-0.39889 -0.2
-0.39865 0.0
-0.3984 0.3
-0.39816 0.6
-0.39791 0.9
-0.39767 1.2
-0.39743 1.4
-0.39718 1.7
-0.39694 2.0
-0.39669 2.2
-0.39645 2.5
-0.39621 2.7
-0.39596 3.0
-0.39572 3.2
-0.39547 3.4
-0.39523 3.6
-0.39499 3.8
-0.39474 4.0
-0.3945 4.2
-0.39425 4.3
-0.39401 4.5
-0.39376 4.6
-0.39352 4.7
-0.39328 4.8
-0.39303 4.9
-0.39279 4.9
-0.39254 5.0
-0.3923 5.0
-0.39206 5.0
-0.39181 5.0
-0.39157 5.0
-0.39132 5.0
-0.39108 4.9
-0.39083 4.9
-0.39059 4.8
-0.39035 4.7
-0.3901 4.6
-0.38986 4.4
-0.38961 4.3
-0.38937 4.1
-0.38913 4.0
-0.38888 3.8
-0.38864 3.6
-0.38839 3.4
-0.38815 3.2
-0.38791 2.9
-0.38766 2.7
-0.38742 2.5
-0.38717 2.2
-0.38693 1.9
-0.38668 1.7
-0.38644 1.4
-0.3862 1.1
-0.38595 0.8
-0.38571 0.5
-0.38546 0.2
-0.38522 0.0
-0.38498 -0.3
-0.38473 -0.6
-0.38449 -0.9
-0.38424 -1.2
-0.384 -1.5
-0.38375 -1.7
-0.38351 -2.0
-0.38327 -2.3
-0.38302 -2.5
-0.38278 -2.8
-0.38253 -3.0
-0.38229 -3.3
-0.38205 -3.5
-0.3818 -3.7
-0.38156 -3.9
-0.38131 -4.1
-0.38107 -4.2
-0.38083 -4.4
-0.38058 -4.5
-0.38034 -4.6
-0.38009 -4.7
-0.37985 -4.8
-0.3796 -4.9
-0.37936 -5.0
-0.37912 -5.0
-0.37887 -5.1
-0.37863 -5.1
-0.37838 -5.1
-0.37814 -5.0
-0.3779 -5.0
-0.37765 -4.9
-0.37741 -4.9
-0.37716 -4.8
-0.37692 -4.7
-0.37667 -4.6
-0.37643 -4.4
-0.37619 -4.3
-0.37594 -4.1
-0.3757 -3.9
-0.37545 -3.7
-0.37521 -3.5
-0.37497 -3.3
-0.37472 -3.1
-0.37448 -2.8
-0.37423 -2.6
-0.37399 -2.3
-0.37374 -2.1
-0.3735 -1.8
-0.37326 -1.5
-0.37301 -1.2
-0.37277 -0.9
-0.37252 -0.7
-0.37228 -0.4
-0.37204 0.0
-0.37179 0.2
-0.37155 0.5
-0.3713 0.8
-0.37106 1.1
-0.37082 1.4
-0.37057 1.7
-0.37033 2.0
-0.37008 2.2
-0.36984 2.5
-0.36959 2.7
-0.36935 3.0
-0.36911 3.2
-0.36886 3.5
-0.36862 3.7
-0.36837 3.9
-0.36813 4.1
-0.36789 4.2
-0.36764 4.4
-0.3674 4.5
-0.36715 4.7
-0.36691 4.8
-0.36666 4.9
-0.36642 5.0
-0.36618 5.0
-0.36593 5.1
-0.36569 5.1
-0.36544 5.1
-0.3652 5.1
-0.36496 5.1
-0.36471 5.0
-0.36447 5.0
-0.36422 4.9
-0.36398 4.8
-0.36374 4.7
-0.36349 4.6
-0.36325 4.4
-0.363 4.3
-0.36276 4.1
-0.36251 3.9
-0.36227 3.7
-0.36203 3.5
-0.36178 3.3
-0.36154 3.1
-0.36129 2.8
-0.36105 2.6
-0.36081 2.3
-0.36056 2.0
-0.36032 1.7
-0.36007 1.5
-0.35983 1.2
-0.35958 0.9
-0.35934 0.6
-0.3591 0.3
-0.35885 0.0
-0.35861 -0.3
-0.35836 -0.6
-0.35812 -0.9
-0.35788 -1.2
-0.35763 -1.5
-0.35739 -1.8
-0.35714 -2.1
-0.3569 -2.4
-0.35666 -2.6
-0.35641 -2.9
-0.35617 -3.1
-0.35592 -3.4
-0.35568 -3.6
-0.35543 -3.8
-0.35519 -4.0
-0.35495 -4.2
-0.3547 -4.3
-0.35446 -4.5
-0.35421 -4.6
-0.35397 -4.8
-0.35373 -4.9
-0.35348 -5.0
-0.35324 -5.0
-0.35299 -5.1
-0.35275 -5.1
-0.3525 -5.1
-0.35226 -5.1
-0.35202 -5.1
-0.35177 -5.1
-0.35153 -5.0
-0.35128 -5.0
-0.35104 -4.9
-0.3508 -4.8
-0.35055 -4.7
-0.35031 -4.5
-0.35006 -4.4
-0.34982 -4.2
-0.34958 -4.0
-0.34933 -3.8
-0.34909 -3.6
-0.34884 -3.4
-0.3486 -3.1
-0.34835 -2.9
-0.34811 -2.6
-0.34787 -2.4
-0.34762 -2.1
-0.34738 -1.8
-0.34713 -1.5
-0.34689 -1.2
-0.34665 -0.9
-0.3464 -0.6
-0.34616 -0.3
-0.34591 0.0
-0.34567 0.3
-0.34542 0.6
-0.34518 0.9
-0.34494 1.2
-0.34469 1.5
-0.34445 1.8
-0.3442 2.1
-0.34396 2.4
-0.34372 2.7
-0.34347 2.9
-0.34323 3.2
-0.34298 3.4
-0.34274 3.6
-0.34249 3.9
-0.34225 4.1
-0.34201 4.2
-0.34176 4.4
-0.34152 4.6
-0.34127 4.7
-0.34103 4.8
-0.34079 4.9
-0.34054 5.0
-0.3403 5.1
-0.34005 5.1
-0.33981 5.2
-0.33957 5.2
-0.33932 5.2
-0.33908 5.2
-0.33883 5.1
-0.33859 5.1
-0.33834 5.0
-0.3381 4.9
-0.33786 4.8
-0.33761 4.6
-0.33737 4.5
-0.33712 4.3
-0.33688 4.1
-0.33664 3.9
-0.33639 3.7
-0.33615 3.5
-0.3359 3.3
-0.33566 3.0
-0.33541 2.8
-0.33517 2.5
-0.33493 2.2
-0.33468 1.9
-0.33444 1.6
-0.33419 1.3
-0.33395 1.0
-0.33371 0.7
-0.33346 0.4
-0.33322 0.0
-0.33297 -0.2
-0.33273 -0.5
-0.33249 -0.8
-0.33224 -1.2
-0.332 -1.5
-0.33175 -1.8
-0.33151 -2.1
-0.33126 -2.3
-0.33102 -2.6
-0.33078 -2.9
-0.33053 -3.1
-0.33029 -3.4
-0.33004 -3.6
-0.3298 -3.9
-0.32956 -4.1
-0.32931 -4.3
-0.32907 -4.4
-0.32882 -4.6
-0.32858 -4.7
-0.32833 -4.9
-0.32809 -5.0
-0.32785 -5.1
-0.3276 -5.1
-0.32736 -5.2
-0.32711 -5.2
-0.32687 -5.2
-0.32663 -5.2
-0.32638 -5.2
-0.32614 -5.2
-0.32589 -5.1
-0.32565 -5.0
-0.32541 -4.9
-0.32516 -4.8
-0.32492 -4.7
-0.32467 -4.5
-0.32443 -4.3
-0.32418 -4.2
-0.32394 -4.0
-0.3237 -3.7
-0.32345 -3.5
-0.32321 -3.3
-0.32296 -3.0
-0.32272 -2.7
-0.32248 -2.5
-0.32223 -2.2
-0.32199 -1.9
-0.32174 -1.6
-0.3215 -1.3
-0.32125 -1.0
-0.32101 -0.6
-0.32077 -0.3
-0.32052 0.0
-0.32028 0.3
-0.32003 0.7
-0.31979 1.0
-0.31955 1.3
-0.3193 1.6
-0.31906 1.9
-0.31881 2.2
-0.31857 2.5
-0.31833 2.8
-0.31808 3.0
-0.31784 3.3
-0.31759 3.5
-0.31735 3.8
-0.3171 4.0
-0.31686 4.2
-0.31662 4.4
-0.31637 4.6
-0.31613 4.7
-0.31588 4.9
-0.31564 5.0
-0.3154 5.1
-0.31515 5.2
-0.31491 5.2
-0.31466 5.3
-0.31442 5.3
-0.31417 5.3
-0.31393 5.3
-0.31369 5.2
-0.31344 5.2
-0.3132 5.1
-0.31295 5.0
-0.31271 4.9
-0.31247 4.7
-0.31222 4.6
-0.31198 4.4
-0.31173 4.2
-0.31149 4.0
-0.31124 3.8
-0.311 3.6
-0.31076 3.3
-0.31051 3.1
-0.31027 2.8
-0.31002 2.5
-0.30978 2.2
-0.30954 1.9
-0.30929 1.6
-0.30905 1.3
-0.3088 1.0
-0.30856 0.6
-0.30832 0.3
-0.30807 0.0
-0.30783 -0.3
-0.30758 -0.7
-0.30734 -1.0
-0.30709 -1.3
-0.30685 -1.6
-0.30661 -1.9
-0.30636 -2.3
-0.30612 -2.5
-0.30587 -2.8
-0.30563 -3.1
-0.30539 -3.4
-0.30514 -3.6
-0.3049 -3.9
-0.30465 -4.1
-0.30441 -4.3
-0.30416 -4.5
-0.30392 -4.6
-0.30368 -4.8
-0.30343 -4.9
-0.30319 -5.0
-0.30294 -5.1
-0.3027 -5.2
-0.30246 -5.3
-0.30221 -5.3
-0.30197 -5.3
-0.30172 -5.3
-0.30148 -5.3
-0.30124 -5.3
-0.30099 -5.2
-0.30075 -5.1
-0.3005 -5.0
-0.30026 -4.9
-0.30001 -4.7
-0.29977 -4.5
-0.29953 -4.4
-0.29928 -4.2
-0.29904 -3.9
-0.29879 -3.7
-0.29855 -3.5
-0.29831 -3.2
-0.29806 -2.9
-0.29782 -2.6
-0.29757 -2.3
-0.29733 -2.0
-0.29708 -1.7
-0.29684 -1.4
-0.2966 -1.1
-0.29635 -0.8
-0.29611 -0.4
-0.29586 0.0
-0.29562 0.3
-0.29538 0.6
-0.29513 0.9
-0.29489 1.3
-0.29464 1.6
-0.2944 1.9
-0.29416 2.2
-0.29391 2.5
-0.29367 2.8
-0.29342 3.1
-0.29318 3.4
-0.29293 3.6
-0.29269 3.9
-0.29245 4.1
-0.2922 4.3
-0.29196 4.5
-0.29171 4.7
-0.29147 4.8
-0.29123 5.0
-0.29098 5.1
-0.29074 5.2
-0.29049 5.3
-0.29025 5.3
-0.29 5.4
-0.28976 5.4
-0.28952 5.4
-0.28927 5.3
-0.28903 5.3
-0.28878 5.2
-0.28854 5.1
-0.2883 5.0
-0.28805 4.9
-0.28781 4.7
-0.28756 4.6
-0.28732 4.4
-0.28708 4.2
-0.28683 3.9
-0.28659 3.7
-0.28634 3.4
-0.2861 3.2
-0.28585 2.9
-0.28561 2.6
-0.28537 2.3
-0.28512 2.0
-0.28488 1.6
-0.28463 1.3
-0.28439 1.0
-0.28415 0.6
-0.2839 0.3
-0.28366 0.0
-0.28341 -0.4
-0.28317 -0.8
-0.28292 -1.1
-0.28268 -1.4
-0.28244 -1.8
-0.28219 -2.1
-0.28195 -2.4
-0.2817 -2.7
-0.28146 -3.0
-0.28122 -3.3
-0.28097 -3.6
-0.28073 -3.8
-0.28048 -4.0
-0.28024 -4.3
-0.27999 -4.5
-0.27975 -4.7
-0.27951 -4.8
-0.27926 -5.0
-0.27902 -5.1
-0.27877 -5.2
-0.27853 -5.3
-0.27829 -5.4
-0.27804 -5.4
-0.2778 -5.4
-0.27755 -5.4
-0.27731 -5.4
-0.27707 -5.4
-0.27682 -5.3
-0.27658 -5.2
-0.27633 -5.1
-0.27609 -4.9
-0.27584 -4.8
-0.2756 -4.6
-0.27536 -4.4
-0.27511 -4.2
-0.27487 -4.0
-0.27462 -3.7
-0.27438 -3.5
-0.27414 -3.2
-0.27389 -2.9
-0.27365 -2.6
-0.2734 -2.3
-0.27316 -2.0
-0.27291 -1.6
-0.27267 -1.3
-0.27243 -0.9
-0.27218 -0.6
-0.27194 -0.2
-0.27169 0.1
-0.27145 0.5
-0.27121 0.8
-0.27096 1.2
-0.27072 1.5
-0.27047 1.8
-0.27023 2.2
-0.26999 2.5
-0.26974 2.8
-0.2695 3.1
-0.26925 3.4
-0.26901 3.7
-0.26876 3.9
-0.26852 4.2
-0.26828 4.4
-0.26803 4.6
-0.26779 4.8
-0.26754 4.9
-0.2673 5.1
-0.26706 5.2
-0.26681 5.3
-0.26657 5.4
-0.26632 5.4
-0.26608 5.5
-0.26583 5.5
-0.26559 5.5
-0.26535 5.4
-0.2651 5.4
-0.26486 5.3
-0.26461 5.2
-0.26437 5.1
-0.26413 4.9
-0.26388 4.7
-0.26364 4.5
-0.26339 4.3
-0.26315 4.1
-0.26291 3.8
-0.26266 3.6
-0.26242 3.3
-0.26217 3.0
-0.26193 2.7
-0.26168 2.4
-0.26144 2.1
-0.2612 1.7
-0.26095 1.4
-0.26071 1.0
-0.26046 0.7
-0.26022 0.3
-0.25998 0.0
-0.25973 -0.4
-0.25949 -0.8
-0.25924 -1.1
-0.259 -1.5
-0.25875 -1.8
-0.25851 -2.2
-0.25827 -2.5
-0.25802 -2.8
-0.25778 -3.1
-0.25753 -3.4
-0.25729 -3.7
-0.25705 -4.0
-0.2568 -4.2
-0.25656 -4.4
-0.25631 -4.7
-0.25607 -4.8
-0.25583 -5.0
-0.25558 -5.2
-0.25534 -5.3
-0.25509 -5.4
-0.25485 -5.5
-0.2546 -5.5
-0.25436 -5.5
-0.25412 -5.5
-0.25387 -5.5
-0.25363 -5.5
-0.25338 -5.4
-0.25314 -5.3
-0.2529 -5.2
-0.25265 -5.1
-0.25241 -4.9
-0.25216 -4.7
-0.25192 -4.5
-0.25167 -4.3
-0.25143 -4.0
-0.25119 -3.8
-0.25094 -3.5
-0.2507 -3.2
-0.25045 -2.9
-0.25021 -2.6
-0.24997 -2.2
-0.24972 -1.9
-0.24948 -1.5
-0.24923 -1.2
-0.24899 -0.8
-0.24874 -0.5
-0.2485 0.0
-0.24826 0.3
-0.24801 0.7
-0.24777 1.0
-0.24752 1.4
-0.24728 1.8
-0.24704 2.1
-0.24679 2.4
-0.24655 2.8
-0.2463 3.1
-0.24606 3.4
-0.24582 3.7
-0.24557 4.0
-0.24533 4.2
-0.24508 4.5
-0.24484 4.7
-0.24459 4.9
-0.24435 5.0
-0.24411 5.2
-0.24386 5.3
-0.24362 5.4
-0.24337 5.5
-0.24313 5.6
-0.24289 5.6
-0.24264 5.6
-0.2424 5.6
-0.24215 5.5
-0.24191 5.5
-0.24166 5.4
-0.24142 5.2
-0.24118 5.1
-0.24093 4.9
-0.24069 4.7
-0.24044 4.5
-0.2402 4.3
-0.23996 4.0
-0.23971 3.8
-0.23947 3.5
-0.23922 3.2
-0.23898 2.9
-0.23874 2.5
-0.23849 2.2
-0.23825 1.8
-0.238 1.5
-0.23776 1.1
-0.23751 0.7
-0.23727 0.3
-0.23703 0.0
-0.23678 -0.4
-0.23654 -0.8
-0.23629 -1.2
-0.23605 -1.6
-0.23581 -1.9
-0.23556 -2.3
-0.23532 -2.6
-0.23507 -3.0
-0.23483 -3.3
-0.23458 -3.6
-0.23434 -3.9
-0.2341 -4.1
-0.23385 -4.4
-0.23361 -4.6
-0.23336 -4.8
-0.23312 -5.0
-0.23288 -5.2
-0.23263 -5.3
-0.23239 -5.5
-0.23214 -5.5
-0.2319 -5.6
-0.23166 -5.6
-0.23141 -5.7
-0.23117 -5.6
-0.23092 -5.6
-0.23068 -5.5
-0.23043 -5.4
-0.23019 -5.3
-0.22995 -5.2
-0.2297 -5.0
-0.22946 -4.8
-0.22921 -4.6
-0.22897 -4.4
-0.22873 -4.1
-0.22848 -3.8
-0.22824 -3.5
-0.22799 -3.2
-0.22775 -2.9
-0.2275 -2.6
-0.22726 -2.2
-0.22702 -1.8
-0.22677 -1.5
-0.22653 -1.1
-0.22628 -0.7
-0.22604 -0.3
-0.2258 0.0
-0.22555 0.5
-0.22531 0.9
-0.22506 1.3
-0.22482 1.6
-0.22458 2.0
-0.22433 2.4
-0.22409 2.7
-0.22384 3.1
-0.2236 3.4
-0.22335 3.7
-0.22311 4.0
-0.22287 4.3
-0.22262 4.5
-0.22238 4.8
-0.22213 5.0
-0.22189 5.1
-0.22165 5.3
-0.2214 5.4
-0.22116 5.6
-0.22091 5.6
-0.22067 5.7
-0.22042 5.7
-0.22018 5.7
-0.21994 5.7
-0.21969 5.6
-0.21945 5.6
-0.2192 5.4
-0.21896 5.3
-0.21872 5.1
-0.21847 5.0
-0.21823 4.7
-0.21798 4.5
-0.21774 4.3
-0.21749 4.0
-0.21725 3.7
-0.21701 3.4
-0.21676 3.0
-0.21652 2.7
-0.21627 2.3
-0.21603 1.9
-0.21579 1.6
-0.21554 1.2
-0.2153 0.8
-0.21505 0.4
-0.21481 0.0
-0.21457 -0.4
-0.21432 -0.8
-0.21408 -1.2
-0.21383 -1.6
-0.21359 -2.0
-0.21334 -2.4
-0.2131 -2.8
-0.21286 -3.1
-0.21261 -3.4
-0.21237 -3.8
-0.21212 -4.1
-0.21188 -4.3
-0.21164 -4.6
-0.21139 -4.8
-0.21115 -5.0
-0.2109 -5.2
-0.21066 -5.4
-0.21041 -5.5
-0.21017 -5.6
-0.20993 -5.7
-0.20968 -5.8
-0.20944 -5.8
-0.20919 -5.8
-0.20895 -5.7
-0.20871 -5.7
-0.20846 -5.6
-0.20822 -5.5
-0.20797 -5.3
-0.20773 -5.1
-0.20749 -4.9
-0.20724 -4.7
-0.207 -4.5
-0.20675 -4.2
-0.20651 -3.9
-0.20626 -3.6
-0.20602 -3.2
-0.20578 -2.9
-0.20553 -2.5
-0.20529 -2.1
-0.20504 -1.8
-0.2048 -1.4
-0.20456 -0.9
-0.20431 -0.5
-0.20407 -0.1
-0.20382 0.3
-0.20358 0.7
-0.20333 1.1
-0.20309 1.5
-0.20285 1.9
-0.2026 2.3
-0.20236 2.7
-0.20211 3.1
-0.20187 3.4
-0.20163 3.7
-0.20138 4.1
-0.20114 4.3
-0.20089 4.6
-0.20065 4.9
-0.20041 5.1
-0.20016 5.3
-0.19992 5.4
-0.19967 5.6
-0.19943 5.7
-0.19918 5.8
-0.19894 5.8
-0.1987 5.9
-0.19845 5.8
-0.19821 5.8
-0.19796 5.7
-0.19772 5.6
-0.19748 5.5
-0.19723 5.4
-0.19699 5.2
-0.19674 5.0
-0.1965 4.7
-0.19625 4.5
-0.19601 4.2
-0.19577 3.9
-0.19552 3.5
-0.19528 3.2
-0.19503 2.8
-0.19479 2.4
-0.19455 2.0
-0.1943 1.6
-0.19406 1.2
-0.19381 0.8
-0.19357 0.4
-0.19333 0.0
-0.19308 -0.5
-0.19284 -0.9
-0.19259 -1.3
-0.19235 -1.7
-0.1921 -2.2
-0.19186 -2.6
-0.19162 -2.9
-0.19137 -3.3
-0.19113 -3.6
-0.19088 -4.0
-0.19064 -4.3
-0.1904 -4.6
-0.19015 -4.8
-0.18991 -5.1
-0.18966 -5.3
-0.18942 -5.5
-0.18917 -5.6
-0.18893 -5.7
-0.18869 -5.8
-0.18844 -5.9
-0.1882 -5.9
-0.18795 -5.9
-0.18771 -5.9
-0.18747 -5.8
-0.18722 -5.7
-0.18698 -5.6
-0.18673 -5.4
-0.18649 -5.2
-0.18624 -5.0
-0.186 -4.8
-0.18576 -4.5
-0.18551 -4.2
-0.18527 -3.9
-0.18502 -3.5
-0.18478 -3.2
-0.18454 -2.8
-0.18429 -2.4
-0.18405 -2.0
-0.1838 -1.6
-0.18356 -1.2
-0.18332 -0.7
-0.18307 -0.3
-0.18283 0.2
-0.18258 0.6
-0.18234 1.0
-0.18209 1.5
-0.18185 1.9
-0.18161 2.3
-0.18136 2.7
-0.18112 3.1
-0.18087 3.5
-0.18063 3.8
-0.18039 4.2
-0.18014 4.5
-0.1799 4.8
-0.17965 5.0
-0.17941 5.2
-0.17916 5.5
-0.17892 5.6
-0.17868 5.8
-0.17843 5.9
-0.17819 5.9
-0.17794 6.0
-0.1777 6.0
-0.17746 6.0
-0.17721 5.9
-0.17697 5.8
-0.17672 5.7
-0.17648 5.5
-0.17624 5.4
-0.17599 5.1
-0.17575 4.9
-0.1755 4.6
-0.17526 4.3
-0.17501 4.0
-0.17477 3.6
-0.17453 3.3
-0.17428 2.9
-0.17404 2.5
-0.17379 2.1
-0.17355 1.6
-0.17331 1.2
-0.17306 0.7
-0.17282 0.3
-0.17257 -0.2
-0.17233 -0.6
-0.17208 -1.1
-0.17184 -1.5
-0.1716 -2.0
-0.17135 -2.4
-0.17111 -2.8
-0.17086 -3.2
-0.17062 -3.6
-0.17038 -4.0
-0.17013 -4.3
-0.16989 -4.6
-0.16964 -4.9
-0.1694 -5.2
-0.16916 -5.4
-0.16891 -5.6
-0.16867 -5.8
-0.16842 -5.9
-0.16818 -6.0
-0.16793 -6.1
-0.16769 -6.1
-0.16745 -6.1
-0.1672 -6.0
-0.16696 -6.0
-0.16671 -5.8
-0.16647 -5.7
-0.16623 -5.5
-0.16598 -5.3
-0.16574 -5.1
-0.16549 -4.8
-0.16525 -4.5
-0.165 -4.2
-0.16476 -3.8
-0.16452 -3.4
-0.16427 -3.0
-0.16403 -2.6
-0.16378 -2.2
-0.16354 -1.7
-0.1633 -1.3
-0.16305 -0.8
-0.16281 -0.3
-0.16256 0.1
-0.16232 0.6
-0.16208 1.1
-0.16183 1.5
-0.16159 2.0
-0.16134 2.4
-0.1611 2.9
-0.16085 3.3
-0.16061 3.7
-0.16037 4.0
-0.16012 4.4
-0.15988 4.7
-0.15963 5.0
-0.15939 5.3
-0.15915 5.5
-0.1589 5.7
-0.15866 5.9
-0.15841 6.0
-0.15817 6.1
-0.15792 6.1
-0.15768 6.2
-0.15744 6.1
-0.15719 6.1
-0.15695 6.0
-0.1567 5.9
-0.15646 5.7
-0.15622 5.5
-0.15597 5.3
-0.15573 5.0
-0.15548 4.7
-0.15524 4.4
-0.15499 4.0
-0.15475 3.6
-0.15451 3.2
-0.15426 2.8
-0.15402 2.4
-0.15377 1.9
-0.15353 1.5
-0.15329 1.0
-0.15304 0.5
-0.1528 0.0
-0.15255 -0.5
-0.15231 -1.0
-0.15207 -1.4
-0.15182 -1.9
-0.15158 -2.4
-0.15133 -2.8
-0.15109 -3.3
-0.15084 -3.7
-0.1506 -4.1
-0.15036 -4.4
-0.15011 -4.8
-0.14987 -5.1
-0.14962 -5.3
-0.14938 -5.6
-0.14914 -5.8
-0.14889 -6.0
-0.14865 -6.1
-0.1484 -6.2
-0.14816 -6.2
-0.14791 -6.3
-0.14767 -6.2
-0.14743 -6.2
-0.14718 -6.1
-0.14694 -5.9
-0.14669 -5.7
-0.14645 -5.5
-0.14621 -5.3
-0.14596 -5.0
-0.14572 -4.7
-0.14547 -4.3
-0.14523 -3.9
-0.14499 -3.5
-0.14474 -3.1
-0.1445 -2.7
-0.14425 -2.2
-0.14401 -1.7
-0.14376 -1.2
-0.14352 -0.7
-0.14328 -0.2
-0.14303 0.3
-0.14279 0.8
-0.14254 1.3
-0.1423 1.8
-0.14206 2.3
-0.14181 2.7
-0.14157 3.2
-0.14132 3.6
-0.14108 4.0
-0.14083 4.4
-0.14059 4.8
-0.14035 5.1
-0.1401 5.4
-0.13986 5.6
-0.13961 5.9
-0.13937 6.0
-0.13913 6.2
-0.13888 6.3
-0.13864 6.3
-0.13839 6.3
-0.13815 6.3
-0.13791 6.3
-0.13766 6.1
-0.13742 6.0
-0.13717 5.8
-0.13693 5.6
-0.13668 5.3
-0.13644 5.0
-0.1362 4.7
-0.13595 4.3
-0.13571 3.9
-0.13546 3.5
-0.13522 3.0
-0.13498 2.5
-0.13473 2.1
-0.13449 1.6
-0.13424 1.0
-0.134 0.5
-0.13375 0.0
-0.13351 -0.5
-0.13327 -1.1
-0.13302 -1.6
-0.13278 -2.1
-0.13253 -2.6
-0.13229 -3.1
-0.13205 -3.5
-0.1318 -3.9
-0.13156 -4.4
-0.13131 -4.7
-0.13107 -5.1
-0.13083 -5.4
-0.13058 -5.7
-0.13034 -5.9
-0.13009 -6.1
-0.12985 -6.2
-0.1296 -6.4
-0.12936 -6.4
-0.12912 -6.4
-0.12887 -6.4
-0.12863 -6.4
-0.12838 -6.2
-0.12814 -6.1
-0.1279 -5.9
-0.12765 -5.6
-0.12741 -5.4
-0.12716 -5.0
-0.12692 -4.7
-0.12667 -4.3
-0.12643 -3.9
-0.12619 -3.4
-0.12594 -3.0
-0.1257 -2.5
-0.12545 -2.0
-0.12521 -1.4
-0.12497 -0.9
-0.12472 -0.4
-0.12448 0.2
-0.12423 0.7
-0.12399 1.3
-0.12374 1.8
-0.1235 2.3
-0.12326 2.9
-0.12301 3.3
-0.12277 3.8
-0.12252 4.2
-0.12228 4.7
-0.12204 5.0
-0.12179 5.4
-0.12155 5.7
-0.1213 5.9
-0.12106 6.1
-0.12082 6.3
-0.12057 6.4
-0.12033 6.5
-0.12008 6.6
-0.11984 6.5
-0.11959 6.5
-0.11935 6.4
-0.11911 6.2
-0.11886 6.0
-0.11862 5.8
-0.11837 5.5
-0.11813 5.1
-0.11789 4.8
-0.11764 4.4
-0.1174 3.9
-0.11715 3.4
-0.11691 3.0
-0.11666 2.4
-0.11642 1.9
-0.11618 1.3
-0.11593 0.8
-0.11569 0.2
-0.11544 -0.4
-0.1152 -0.9
-0.11496 -1.5
-0.11471 -2.0
-0.11447 -2.6
-0.11422 -3.1
-0.11398 -3.6
-0.11374 -4.1
-0.11349 -4.5
-0.11325 -4.9
-0.113 -5.3
-0.11276 -5.6
-0.11251 -5.9
-0.11227 -6.2
-0.11203 -6.4
-0.11178 -6.5
-0.11154 -6.6
-0.11129 -6.7
-0.11105 -6.7
-0.11081 -6.6
-0.11056 -6.5
-0.11032 -6.3
-0.11007 -6.1
-0.10983 -5.9
-0.10958 -5.6
-0.10934 -5.2
-0.1091 -4.9
-0.10885 -4.4
-0.10861 -4.0
-0.10836 -3.5
-0.10812 -3.0
-0.10788 -2.4
-0.10763 -1.9
-0.10739 -1.3
-0.10714 -0.7
-0.1069 0.0
-0.10666 0.5
-0.10641 1.1
-0.10617 1.7
-0.10592 2.3
-0.10568 2.8
-0.10543 3.4
-0.10519 3.9
-0.10495 4.3
-0.1047 4.8
-0.10446 5.2
-0.10421 5.6
-0.10397 5.9
-0.10373 6.2
-0.10348 6.4
-0.10324 6.6
-0.10299 6.7
-0.10275 6.8
-0.1025 6.8
-0.10226 6.7
-0.10202 6.7
-0.10177 6.5
-0.10153 6.3
-0.10128 6.0
-0.10104 5.7
-0.1008 5.4
-0.10055 5.0
-0.10031 4.5
-0.10006 4.1
-0.09982 3.6
-0.09958 3.0
-0.09933 2.4
-0.09909 1.8
-0.09884 1.2
-0.0986 0.6
-0.09835 0.0
-0.09811 -0.6
-0.09787 -1.3
-0.09762 -1.9
-0.09738 -2.5
-0.09713 -3.0
-0.09689 -3.6
-0.09665 -4.1
-0.0964 -4.6
-0.09616 -5.1
-0.09591 -5.5
-0.09567 -5.8
-0.09542 -6.2
-0.09518 -6.4
-0.09494 -6.6
-0.09469 -6.8
-0.09445 -6.9
-0.0942 -6.9
-0.09396 -6.9
-0.09372 -6.8
-0.09347 -6.7
-0.09323 -6.5
-0.09298 -6.2
-0.09274 -5.9
-0.09249 -5.5
-0.09225 -5.1
-0.09201 -4.7
-0.09176 -4.2
-0.09152 -3.6
-0.09127 -3.1
-0.09103 -2.5
-0.09079 -1.8
-0.09054 -1.2
-0.0903 -0.5
-0.09005 0.1
-0.08981 0.8
-0.08957 1.4
-0.08932 2.1
-0.08908 2.7
-0.08883 3.3
-0.08859 3.9
-0.08834 4.4
-0.0881 4.9
-0.08786 5.4
-0.08761 5.8
-0.08737 6.1
-0.08712 6.4
-0.08688 6.7
-0.08664 6.9
-0.08639 7.0
-0.08615 7.1
-0.0859 7.1
-0.08566 7.0
-0.08541 6.9
-0.08517 6.7
-0.08493 6.4
-0.08468 6.1
-0.08444 5.7
-0.08419 5.3
-0.08395 4.8
-0.08371 4.3
-0.08346 3.7
-0.08322 3.1
-0.08297 2.5
-0.08273 1.8
-0.08249 1.1
-0.08224 0.5
-0.082 -0.2
-0.08175 -0.9
-0.08151 -1.6
-0.08126 -2.3
-0.08102 -2.9
-0.08078 -3.6
-0.08053 -4.2
-0.08029 -4.7
-0.08004 -5.2
-0.0798 -5.7
-0.07956 -6.1
-0.07931 -6.4
-0.07907 -6.7
-0.07882 -7.0
-0.07858 -7.1
-0.07833 -7.2
-0.07809 -7.2
-0.07785 -7.2
-0.0776 -7.0
-0.07736 -6.8
-0.07711 -6.6
-0.07687 -6.3
-0.07663 -5.9
-0.07638 -5.4
-0.07614 -4.9
-0.07589 -4.4
-0.07565 -3.8
-0.07541 -3.1
-0.07516 -2.5
-0.07492 -1.8
-0.07467 -1.0
-0.07443 -0.3
-0.07418 0.4
-0.07394 1.2
-0.0737 1.9
-0.07345 2.6
-0.07321 3.3
-0.07296 3.9
-0.07272 4.5
-0.07248 5.1
-0.07223 5.6
-0.07199 6.1
-0.07174 6.5
-0.0715 6.8
-0.07125 7.0
-0.07101 7.2
-0.07077 7.3
-0.07052 7.4
-0.07028 7.3
-0.07003 7.2
-0.06979 7.0
-0.06955 6.8
-0.0693 6.4
-0.06906 6.0
-0.06881 5.5
-0.06857 5.0
-0.06833 4.4
-0.06808 3.8
-0.06784 3.1
-0.06759 2.4
-0.06735 1.6
-0.0671 0.9
-0.06686 0.0
-0.06662 -0.7
-0.06637 -1.5
-0.06613 -2.2
-0.06588 -3.0
-0.06564 -3.7
-0.0654 -4.3
-0.06515 -5.0
-0.06491 -5.5
-0.06466 -6.0
-0.06442 -6.5
-0.06417 -6.9
-0.06393 -7.2
-0.06369 -7.4
-0.06344 -7.5
-0.0632 -7.6
-0.06295 -7.5
-0.06271 -7.4
-0.06247 -7.2
-0.06222 -6.9
-0.06198 -6.6
-0.06173 -6.1
-0.06149 -5.6
-0.06124 -5.0
-0.061 -4.4
-0.06076 -3.7
-0.06051 -3.0
-0.06027 -2.2
-0.06002 -1.4
-0.05978 -0.6
-0.05954 0.3
-0.05929 1.1
-0.05905 1.9
-0.0588 2.7
-0.05856 3.5
-0.05832 4.2
-0.05807 4.9
-0.05783 5.5
-0.05758 6.1
-0.05734 6.6
-0.05709 7.0
-0.05685 7.3
-0.05661 7.6
-0.05636 7.7
-0.05612 7.8
-0.05587 7.7
-0.05563 7.6
-0.05539 7.4
-0.05514 7.1
-0.0549 6.6
-0.05465 6.2
-0.05441 5.6
-0.05416 4.9
-0.05392 4.2
-0.05368 3.5
-0.05343 2.7
-0.05319 1.8
-0.05294 0.9
-0.0527 0.0
-0.05246 -0.8
-0.05221 -1.7
-0.05197 -2.6
-0.05172 -3.4
-0.05148 -4.2
-0.05124 -5.0
-0.05099 -5.6
-0.05075 -6.3
-0.0505 -6.8
-0.05026 -7.2
-0.05001 -7.6
-0.04977 -7.8
-0.04953 -8.0
-0.04928 -8.0
-0.04904 -7.9
-0.04879 -7.8
-0.04855 -7.5
-0.04831 -7.1
-0.04806 -6.6
-0.04782 -6.1
-0.04757 -5.4
-0.04733 -4.7
-0.04708 -3.9
-0.04684 -3.0
-0.0466 -2.1
-0.04635 -1.2
-0.04611 -0.2
-0.04586 0.7
-0.04562 1.7
-0.04538 2.6
-0.04513 3.5
-0.04489 4.4
-0.04464 5.2
-0.0444 5.9
-0.04416 6.6
-0.04391 7.1
-0.04367 7.6
-0.04342 7.9
-0.04318 8.1
-0.04293 8.3
-0.04269 8.3
-0.04245 8.1
-0.0422 7.9
-0.04196 7.5
-0.04171 7.0
-0.04147 6.4
-0.04123 5.7
-0.04098 4.9
-0.04074 4.1
-0.04049 3.2
-0.04025 2.2
-0.04 1.2
-0.03976 0.1
-0.03952 -0.9
-0.03927 -2.0
-0.03903 -3.0
-0.03878 -4.0
-0.03854 -4.9
-0.0383 -5.7
-0.03805 -6.5
-0.03781 -7.1
-0.03756 -7.7
-0.03732 -8.1
-0.03708 -8.4
-0.03683 -8.5
-0.03659 -8.6
-0.03634 -8.4
-0.0361 -8.2
-0.03585 -7.8
-0.03561 -7.3
-0.03537 -6.6
-0.03512 -5.8
-0.03488 -5.0
-0.03463 -4.0
-0.03439 -3.0
-0.03415 -1.9
-0.0339 -0.7
-0.03366 0.4
-0.03341 1.6
-0.03317 2.7
-0.03292 3.8
-0.03268 4.8
-0.03244 5.8
-0.03219 6.6
-0.03195 7.3
-0.0317 8.0
-0.03146 8.4
-0.03122 8.7
-0.03097 8.9
-0.03073 8.9
-0.03048 8.7
-0.03024 8.4
-0.02999 7.9
-0.02975 7.3
-0.02951 6.5
-0.02926 5.6
-0.02902 4.5
-0.02877 3.4
-0.02853 2.2
-0.02829 1.0
-0.02804 -0.3
-0.0278 -1.6
-0.02755 -2.9
-0.02731 -4.1
-0.02707 -5.2
-0.02682 -6.2
-0.02658 -7.2
-0.02633 -7.9
-0.02609 -8.6
-0.02584 -9.0
-0.0256 -9.3
-0.02536 -9.3
-0.02511 -9.2
-0.02487 -8.9
-0.02462 -8.4
-0.02438 -7.7
-0.02414 -6.8
-0.02389 -5.7
-0.02365 -4.6
-0.0234 -3.3
-0.02316 -1.9
-0.02291 -0.5
-0.02267 1.0
-0.02243 2.4
-0.02218 3.8
-0.02194 5.1
-0.02169 6.3
-0.02145 7.4
-0.02121 8.3
-0.02096 9.0
-0.02072 9.5
-0.02047 9.8
-0.02023 9.8
-0.01999 9.6
-0.01974 9.2
-0.0195 8.5
-0.01925 7.5
-0.01901 6.4
-0.01876 5.1
-0.01852 3.6
-0.01828 2.1
-0.01803 0.4
-0.01779 -1.2
-0.01754 -2.9
-0.0173 -4.5
-0.01706 -6.0
-0.01681 -7.3
-0.01657 -8.5
-0.01632 -9.4
-0.01608 -10.0
-0.01583 -10.4
-0.01559 -10.5
-0.01535 -10.2
-0.0151 -9.6
-0.01486 -8.8
-0.01461 -7.6
-0.01437 -6.2
-0.01413 -4.5
-0.01388 -2.7
-0.01364 -0.8
-0.01339 1.2
-0.01315 3.2
-0.01291 5.1
-0.01266 6.8
-0.01242 8.4
-0.01217 9.6
-0.01193 10.6
-0.01168 11.1
-0.01144 11.3
-0.0112 11.0
-0.01095 10.3
-0.01071 9.2
-0.01046 7.7
-0.01022 5.9
-0.00998 3.8
-0.00973 1.4
-0.00949 -1.0
-0.00924 -3.5
-0.009 -5.8
-0.00875 -7.9
-0.00851 -9.8
-0.00827 -11.2
-0.00802 -12.1
-0.00778 -12.4
-0.00753 -12.1
-0.00729 -11.2
-0.00705 -9.6
-0.0068 -7.5
-0.00656 -4.9
-0.00631 -2.0
-0.00607 1.2
-0.00583 4.4
-0.00558 7.4
-0.00534 10.0
-0.00509 12.1
-0.00485 13.4
-0.0046 13.9
-0.00436 13.3
-0.00412 11.6
-0.00387 9.0
-0.00363 5.5
-0.00338 1.4
-0.00314 -3.0
-0.0029 -7.4
-0.00265 -11.3
-0.00241 -14.2
-0.00216 -15.7
-0.00192 -15.5
-0.00167 -13.3
-0.00143 -9.3
-0.00119 -3.6
-0.00094 3.0
-0.0007 9.6
-0.00045 14.9
-0.00021 17.6
3e-05 16.4
0.00028 10.9
0.00052 2.2
0.00077 -7.2
0.00101 -14.1
0.00126 -15.7
0.0015 -11.3
0.00174 -2.9
0.00199 5.7
0.00223 10.7
0.00248 10.4
0.00272 5.6
0.00296 -0.9
0.00321 -5.7
0.00345 -6.9
0.0037 -4.7
0.00394 -0.6
0.00418 2.8
0.00443 4.2
0.00467 3.2
0.00492 0.9
0.00516 -1.4
0.00541 -2.5
0.00565 -2.1
0.00589 -0.7
0.00614 0.7
0.00638 1.5
0.00663 1.3
0.00687 0.6
0.00711 -0.3
0.00736 -0.9
0.0076 -0.8
0.00785 -0.4
0.00809 0.1
0.00834 0.5
0.00858 0.5
0.00882 0.3
0.00907 0.0
0.00931 -0.3
0.00956 -0.3
0.0098 -0.2
0.01004 0.0
0.01029 0.2
0.01053 0.2
0.01078 0.1
0.01102 0.0
0.01126 0.0
0.01151 -0.1
0.01175 0.0
0.012 0.0
0.01224 0.0
0.01249 0.0
0.01273 0.0
0.01297 0.0
0.01322 0.0
0.01346 0.0
0.01371 0.0
0.01395 0.0
0.01419 0.0
0.01444 0.0
0.01468 0.0
0.01493 0.0
0.01517 0.0
0.01542 0.0
0.01566 0.0
0.0159 0.0
0.01615 0.0
0.01639 0.0
0.01664 0.0
0.01688 0.0
0.01712 0.0
0.01737 0.0
0.01761 0.0
0.01786 0.0
0.0181 0.0
0.01834 0.0
0.01859 0.0
0.01883 0.0
0.01908 0.0
0.01932 0.0
0.01957 0.0
0.01981 0.0
0.02005 0.0
0.0203 0.0
0.02054 0.0
0.02079 0.0
0.02103 0.0
0.02127 0.0
0.02152 0.0
0.02176 0.0
0.02201 0.0
0.02225 0.0
0.0225 0.0
0.02274 0.0
0.02298 0.0
0.02323 0.0
0.02347 0.0
0.02372 0.0
0.02396 0.0
0.0242 0.0
0.02445 0.0
0.02469 0.0
0.02494 0.0
0.02518 0.0
0.02542 0.0
0.02567 0.0
0.02591 0.0
0.02616 0.0
0.0264 0.0
0.02665 0.0
0.02689 0.0
0.02713 0.0
0.02738 0.0
0.02762 0.0
0.02787 0.0
0.02811 0.0
0.02835 0.0
0.0286 0.0
0.02884 0.0
0.02909 0.0
0.02933 0.0
0.02958 0.0
0.02982 0.0
0.03006 0.0
0.03031 0.0
0.03055 0.0
0.0308 0.0
0.03104 0.0
0.03128 0.0
0.03153 0.0
0.03177 0.0
0.03202 0.0
0.03226 0.0
0.03251 0.0
0.03275 0.0
0.03299 0.0
0.03324 0.0
0.03348 0.0
0.03373 0.0
0.03397 0.0
0.03421 0.0
0.03446 0.0
0.0347 0.0
0.03495 0.0
0.03519 0.0
0.03543 0.0
0.03568 0.0
0.03592 0.0
0.03617 0.0
0.03641 0.0
0.03666 0.0
0.0369 0.0
0.03714 0.0
0.03739 0.0
0.03763 0.0
0.03788 0.0
0.03812 0.0
0.03836 0.0
0.03861 0.0
0.03885 0.0
0.0391 0.0
0.03934 0.0
0.03959 0.0
0.03983 0.0
0.04007 0.0
0.04032 0.0
0.04056 0.0
0.04081 0.0
0.04105 0.0
0.04129 0.0
0.04154 0.0
0.04178 0.0
0.04203 0.0
0.04227 0.0
0.04251 0.0
0.04276 0.0
0.043 0.0
0.04325 0.0
0.04349 0.0
0.04374 0.0
0.04398 0.0
0.04422 0.0
0.04447 0.0
0.04471 0.0
0.04496 0.0
0.0452 0.0
0.04544 0.0
0.04569 0.0
0.04593 0.0
0.04618 0.0
0.04642 0.0
0.04667 0.0
0.04691 0.0
0.04715 0.0
0.0474 0.0
0.04764 0.0
0.04789 0.0
0.04813 0.0
0.04837 0.0
0.04862 0.0
0.04886 0.0
0.04911 0.0
0.04935 0.0
0.04959 0.0
0.04984 0.0
0.05008 0.0
0.05033 0.0
0.05057 0.0
0.05082 0.0
0.05106 0.0
0.0513 0.0
0.05155 0.0
0.05179 0.0
0.05204 0.0
0.05228 0.0
0.05252 0.0
0.05277 0.0
0.05301 0.0
0.05326 0.0
0.0535 0.0
0.05375 0.0
0.05399 0.0
0.05423 0.0
0.05448 0.0
0.05472 0.0
0.05497 0.0
0.05521 0.0
0.05545 0.0
0.0557 0.0
0.05594 0.0
0.05619 0.0
0.05643 0.0
0.05667 0.0
0.05692 0.0
0.05716 0.0
0.05741 0.0
0.05765 0.0
0.0579 0.0
0.05814 0.0
0.05838 0.0
0.05863 0.0
0.05887 0.0
0.05912 0.0
0.05936 0.0
0.0596 0.0
0.05985 0.0
0.06009 0.0
0.06034 0.0
0.06058 0.0
0.06083 0.0
0.06107 0.0
0.06131 0.0
0.06156 0.0
0.0618 0.0
0.06205 0.0
0.06229 0.0
0.06253 0.0
0.06278 0.0
0.06302 0.0
0.06327 0.0
0.06351 0.0
0.06376 0.0
0.064 0.0
0.06424 0.0
0.06449 0.0
0.06473 0.0
0.06498 0.0
0.06522 0.0
0.06546 0.0
0.06571 0.0
0.06595 0.0
0.0662 0.0
0.06644 0.0
0.06668 0.0
0.06693 0.0
0.06717 0.0
0.06742 0.0
0.06766 0.0
0.06791 0.0
0.06815 0.0
0.06839 0.0
0.06864 0.0
0.06888 0.0
0.06913 0.0
0.06937 0.0
0.06961 0.0
0.06986 0.0
0.0701 0.0
0.07035 0.0
0.07059 0.0
0.07084 0.0
0.07108 0.0
0.07132 0.0
0.07157 0.0
0.07181 0.0
0.07206 0.0
0.0723 0.0
0.07254 0.0
0.07279 0.0
0.07303 0.0
0.07328 0.0
0.07352 0.0
0.07376 0.0
0.07401 0.0
0.07425 0.0
0.0745 0.0
0.07474 0.0
0.07499 0.0
0.07523 0.0
0.07547 0.0
0.07572 0.0
0.07596 0.0
0.07621 0.0
0.07645 0.0
0.07669 0.0
0.07694 0.0
0.07718 0.0
0.07743 0.0
0.07767 0.0
0.07792 0.0
0.07816 0.0
0.0784 0.0
0.07865 0.0
0.07889 0.0
0.07914 0.0
0.07938 0.0
0.07962 0.0
0.07987 0.0
0.08011 0.0
0.08036 0.0
0.0806 0.0
0.08084 0.0
0.08109 0.0
0.08133 0.0
0.08158 0.0
