t strain*1e23
-1.03834 -8.8
-1.03809 -8.8
-1.03785 -8.7
-1.03761 -8.6
-1.03736 -8.5
-1.03712 -8.4
-1.03687 -8.2
-1.03663 -8.1
-1.03638 -7.9
-1.03614 -7.8
-1.0359 -7.6
-1.03565 -7.4
-1.03541 -7.2
-1.03516 -7.0
-1.03492 -6.8
-1.03468 -6.5
-1.03443 -6.3
-1.03419 -6.0
-1.03394 -5.8
-1.0337 -5.5
-1.03345 -5.2
-1.03321 -5.0
-1.03297 -4.7
-1.03272 -4.4
-1.03248 -4.1
-1.03223 -3.8
-1.03199 -3.4
-1.03175 -3.1
-1.0315 -2.8
-1.03126 -2.5
-1.03101 -2.1
-1.03077 -1.8
-1.03053 -1.4
-1.03028 -1.1
-1.03004 -0.8
-1.02979 -0.4
-1.02955 0.0
-1.0293 0.3
-1.02906 0.6
-1.02882 1.0
-1.02857 1.3
-1.02833 1.7
-1.02808 2.0
-1.02784 2.3
-1.0276 2.7
-1.02735 3.0
-1.02711 3.3
-1.02686 3.6
-1.02662 4.0
-1.02637 4.3
-1.02613 4.6
-1.02589 4.9
-1.02564 5.2
-1.0254 5.4
-1.02515 5.7
-1.02491 6.0
-1.02467 6.2
-1.02442 6.5
-1.02418 6.7
-1.02393 6.9
-1.02369 7.2
-1.02345 7.4
-1.0232 7.6
-1.02296 7.7
-1.02271 7.9
-1.02247 8.1
-1.02222 8.2
-1.02198 8.4
-1.02174 8.5
-1.02149 8.6
-1.02125 8.7
-1.021 8.8
-1.02076 8.9
-1.02052 8.9
-1.02027 9.0
-1.02003 9.0
-1.01978 9.0
-1.01954 9.0
-1.01929 9.0
-1.01905 9.0
-1.01881 9.0
-1.01856 8.9
-1.01832 8.9
-1.01807 8.8
-1.01783 8.7
-1.01759 8.6
-1.01734 8.5
-1.0171 8.4
-1.01685 8.2
-1.01661 8.1
-1.01637 7.9
-1.01612 7.7
-1.01588 7.5
-1.01563 7.3
-1.01539 7.1
-1.01514 6.9
-1.0149 6.7
-1.01466 6.5
-1.01441 6.2
-1.01417 5.9
-1.01392 5.7
-1.01368 5.4
-1.01344 5.1
-1.01319 4.8
-1.01295 4.5
-1.0127 4.2
-1.01246 3.9
-1.01221 3.6
-1.01197 3.3
-1.01173 2.9
-1.01148 2.6
-1.01124 2.3
-1.01099 1.9
-1.01075 1.6
-1.01051 1.2
-1.01026 0.9
-1.01002 0.5
-1.00977 0.2
-1.00953 -0.2
-1.00928 -0.5
-1.00904 -0.9
-1.0088 -1.2
-1.00855 -1.5
-1.00831 -1.9
-1.00806 -2.2
-1.00782 -2.6
-1.00758 -2.9
-1.00733 -3.2
-1.00709 -3.6
-1.00684 -3.9
-1.0066 -4.2
-1.00636 -4.5
-1.00611 -4.8
-1.00587 -5.1
-1.00562 -5.4
-1.00538 -5.7
-1.00513 -5.9
-1.00489 -6.2
-1.00465 -6.4
-1.0044 -6.7
-1.00416 -6.9
-1.00391 -7.1
-1.00367 -7.4
-1.00343 -7.6
-1.00318 -7.7
-1.00294 -7.9
-1.00269 -8.1
-1.00245 -8.2
-1.0022 -8.4
-1.00196 -8.5
-1.00172 -8.6
-1.00147 -8.7
-1.00123 -8.8
-1.00098 -8.9
-1.00074 -8.9
-1.0005 -9.0
-1.00025 -9.0
-1.00001 -9.1
-0.99976 -9.1
-0.99952 -9.1
-0.99928 -9.0
-0.99903 -9.0
-0.99879 -9.0
-0.99854 -8.9
-0.9983 -8.8
-0.99805 -8.7
-0.99781 -8.6
-0.99757 -8.5
-0.99732 -8.4
-0.99708 -8.3
-0.99683 -8.1
-0.99659 -7.9
-0.99635 -7.8
-0.9961 -7.6
-0.99586 -7.4
-0.99561 -7.2
-0.99537 -6.9
-0.99512 -6.7
-0.99488 -6.5
-0.99464 -6.2
-0.99439 -6.0
-0.99415 -5.7
-0.9939 -5.4
-0.99366 -5.1
-0.99342 -4.8
-0.99317 -4.5
-0.99293 -4.2
-0.99268 -3.9
-0.99244 -3.6
-0.9922 -3.2
-0.99195 -2.9
-0.99171 -2.6
-0.99146 -2.2
-0.99122 -1.9
-0.99097 -1.5
-0.99073 -1.2
-0.99049 -0.8
-0.99024 -0.5
-0.99 -0.1
-0.98975 0.2
-0.98951 0.6
-0.98927 0.9
-0.98902 1.3
-0.98878 1.6
-0.98853 2.0
-0.98829 2.3
-0.98804 2.7
-0.9878 3.0
-0.98756 3.3
-0.98731 3.7
-0.98707 4.0
-0.98682 4.3
-0.98658 4.6
-0.98634 4.9
-0.98609 5.2
-0.98585 5.5
-0.9856 5.8
-0.98536 6.0
-0.98512 6.3
-0.98487 6.6
-0.98463 6.8
-0.98438 7.0
-0.98414 7.2
-0.98389 7.5
-0.98365 7.7
-0.98341 7.8
-0.98316 8.0
-0.98292 8.2
-0.98267 8.3
-0.98243 8.5
-0.98219 8.6
-0.98194 8.7
-0.9817 8.8
-0.98145 8.9
-0.98121 9.0
-0.98096 9.0
-0.98072 9.1
-0.98048 9.1
-0.98023 9.1
-0.97999 9.1
-0.97974 9.1
-0.9795 9.1
-0.97926 9.0
-0.97901 9.0
-0.97877 8.9
-0.97852 8.8
-0.97828 8.7
-0.97803 8.6
-0.97779 8.5
-0.97755 8.4
-0.9773 8.2
-0.97706 8.1
-0.97681 7.9
-0.97657 7.7
-0.97633 7.5
-0.97608 7.3
-0.97584 7.1
-0.97559 6.8
-0.97535 6.6
-0.97511 6.3
-0.97486 6.1
-0.97462 5.8
-0.97437 5.5
-0.97413 5.2
-0.97388 5.0
-0.97364 4.6
-0.9734 4.3
-0.97315 4.0
-0.97291 3.7
-0.97266 3.4
-0.97242 3.0
-0.97218 2.7
-0.97193 2.3
-0.97169 2.0
-0.97144 1.6
-0.9712 1.3
-0.97095 0.9
-0.97071 0.6
-0.97047 0.2
-0.97022 -0.1
-0.96998 -0.5
-0.96973 -0.8
-0.96949 -1.2
-0.96925 -1.6
-0.969 -1.9
-0.96876 -2.3
-0.96851 -2.6
-0.96827 -2.9
-0.96803 -3.3
-0.96778 -3.6
-0.96754 -3.9
-0.96729 -4.3
-0.96705 -4.6
-0.9668 -4.9
-0.96656 -5.2
-0.96632 -5.5
-0.96607 -5.8
-0.96583 -6.0
-0.96558 -6.3
-0.96534 -6.6
-0.9651 -6.8
-0.96485 -7.0
-0.96461 -7.3
-0.96436 -7.5
-0.96412 -7.7
-0.96387 -7.9
-0.96363 -8.0
-0.96339 -8.2
-0.96314 -8.4
-0.9629 -8.5
-0.96265 -8.6
-0.96241 -8.7
-0.96217 -8.8
-0.96192 -8.9
-0.96168 -9.0
-0.96143 -9.1
-0.96119 -9.1
-0.96095 -9.1
-0.9607 -9.1
-0.96046 -9.1
-0.96021 -9.1
-0.95997 -9.1
-0.95972 -9.1
-0.95948 -9.0
-0.95924 -8.9
-0.95899 -8.9
-0.95875 -8.8
-0.9585 -8.6
-0.95826 -8.5
-0.95802 -8.4
-0.95777 -8.2
-0.95753 -8.1
-0.95728 -7.9
-0.95704 -7.7
-0.95679 -7.5
-0.95655 -7.3
-0.95631 -7.1
-0.95606 -6.8
-0.95582 -6.6
-0.95557 -6.3
-0.95533 -6.1
-0.95509 -5.8
-0.95484 -5.5
-0.9546 -5.2
-0.95435 -4.9
-0.95411 -4.6
-0.95387 -4.3
-0.95362 -4.0
-0.95338 -3.6
-0.95313 -3.3
-0.95289 -3.0
-0.95264 -2.6
-0.9524 -2.3
-0.95216 -1.9
-0.95191 -1.6
-0.95167 -1.2
-0.95142 -0.8
-0.95118 -0.5
-0.95094 -0.1
-0.95069 0.3
-0.95045 0.6
-0.9502 1.0
-0.94996 1.3
-0.94971 1.7
-0.94947 2.0
-0.94923 2.4
-0.94898 2.7
-0.94874 3.1
-0.94849 3.4
-0.94825 3.8
-0.94801 4.1
-0.94776 4.4
-0.94752 4.7
-0.94727 5.0
-0.94703 5.3
-0.94678 5.6
-0.94654 5.9
-0.9463 6.2
-0.94605 6.5
-0.94581 6.7
-0.94556 7.0
-0.94532 7.2
-0.94508 7.4
-0.94483 7.6
-0.94459 7.8
-0.94434 8.0
-0.9441 8.2
-0.94386 8.3
-0.94361 8.5
-0.94337 8.6
-0.94312 8.7
-0.94288 8.8
-0.94263 8.9
-0.94239 9.0
-0.94215 9.1
-0.9419 9.1
-0.94166 9.2
-0.94141 9.2
-0.94117 9.2
-0.94093 9.2
-0.94068 9.2
-0.94044 9.1
-0.94019 9.1
-0.93995 9.0
-0.9397 8.9
-0.93946 8.8
-0.93922 8.7
-0.93897 8.6
-0.93873 8.5
-0.93848 8.3
-0.93824 8.2
-0.938 8.0
-0.93775 7.8
-0.93751 7.6
-0.93726 7.4
-0.93702 7.2
-0.93678 6.9
-0.93653 6.7
-0.93629 6.4
-0.93604 6.2
-0.9358 5.9
-0.93555 5.6
-0.93531 5.3
-0.93507 5.0
-0.93482 4.7
-0.93458 4.4
-0.93433 4.0
-0.93409 3.7
-0.93385 3.4
-0.9336 3.0
-0.93336 2.7
-0.93311 2.3
-0.93287 2.0
-0.93262 1.6
-0.93238 1.2
-0.93214 0.9
-0.93189 0.5
-0.93165 0.2
-0.9314 -0.2
-0.93116 -0.6
-0.93092 -0.9
-0.93067 -1.3
-0.93043 -1.7
-0.93018 -2.0
-0.92994 -2.4
-0.9297 -2.7
-0.92945 -3.1
-0.92921 -3.4
-0.92896 -3.8
-0.92872 -4.1
-0.92847 -4.4
-0.92823 -4.8
-0.92799 -5.1
-0.92774 -5.4
-0.9275 -5.7
-0.92725 -6.0
-0.92701 -6.2
-0.92677 -6.5
-0.92652 -6.8
-0.92628 -7.0
-0.92603 -7.2
-0.92579 -7.5
-0.92554 -7.7
-0.9253 -7.9
-0.92506 -8.1
-0.92481 -8.2
-0.92457 -8.4
-0.92432 -8.5
-0.92408 -8.7
-0.92384 -8.8
-0.92359 -8.9
-0.92335 -9.0
-0.9231 -9.1
-0.92286 -9.1
-0.92262 -9.2
-0.92237 -9.2
-0.92213 -9.2
-0.92188 -9.2
-0.92164 -9.2
-0.92139 -9.2
-0.92115 -9.2
-0.92091 -9.1
-0.92066 -9.0
-0.92042 -8.9
-0.92017 -8.9
-0.91993 -8.7
-0.91969 -8.6
-0.91944 -8.5
-0.9192 -8.3
-0.91895 -8.2
-0.91871 -8.0
-0.91846 -7.8
-0.91822 -7.6
-0.91798 -7.4
-0.91773 -7.1
-0.91749 -6.9
-0.91724 -6.6
-0.917 -6.4
-0.91676 -6.1
-0.91651 -5.8
-0.91627 -5.5
-0.91602 -5.2
-0.91578 -4.9
-0.91553 -4.6
-0.91529 -4.3
-0.91505 -3.9
-0.9148 -3.6
-0.91456 -3.2
-0.91431 -2.9
-0.91407 -2.5
-0.91383 -2.2
-0.91358 -1.8
-0.91334 -1.5
-0.91309 -1.1
-0.91285 -0.7
-0.91261 -0.4
-0.91236 0.0
-0.91212 0.4
-0.91187 0.8
-0.91163 1.1
-0.91138 1.5
-0.91114 1.9
-0.9109 2.2
-0.91065 2.6
-0.91041 2.9
-0.91016 3.3
-0.90992 3.6
-0.90968 4.0
-0.90943 4.3
-0.90919 4.6
-0.90894 5.0
-0.9087 5.3
-0.90845 5.6
-0.90821 5.9
-0.90797 6.1
-0.90772 6.4
-0.90748 6.7
-0.90723 6.9
-0.90699 7.2
-0.90675 7.4
-0.9065 7.6
-0.90626 7.8
-0.90601 8.0
-0.90577 8.2
-0.90553 8.4
-0.90528 8.5
-0.90504 8.7
-0.90479 8.8
-0.90455 8.9
-0.9043 9.0
-0.90406 9.1
-0.90382 9.2
-0.90357 9.2
-0.90333 9.2
-0.90308 9.3
-0.90284 9.3
-0.9026 9.3
-0.90235 9.2
-0.90211 9.2
-0.90186 9.2
-0.90162 9.1
-0.90137 9.0
-0.90113 8.9
-0.90089 8.8
-0.90064 8.7
-0.9004 8.5
-0.90015 8.4
-0.89991 8.2
-0.89967 8.0
-0.89942 7.8
-0.89918 7.6
-0.89893 7.4
-0.89869 7.2
-0.89845 6.9
-0.8982 6.7
-0.89796 6.4
-0.89771 6.1
-0.89747 5.9
-0.89722 5.6
-0.89698 5.3
-0.89674 5.0
-0.89649 4.6
-0.89625 4.3
-0.896 4.0
-0.89576 3.6
-0.89552 3.3
-0.89527 2.9
-0.89503 2.6
-0.89478 2.2
-0.89454 1.8
-0.89429 1.5
-0.89405 1.1
-0.89381 0.7
-0.89356 0.3
-0.89332 0.0
-0.89307 -0.4
-0.89283 -0.8
-0.89259 -1.2
-0.89234 -1.5
-0.8921 -1.9
-0.89185 -2.3
-0.89161 -2.6
-0.89137 -3.0
-0.89112 -3.3
-0.89088 -3.7
-0.89063 -4.0
-0.89039 -4.4
-0.89014 -4.7
-0.8899 -5.0
-0.88966 -5.3
-0.88941 -5.6
-0.88917 -5.9
-0.88892 -6.2
-0.88868 -6.5
-0.88844 -6.8
-0.88819 -7.0
-0.88795 -7.3
-0.8877 -7.5
-0.88746 -7.7
-0.88721 -7.9
-0.88697 -8.1
-0.88673 -8.3
-0.88648 -8.5
-0.88624 -8.6
-0.88599 -8.7
-0.88575 -8.9
-0.88551 -9.0
-0.88526 -9.1
-0.88502 -9.2
-0.88477 -9.2
-0.88453 -9.3
-0.88428 -9.3
-0.88404 -9.3
-0.8838 -9.3
-0.88355 -9.3
-0.88331 -9.3
-0.88306 -9.2
-0.88282 -9.2
-0.88258 -9.1
-0.88233 -9.0
-0.88209 -8.9
-0.88184 -8.8
-0.8816 -8.7
-0.88136 -8.5
-0.88111 -8.4
-0.88087 -8.2
-0.88062 -8.0
-0.88038 -7.8
-0.88013 -7.6
-0.87989 -7.4
-0.87965 -7.1
-0.8794 -6.9
-0.87916 -6.6
-0.87891 -6.3
-0.87867 -6.0
-0.87843 -5.7
-0.87818 -5.4
-0.87794 -5.1
-0.87769 -4.8
-0.87745 -4.5
-0.8772 -4.1
-0.87696 -3.8
-0.87672 -3.4
-0.87647 -3.1
-0.87623 -2.7
-0.87598 -2.4
-0.87574 -2.0
-0.8755 -1.6
-0.87525 -1.2
-0.87501 -0.9
-0.87476 -0.5
-0.87452 -0.1
-0.87428 0.3
-0.87403 0.7
-0.87379 1.0
-0.87354 1.4
-0.8733 1.8
-0.87305 2.2
-0.87281 2.5
-0.87257 2.9
-0.87232 3.3
-0.87208 3.6
-0.87183 4.0
-0.87159 4.3
-0.87135 4.6
-0.8711 5.0
-0.87086 5.3
-0.87061 5.6
-0.87037 5.9
-0.87012 6.2
-0.86988 6.5
-0.86964 6.7
-0.86939 7.0
-0.86915 7.2
-0.8689 7.5
-0.86866 7.7
-0.86842 7.9
-0.86817 8.1
-0.86793 8.3
-0.86768 8.5
-0.86744 8.6
-0.8672 8.8
-0.86695 8.9
-0.86671 9.0
-0.86646 9.1
-0.86622 9.2
-0.86597 9.3
-0.86573 9.3
-0.86549 9.3
-0.86524 9.4
-0.865 9.4
-0.86475 9.4
-0.86451 9.3
-0.86427 9.3
-0.86402 9.2
-0.86378 9.2
-0.86353 9.1
-0.86329 9.0
-0.86304 8.8
-0.8628 8.7
-0.86256 8.6
-0.86231 8.4
-0.86207 8.2
-0.86182 8.0
-0.86158 7.8
-0.86134 7.6
-0.86109 7.4
-0.86085 7.1
-0.8606 6.9
-0.86036 6.6
-0.86012 6.3
-0.85987 6.0
-0.85963 5.7
-0.85938 5.4
-0.85914 5.1
-0.85889 4.8
-0.85865 4.5
-0.85841 4.1
-0.85816 3.8
-0.85792 3.4
-0.85767 3.1
-0.85743 2.7
-0.85719 2.3
-0.85694 1.9
-0.8567 1.6
-0.85645 1.2
-0.85621 0.8
-0.85596 0.4
-0.85572 0.0
-0.85548 -0.4
-0.85523 -0.7
-0.85499 -1.1
-0.85474 -1.5
-0.8545 -1.9
-0.85426 -2.3
-0.85401 -2.6
-0.85377 -3.0
-0.85352 -3.4
-0.85328 -3.7
-0.85303 -4.1
-0.85279 -4.4
-0.85255 -4.8
-0.8523 -5.1
-0.85206 -5.4
-0.85181 -5.7
-0.85157 -6.0
-0.85133 -6.3
-0.85108 -6.6
-0.85084 -6.9
-0.85059 -7.1
-0.85035 -7.4
-0.85011 -7.6
-0.84986 -7.8
-0.84962 -8.0
-0.84937 -8.2
-0.84913 -8.4
-0.84888 -8.6
-0.84864 -8.7
-0.8484 -8.9
-0.84815 -9.0
-0.84791 -9.1
-0.84766 -9.2
-0.84742 -9.3
-0.84718 -9.3
-0.84693 -9.4
-0.84669 -9.4
-0.84644 -9.4
-0.8462 -9.4
-0.84595 -9.4
-0.84571 -9.4
-0.84547 -9.3
-0.84522 -9.2
-0.84498 -9.2
-0.84473 -9.1
-0.84449 -8.9
-0.84425 -8.8
-0.844 -8.7
-0.84376 -8.5
-0.84351 -8.3
-0.84327 -8.1
-0.84303 -7.9
-0.84278 -7.7
-0.84254 -7.5
-0.84229 -7.3
-0.84205 -7.0
-0.8418 -6.7
-0.84156 -6.5
-0.84132 -6.2
-0.84107 -5.9
-0.84083 -5.6
-0.84058 -5.2
-0.84034 -4.9
-0.8401 -4.6
-0.83985 -4.2
-0.83961 -3.9
-0.83936 -3.5
-0.83912 -3.2
-0.83887 -2.8
-0.83863 -2.4
-0.83839 -2.0
-0.83814 -1.7
-0.8379 -1.3
-0.83765 -0.9
-0.83741 -0.5
-0.83717 -0.1
-0.83692 0.3
-0.83668 0.7
-0.83643 1.1
-0.83619 1.5
-0.83595 1.8
-0.8357 2.2
-0.83546 2.6
-0.83521 3.0
-0.83497 3.3
-0.83472 3.7
-0.83448 4.1
-0.83424 4.4
-0.83399 4.8
-0.83375 5.1
-0.8335 5.4
-0.83326 5.7
-0.83302 6.0
-0.83277 6.3
-0.83253 6.6
-0.83228 6.9
-0.83204 7.2
-0.83179 7.4
-0.83155 7.6
-0.83131 7.9
-0.83106 8.1
-0.83082 8.3
-0.83057 8.5
-0.83033 8.6
-0.83009 8.8
-0.82984 8.9
-0.8296 9.0
-0.82935 9.2
-0.82911 9.2
-0.82887 9.3
-0.82862 9.4
-0.82838 9.4
-0.82813 9.5
-0.82789 9.5
-0.82764 9.5
-0.8274 9.4
-0.82716 9.4
-0.82691 9.3
-0.82667 9.3
-0.82642 9.2
-0.82618 9.1
-0.82594 9.0
-0.82569 8.8
-0.82545 8.7
-0.8252 8.5
-0.82496 8.3
-0.82471 8.1
-0.82447 7.9
-0.82423 7.7
-0.82398 7.5
-0.82374 7.2
-0.82349 7.0
-0.82325 6.7
-0.82301 6.4
-0.82276 6.1
-0.82252 5.8
-0.82227 5.5
-0.82203 5.2
-0.82178 4.8
-0.82154 4.5
-0.8213 4.2
-0.82105 3.8
-0.82081 3.4
-0.82056 3.1
-0.82032 2.7
-0.82008 2.3
-0.81983 1.9
-0.81959 1.5
-0.81934 1.1
-0.8191 0.7
-0.81886 0.3
-0.81861 0.0
-0.81837 -0.4
-0.81812 -0.8
-0.81788 -1.2
-0.81763 -1.6
-0.81739 -2.0
-0.81715 -2.4
-0.8169 -2.8
-0.81666 -3.2
-0.81641 -3.5
-0.81617 -3.9
-0.81593 -4.3
-0.81568 -4.6
-0.81544 -4.9
-0.81519 -5.3
-0.81495 -5.6
-0.8147 -5.9
-0.81446 -6.2
-0.81422 -6.5
-0.81397 -6.8
-0.81373 -7.1
-0.81348 -7.3
-0.81324 -7.6
-0.813 -7.8
-0.81275 -8.0
-0.81251 -8.2
-0.81226 -8.4
-0.81202 -8.6
-0.81178 -8.8
-0.81153 -8.9
-0.81129 -9.0
-0.81104 -9.2
-0.8108 -9.3
-0.81055 -9.3
-0.81031 -9.4
-0.81007 -9.5
-0.80982 -9.5
-0.80958 -9.5
-0.80933 -9.5
-0.80909 -9.5
-0.80885 -9.5
-0.8086 -9.4
-0.80836 -9.3
-0.80811 -9.3
-0.80787 -9.2
-0.80762 -9.0
-0.80738 -8.9
-0.80714 -8.8
-0.80689 -8.6
-0.80665 -8.4
-0.8064 -8.2
-0.80616 -8.0
-0.80592 -7.8
-0.80567 -7.6
-0.80543 -7.3
-0.80518 -7.1
-0.80494 -6.8
-0.8047 -6.5
-0.80445 -6.2
-0.80421 -5.9
-0.80396 -5.6
-0.80372 -5.2
-0.80347 -4.9
-0.80323 -4.6
-0.80299 -4.2
-0.80274 -3.8
-0.8025 -3.5
-0.80225 -3.1
-0.80201 -2.7
-0.80177 -2.3
-0.80152 -1.9
-0.80128 -1.6
-0.80103 -1.2
-0.80079 -0.8
-0.80054 -0.4
-0.8003 0.0
-0.80006 0.4
-0.79981 0.8
-0.79957 1.2
-0.79932 1.6
-0.79908 2.0
-0.79884 2.4
-0.79859 2.8
-0.79835 3.2
-0.7981 3.6
-0.79786 3.9
-0.79762 4.3
-0.79737 4.7
-0.79713 5.0
-0.79688 5.3
-0.79664 5.7
-0.79639 6.0
-0.79615 6.3
-0.79591 6.6
-0.79566 6.9
-0.79542 7.2
-0.79517 7.4
-0.79493 7.7
-0.79469 7.9
-0.79444 8.1
-0.7942 8.3
-0.79395 8.5
-0.79371 8.7
-0.79346 8.8
-0.79322 9.0
-0.79298 9.1
-0.79273 9.2
-0.79249 9.3
-0.79224 9.4
-0.792 9.5
-0.79176 9.5
-0.79151 9.5
-0.79127 9.6
-0.79102 9.6
-0.79078 9.5
-0.79053 9.5
-0.79029 9.4
-0.79005 9.4
-0.7898 9.3
-0.78956 9.2
-0.78931 9.0
-0.78907 8.9
-0.78883 8.8
-0.78858 8.6
-0.78834 8.4
-0.78809 8.2
-0.78785 8.0
-0.78761 7.8
-0.78736 7.5
-0.78712 7.3
-0.78687 7.0
-0.78663 6.7
-0.78638 6.4
-0.78614 6.1
-0.7859 5.8
-0.78565 5.5
-0.78541 5.1
-0.78516 4.8
-0.78492 4.4
-0.78468 4.1
-0.78443 3.7
-0.78419 3.3
-0.78394 2.9
-0.7837 2.5
-0.78345 2.1
-0.78321 1.7
-0.78297 1.3
-0.78272 0.9
-0.78248 0.5
-0.78223 0.1
-0.78199 -0.3
-0.78175 -0.7
-0.7815 -1.1
-0.78126 -1.5
-0.78101 -1.9
-0.78077 -2.3
-0.78053 -2.7
-0.78028 -3.1
-0.78004 -3.5
-0.77979 -3.8
-0.77955 -4.2
-0.7793 -4.6
-0.77906 -4.9
-0.77882 -5.3
-0.77857 -5.6
-0.77833 -5.9
-0.77808 -6.2
-0.77784 -6.5
-0.7776 -6.8
-0.77735 -7.1
-0.77711 -7.4
-0.77686 -7.6
-0.77662 -7.9
-0.77637 -8.1
-0.77613 -8.3
-0.77589 -8.5
-0.77564 -8.7
-0.7754 -8.9
-0.77515 -9.0
-0.77491 -9.1
-0.77467 -9.3
-0.77442 -9.4
-0.77418 -9.4
-0.77393 -9.5
-0.77369 -9.6
-0.77345 -9.6
-0.7732 -9.6
-0.77296 -9.6
-0.77271 -9.6
-0.77247 -9.6
-0.77222 -9.5
-0.77198 -9.4
-0.77174 -9.3
-0.77149 -9.2
-0.77125 -9.1
-0.771 -9.0
-0.77076 -8.8
-0.77052 -8.6
-0.77027 -8.4
-0.77003 -8.2
-0.76978 -8.0
-0.76954 -7.8
-0.76929 -7.5
-0.76905 -7.3
-0.76881 -7.0
-0.76856 -6.7
-0.76832 -6.4
-0.76807 -6.1
-0.76783 -5.8
-0.76759 -5.5
-0.76734 -5.1
-0.7671 -4.8
-0.76685 -4.4
-0.76661 -4.0
-0.76637 -3.7
-0.76612 -3.3
-0.76588 -2.9
-0.76563 -2.5
-0.76539 -2.1
-0.76514 -1.7
-0.7649 -1.3
-0.76466 -0.9
-0.76441 -0.5
-0.76417 0.0
-0.76392 0.4
-0.76368 0.8
-0.76344 1.2
-0.76319 1.6
-0.76295 2.0
-0.7627 2.4
-0.76246 2.8
-0.76221 3.2
-0.76197 3.6
-0.76173 4.0
-0.76148 4.3
-0.76124 4.7
-0.76099 5.0
-0.76075 5.4
-0.76051 5.7
-0.76026 6.1
-0.76002 6.4
-0.75977 6.7
-0.75953 7.0
-0.75928 7.3
-0.75904 7.5
-0.7588 7.8
-0.75855 8.0
-0.75831 8.2
-0.75806 8.4
-0.75782 8.6
-0.75758 8.8
-0.75733 9.0
-0.75709 9.1
-0.75684 9.3
-0.7566 9.4
-0.75636 9.5
-0.75611 9.5
-0.75587 9.6
-0.75562 9.6
-0.75538 9.7
-0.75513 9.7
-0.75489 9.7
-0.75465 9.6
-0.7544 9.6
-0.75416 9.5
-0.75391 9.4
-0.75367 9.3
-0.75343 9.2
-0.75318 9.1
-0.75294 8.9
-0.75269 8.8
-0.75245 8.6
-0.7522 8.4
-0.75196 8.2
-0.75172 7.9
-0.75147 7.7
-0.75123 7.4
-0.75098 7.2
-0.75074 6.9
-0.7505 6.6
-0.75025 6.3
-0.75001 5.9
-0.74976 5.6
-0.74952 5.3
-0.74928 4.9
-0.74903 4.5
-0.74879 4.2
-0.74854 3.8
-0.7483 3.4
-0.74805 3.0
-0.74781 2.6
-0.74757 2.2
-0.74732 1.8
-0.74708 1.4
-0.74683 1.0
-0.74659 0.6
-0.74635 0.1
-0.7461 -0.3
-0.74586 -0.7
-0.74561 -1.1
-0.74537 -1.5
-0.74512 -1.9
-0.74488 -2.3
-0.74464 -2.8
-0.74439 -3.2
-0.74415 -3.5
-0.7439 -3.9
-0.74366 -4.3
-0.74342 -4.7
-0.74317 -5.0
-0.74293 -5.4
-0.74268 -5.7
-0.74244 -6.1
-0.7422 -6.4
-0.74195 -6.7
-0.74171 -7.0
-0.74146 -7.3
-0.74122 -7.6
-0.74097 -7.8
-0.74073 -8.1
-0.74049 -8.3
-0.74024 -8.5
-0.74 -8.7
-0.73975 -8.9
-0.73951 -9.0
-0.73927 -9.2
-0.73902 -9.3
-0.73878 -9.4
-0.73853 -9.5
-0.73829 -9.6
-0.73804 -9.6
-0.7378 -9.7
-0.73756 -9.7
-0.73731 -9.7
-0.73707 -9.7
-0.73682 -9.7
-0.73658 -9.6
-0.73634 -9.6
-0.73609 -9.5
-0.73585 -9.4
-0.7356 -9.2
-0.73536 -9.1
-0.73512 -8.9
-0.73487 -8.8
-0.73463 -8.6
-0.73438 -8.4
-0.73414 -8.2
-0.73389 -7.9
-0.73365 -7.7
-0.73341 -7.4
-0.73316 -7.1
-0.73292 -6.8
-0.73267 -6.5
-0.73243 -6.2
-0.73219 -5.9
-0.73194 -5.5
-0.7317 -5.2
-0.73145 -4.8
-0.73121 -4.4
-0.73096 -4.1
-0.73072 -3.7
-0.73048 -3.3
-0.73023 -2.9
-0.72999 -2.5
-0.72974 -2.1
-0.7295 -1.6
-0.72926 -1.2
-0.72901 -0.8
-0.72877 -0.4
-0.72852 0.0
-0.72828 0.5
-0.72803 0.9
-0.72779 1.3
-0.72755 1.7
-0.7273 2.1
-0.72706 2.5
-0.72681 3.0
-0.72657 3.4
-0.72633 3.8
-0.72608 4.1
-0.72584 4.5
-0.72559 4.9
-0.72535 5.3
-0.72511 5.6
-0.72486 6.0
-0.72462 6.3
-0.72437 6.6
-0.72413 6.9
-0.72388 7.2
-0.72364 7.5
-0.7234 7.7
-0.72315 8.0
-0.72291 8.2
-0.72266 8.5
-0.72242 8.7
-0.72218 8.9
-0.72193 9.0
-0.72169 9.2
-0.72144 9.3
-0.7212 9.4
-0.72095 9.5
-0.72071 9.6
-0.72047 9.7
-0.72022 9.7
-0.71998 9.8
-0.71973 9.8
-0.71949 9.8
-0.71925 9.7
-0.719 9.7
-0.71876 9.6
-0.71851 9.5
-0.71827 9.4
-0.71803 9.3
-0.71778 9.2
-0.71754 9.0
-0.71729 8.9
-0.71705 8.7
-0.7168 8.5
-0.71656 8.2
-0.71632 8.0
-0.71607 7.8
-0.71583 7.5
-0.71558 7.2
-0.71534 6.9
-0.7151 6.6
-0.71485 6.3
-0.71461 5.9
-0.71436 5.6
-0.71412 5.2
-0.71387 4.9
-0.71363 4.5
-0.71339 4.1
-0.71314 3.7
-0.7129 3.3
-0.71265 2.9
-0.71241 2.5
-0.71217 2.1
-0.71192 1.7
-0.71168 1.2
-0.71143 0.8
-0.71119 0.4
-0.71095 0.0
-0.7107 -0.5
-0.71046 -0.9
-0.71021 -1.3
-0.70997 -1.8
-0.70972 -2.2
-0.70948 -2.6
-0.70924 -3.0
-0.70899 -3.4
-0.70875 -3.8
-0.7085 -4.2
-0.70826 -4.6
-0.70802 -5.0
-0.70777 -5.3
-0.70753 -5.7
-0.70728 -6.0
-0.70704 -6.4
-0.70679 -6.7
-0.70655 -7.0
-0.70631 -7.3
-0.70606 -7.6
-0.70582 -7.8
-0.70557 -8.1
-0.70533 -8.3
-0.70509 -8.6
-0.70484 -8.8
-0.7046 -8.9
-0.70435 -9.1
-0.70411 -9.3
-0.70387 -9.4
-0.70362 -9.5
-0.70338 -9.6
-0.70313 -9.7
-0.70289 -9.8
-0.70264 -9.8
-0.7024 -9.8
-0.70216 -9.8
-0.70191 -9.8
-0.70167 -9.8
-0.70142 -9.7
-0.70118 -9.6
-0.70094 -9.6
-0.70069 -9.4
-0.70045 -9.3
-0.7002 -9.2
-0.69996 -9.0
-0.69971 -8.8
-0.69947 -8.6
-0.69923 -8.4
-0.69898 -8.2
-0.69874 -7.9
-0.69849 -7.7
-0.69825 -7.4
-0.69801 -7.1
-0.69776 -6.8
-0.69752 -6.5
-0.69727 -6.1
-0.69703 -5.8
-0.69678 -5.4
-0.69654 -5.1
-0.6963 -4.7
-0.69605 -4.3
-0.69581 -3.9
-0.69556 -3.5
-0.69532 -3.1
-0.69508 -2.7
-0.69483 -2.3
-0.69459 -1.8
-0.69434 -1.4
-0.6941 -1.0
-0.69386 -0.6
-0.69361 -0.1
-0.69337 0.3
-0.69312 0.8
-0.69288 1.2
-0.69263 1.6
-0.69239 2.0
-0.69215 2.5
-0.6919 2.9
-0.69166 3.3
-0.69141 3.7
-0.69117 4.1
-0.69093 4.5
-0.69068 4.9
-0.69044 5.3
-0.69019 5.6
-0.68995 6.0
-0.6897 6.3
-0.68946 6.7
-0.68922 7.0
-0.68897 7.3
-0.68873 7.6
-0.68848 7.8
-0.68824 8.1
-0.688 8.3
-0.68775 8.6
-0.68751 8.8
-0.68726 9.0
-0.68702 9.1
-0.68678 9.3
-0.68653 9.4
-0.68629 9.6
-0.68604 9.7
-0.6858 9.7
-0.68555 9.8
-0.68531 9.9
-0.68507 9.9
-0.68482 9.9
-0.68458 9.9
-0.68433 9.8
-0.68409 9.8
-0.68385 9.7
-0.6836 9.6
-0.68336 9.5
-0.68311 9.4
-0.68287 9.2
-0.68262 9.1
-0.68238 8.9
-0.68214 8.7
-0.68189 8.5
-0.68165 8.2
-0.6814 8.0
-0.68116 7.7
-0.68092 7.4
-0.68067 7.1
-0.68043 6.8
-0.68018 6.5
-0.67994 6.1
-0.6797 5.8
-0.67945 5.4
-0.67921 5.0
-0.67896 4.7
-0.67872 4.3
-0.67847 3.9
-0.67823 3.5
-0.67799 3.0
-0.67774 2.6
-0.6775 2.2
-0.67725 1.8
-0.67701 1.3
-0.67677 0.9
-0.67652 0.4
-0.67628 0.0
-0.67603 -0.4
-0.67579 -0.9
-0.67554 -1.3
-0.6753 -1.8
-0.67506 -2.2
-0.67481 -2.6
-0.67457 -3.0
-0.67432 -3.5
-0.67408 -3.9
-0.67384 -4.3
-0.67359 -4.7
-0.67335 -5.1
-0.6731 -5.4
-0.67286 -5.8
-0.67262 -6.2
-0.67237 -6.5
-0.67213 -6.8
-0.67188 -7.1
-0.67164 -7.4
-0.67139 -7.7
-0.67115 -8.0
-0.67091 -8.3
-0.67066 -8.5
-0.67042 -8.7
-0.67017 -8.9
-0.66993 -9.1
-0.66969 -9.3
-0.66944 -9.4
-0.6692 -9.6
-0.66895 -9.7
-0.66871 -9.8
-0.66846 -9.8
-0.66822 -9.9
-0.66798 -9.9
-0.66773 -9.9
-0.66749 -9.9
-0.66724 -9.9
-0.667 -9.9
-0.66676 -9.8
-0.66651 -9.7
-0.66627 -9.6
-0.66602 -9.5
-0.66578 -9.3
-0.66553 -9.2
-0.66529 -9.0
-0.66505 -8.8
-0.6648 -8.6
-0.66456 -8.3
-0.66431 -8.1
-0.66407 -7.8
-0.66383 -7.5
-0.66358 -7.2
-0.66334 -6.9
-0.66309 -6.6
-0.66285 -6.3
-0.66261 -5.9
-0.66236 -5.5
-0.66212 -5.2
-0.66187 -4.8
-0.66163 -4.4
-0.66138 -4.0
-0.66114 -3.6
-0.6609 -3.1
-0.66065 -2.7
-0.66041 -2.3
-0.66016 -1.8
-0.65992 -1.4
-0.65968 -0.9
-0.65943 -0.5
-0.65919 0.0
-0.65894 0.4
-0.6587 0.8
-0.65845 1.3
-0.65821 1.7
-0.65797 2.2
-0.65772 2.6
-0.65748 3.0
-0.65723 3.5
-0.65699 3.9
-0.65675 4.3
-0.6565 4.7
-0.65626 5.1
-0.65601 5.5
-0.65577 5.8
-0.65553 6.2
-0.65528 6.6
-0.65504 6.9
-0.65479 7.2
-0.65455 7.5
-0.6543 7.8
-0.65406 8.1
-0.65382 8.3
-0.65357 8.6
-0.65333 8.8
-0.65308 9.0
-0.65284 9.2
-0.6526 9.4
-0.65235 9.5
-0.65211 9.6
-0.65186 9.7
-0.65162 9.8
-0.65137 9.9
-0.65113 10.0
-0.65089 10.0
-0.65064 10.0
-0.6504 10.0
-0.65015 10.0
-0.64991 9.9
-0.64967 9.8
-0.64942 9.7
-0.64918 9.6
-0.64893 9.5
-0.64869 9.3
-0.64845 9.2
-0.6482 9.0
-0.64796 8.8
-0.64771 8.6
-0.64747 8.3
-0.64722 8.0
-0.64698 7.8
-0.64674 7.5
-0.64649 7.2
-0.64625 6.8
-0.646 6.5
-0.64576 6.2
-0.64552 5.8
-0.64527 5.4
-0.64503 5.0
-0.64478 4.6
-0.64454 4.2
-0.64429 3.8
-0.64405 3.4
-0.64381 3.0
-0.64356 2.5
-0.64332 2.1
-0.64307 1.6
-0.64283 1.2
-0.64259 0.7
-0.64234 0.3
-0.6421 -0.2
-0.64185 -0.6
-0.64161 -1.1
-0.64137 -1.5
-0.64112 -2.0
-0.64088 -2.4
-0.64063 -2.9
-0.64039 -3.3
-0.64014 -3.7
-0.6399 -4.2
-0.63966 -4.6
-0.63941 -5.0
-0.63917 -5.4
-0.63892 -5.7
-0.63868 -6.1
-0.63844 -6.5
-0.63819 -6.8
-0.63795 -7.1
-0.6377 -7.5
-0.63746 -7.8
-0.63721 -8.0
-0.63697 -8.3
-0.63673 -8.6
-0.63648 -8.8
-0.63624 -9.0
-0.63599 -9.2
-0.63575 -9.4
-0.63551 -9.5
-0.63526 -9.7
-0.63502 -9.8
-0.63477 -9.9
-0.63453 -10.0
-0.63428 -10.0
-0.63404 -10.0
-0.6338 -10.1
-0.63355 -10.0
-0.63331 -10.0
-0.63306 -10.0
-0.63282 -9.9
-0.63258 -9.8
-0.63233 -9.7
-0.63209 -9.6
-0.63184 -9.4
-0.6316 -9.2
-0.63136 -9.1
-0.63111 -8.8
-0.63087 -8.6
-0.63062 -8.4
-0.63038 -8.1
-0.63013 -7.8
-0.62989 -7.5
-0.62965 -7.2
-0.6294 -6.9
-0.62916 -6.5
-0.62891 -6.2
-0.62867 -5.8
-0.62843 -5.4
-0.62818 -5.0
-0.62794 -4.6
-0.62769 -4.2
-0.62745 -3.8
-0.6272 -3.4
-0.62696 -2.9
-0.62672 -2.5
-0.62647 -2.0
-0.62623 -1.6
-0.62598 -1.1
-0.62574 -0.7
-0.6255 -0.2
-0.62525 0.3
-0.62501 0.7
-0.62476 1.2
-0.62452 1.6
-0.62428 2.1
-0.62403 2.5
-0.62379 3.0
-0.62354 3.4
-0.6233 3.9
-0.62305 4.3
-0.62281 4.7
-0.62257 5.1
-0.62232 5.5
-0.62208 5.9
-0.62183 6.3
-0.62159 6.6
-0.62135 7.0
-0.6211 7.3
-0.62086 7.6
-0.62061 7.9
-0.62037 8.2
-0.62012 8.5
-0.61988 8.7
-0.61964 8.9
-0.61939 9.1
-0.61915 9.3
-0.6189 9.5
-0.61866 9.6
-0.61842 9.8
-0.61817 9.9
-0.61793 10.0
-0.61768 10.0
-0.61744 10.1
-0.6172 10.1
-0.61695 10.1
-0.61671 10.1
-0.61646 10.1
-0.61622 10.0
-0.61597 9.9
-0.61573 9.8
-0.61549 9.7
-0.61524 9.5
-0.615 9.4
-0.61475 9.2
-0.61451 9.0
-0.61427 8.8
-0.61402 8.5
-0.61378 8.3
-0.61353 8.0
-0.61329 7.7
-0.61304 7.4
-0.6128 7.0
-0.61256 6.7
-0.61231 6.3
-0.61207 6.0
-0.61182 5.6
-0.61158 5.2
-0.61134 4.8
-0.61109 4.4
-0.61085 3.9
-0.6106 3.5
-0.61036 3.1
-0.61012 2.6
-0.60987 2.2
-0.60963 1.7
-0.60938 1.2
-0.60914 0.8
-0.60889 0.3
-0.60865 -0.2
-0.60841 -0.6
-0.60816 -1.1
-0.60792 -1.6
-0.60767 -2.0
-0.60743 -2.5
-0.60719 -2.9
-0.60694 -3.4
-0.6067 -3.8
-0.60645 -4.3
-0.60621 -4.7
-0.60596 -5.1
-0.60572 -5.5
-0.60548 -5.9
-0.60523 -6.3
-0.60499 -6.6
-0.60474 -7.0
-0.6045 -7.3
-0.60426 -7.6
-0.60401 -7.9
-0.60377 -8.2
-0.60352 -8.5
-0.60328 -8.8
-0.60303 -9.0
-0.60279 -9.2
-0.60255 -9.4
-0.6023 -9.6
-0.60206 -9.7
-0.60181 -9.8
-0.60157 -10.0
-0.60133 -10.0
-0.60108 -10.1
-0.60084 -10.2
-0.60059 -10.2
-0.60035 -10.2
-0.60011 -10.2
-0.59986 -10.1
-0.59962 -10.1
-0.59937 -10.0
-0.59913 -9.9
-0.59888 -9.7
-0.59864 -9.6
-0.5984 -9.4
-0.59815 -9.2
-0.59791 -9.0
-0.59766 -8.8
-0.59742 -8.5
-0.59718 -8.2
-0.59693 -8.0
-0.59669 -7.7
-0.59644 -7.3
-0.5962 -7.0
-0.59595 -6.6
-0.59571 -6.3
-0.59547 -5.9
-0.59522 -5.5
-0.59498 -5.1
-0.59473 -4.7
-0.59449 -4.3
-0.59425 -3.8
-0.594 -3.4
-0.59376 -2.9
-0.59351 -2.5
-0.59327 -2.0
-0.59303 -1.5
-0.59278 -1.0
-0.59254 -0.6
-0.59229 0.0
-0.59205 0.4
-0.5918 0.9
-0.59156 1.3
-0.59132 1.8
-0.59107 2.3
-0.59083 2.7
-0.59058 3.2
-0.59034 3.6
-0.5901 4.1
-0.58985 4.5
-0.58961 4.9
-0.58936 5.4
-0.58912 5.8
-0.58887 6.2
-0.58863 6.5
-0.58839 6.9
-0.58814 7.2
-0.5879 7.6
-0.58765 7.9
-0.58741 8.2
-0.58717 8.5
-0.58692 8.7
-0.58668 9.0
-0.58643 9.2
-0.58619 9.4
-0.58595 9.6
-0.5857 9.7
-0.58546 9.9
-0.58521 10.0
-0.58497 10.1
-0.58472 10.2
-0.58448 10.2
-0.58424 10.2
-0.58399 10.2
-0.58375 10.2
-0.5835 10.2
-0.58326 10.1
-0.58302 10.0
-0.58277 9.9
-0.58253 9.8
-0.58228 9.7
-0.58204 9.5
-0.58179 9.3
-0.58155 9.1
-0.58131 8.9
-0.58106 8.6
-0.58082 8.3
-0.58057 8.0
-0.58033 7.7
-0.58009 7.4
-0.57984 7.1
-0.5796 6.7
-0.57935 6.3
-0.57911 5.9
-0.57887 5.5
-0.57862 5.1
-0.57838 4.7
-0.57813 4.3
-0.57789 3.8
-0.57764 3.4
-0.5774 2.9
-0.57716 2.4
-0.57691 2.0
-0.57667 1.5
-0.57642 1.0
-0.57618 0.5
-0.57594 0.0
-0.57569 -0.4
-0.57545 -0.9
-0.5752 -1.4
-0.57496 -1.9
-0.57471 -2.4
-0.57447 -2.8
-0.57423 -3.3
-0.57398 -3.7
-0.57374 -4.2
-0.57349 -4.6
-0.57325 -5.1
-0.57301 -5.5
-0.57276 -5.9
-0.57252 -6.3
-0.57227 -6.7
-0.57203 -7.0
-0.57178 -7.4
-0.57154 -7.7
-0.5713 -8.0
-0.57105 -8.3
-0.57081 -8.6
-0.57056 -8.9
-0.57032 -9.1
-0.57008 -9.3
-0.56983 -9.5
-0.56959 -9.7
-0.56934 -9.8
-0.5691 -10.0
-0.56886 -10.1
-0.56861 -10.2
-0.56837 -10.2
-0.56812 -10.3
-0.56788 -10.3
-0.56763 -10.3
-0.56739 -10.3
-0.56715 -10.2
-0.5669 -10.2
-0.56666 -10.1
-0.56641 -9.9
-0.56617 -9.8
-0.56593 -9.6
-0.56568 -9.5
-0.56544 -9.3
-0.56519 -9.0
-0.56495 -8.8
-0.5647 -8.5
-0.56446 -8.2
-0.56422 -7.9
-0.56397 -7.6
-0.56373 -7.3
-0.56348 -6.9
-0.56324 -6.5
-0.563 -6.1
-0.56275 -5.7
-0.56251 -5.3
-0.56226 -4.9
-0.56202 -4.5
-0.56178 -4.0
-0.56153 -3.5
-0.56129 -3.1
-0.56104 -2.6
-0.5608 -2.1
-0.56055 -1.6
-0.56031 -1.2
-0.56007 -0.7
-0.55982 -0.2
-0.55958 0.3
-0.55933 0.8
-0.55909 1.3
-0.55885 1.8
-0.5586 2.3
-0.55836 2.8
-0.55811 3.2
-0.55787 3.7
-0.55762 4.2
-0.55738 4.6
-0.55714 5.0
-0.55689 5.5
-0.55665 5.9
-0.5564 6.3
-0.55616 6.7
-0.55592 7.0
-0.55567 7.4
-0.55543 7.7
-0.55518 8.1
-0.55494 8.4
-0.5547 8.6
-0.55445 8.9
-0.55421 9.2
-0.55396 9.4
-0.55372 9.6
-0.55347 9.8
-0.55323 9.9
-0.55299 10.1
-0.55274 10.2
-0.5525 10.3
-0.55225 10.3
-0.55201 10.4
-0.55177 10.4
-0.55152 10.4
-0.55128 10.3
-0.55103 10.3
-0.55079 10.2
-0.55054 10.1
-0.5503 10.0
-0.55006 9.8
-0.54981 9.7
-0.54957 9.5
-0.54932 9.3
-0.54908 9.0
-0.54884 8.8
-0.54859 8.5
-0.54835 8.2
-0.5481 7.9
-0.54786 7.6
-0.54762 7.2
-0.54737 6.8
-0.54713 6.5
-0.54688 6.1
-0.54664 5.7
-0.54639 5.2
-0.54615 4.8
-0.54591 4.3
-0.54566 3.9
-0.54542 3.4
-0.54517 2.9
-0.54493 2.5
-0.54469 2.0
-0.54444 1.5
-0.5442 1.0
-0.54395 0.5
-0.54371 0.0
-0.54346 -0.5
-0.54322 -1.0
-0.54298 -1.5
-0.54273 -2.0
-0.54249 -2.5
-0.54224 -3.0
-0.542 -3.5
-0.54176 -3.9
-0.54151 -4.4
-0.54127 -4.9
-0.54102 -5.3
-0.54078 -5.7
-0.54053 -6.1
-0.54029 -6.5
-0.54005 -6.9
-0.5398 -7.3
-0.53956 -7.6
-0.53931 -8.0
-0.53907 -8.3
-0.53883 -8.6
-0.53858 -8.9
-0.53834 -9.1
-0.53809 -9.4
-0.53785 -9.6
-0.53761 -9.8
-0.53736 -9.9
-0.53712 -10.1
-0.53687 -10.2
-0.53663 -10.3
-0.53638 -10.4
-0.53614 -10.4
-0.5359 -10.4
-0.53565 -10.4
-0.53541 -10.4
-0.53516 -10.4
-0.53492 -10.3
-0.53468 -10.2
-0.53443 -10.1
-0.53419 -9.9
-0.53394 -9.8
-0.5337 -9.6
-0.53345 -9.4
-0.53321 -9.1
-0.53297 -8.9
-0.53272 -8.6
-0.53248 -8.3
-0.53223 -8.0
-0.53199 -7.6
-0.53175 -7.3
-0.5315 -6.9
-0.53126 -6.5
-0.53101 -6.1
-0.53077 -5.7
-0.53053 -5.3
-0.53028 -4.8
-0.53004 -4.4
-0.52979 -3.9
-0.52955 -3.4
-0.5293 -3.0
-0.52906 -2.5
-0.52882 -2.0
-0.52857 -1.5
-0.52833 -1.0
-0.52808 -0.4
-0.52784 0.0
-0.5276 0.6
-0.52735 1.1
-0.52711 1.6
-0.52686 2.1
-0.52662 2.6
-0.52637 3.1
-0.52613 3.6
-0.52589 4.0
-0.52564 4.5
-0.5254 5.0
-0.52515 5.4
-0.52491 5.8
-0.52467 6.3
-0.52442 6.7
-0.52418 7.1
-0.52393 7.4
-0.52369 7.8
-0.52345 8.1
-0.5232 8.4
-0.52296 8.7
-0.52271 9.0
-0.52247 9.3
-0.52222 9.5
-0.52198 9.7
-0.52174 9.9
-0.52149 10.1
-0.52125 10.2
-0.521 10.3
-0.52076 10.4
-0.52052 10.5
-0.52027 10.5
-0.52003 10.5
-0.51978 10.5
-0.51954 10.5
-0.51929 10.4
-0.51905 10.3
-0.51881 10.2
-0.51856 10.1
-0.51832 9.9
-0.51807 9.7
-0.51783 9.5
-0.51759 9.3
-0.51734 9.1
-0.5171 8.8
-0.51685 8.5
-0.51661 8.2
-0.51637 7.9
-0.51612 7.5
-0.51588 7.1
-0.51563 6.7
-0.51539 6.3
-0.51514 5.9
-0.5149 5.5
-0.51466 5.0
-0.51441 4.6
-0.51417 4.1
-0.51392 3.6
-0.51368 3.1
-0.51344 2.6
-0.51319 2.1
-0.51295 1.6
-0.5127 1.1
-0.51246 0.6
-0.51221 0.0
-0.51197 -0.5
-0.51173 -1.0
-0.51148 -1.5
-0.51124 -2.0
-0.51099 -2.5
-0.51075 -3.0
-0.51051 -3.5
-0.51026 -4.0
-0.51002 -4.5
-0.50977 -4.9
-0.50953 -5.4
-0.50928 -5.8
-0.50904 -6.3
-0.5088 -6.7
-0.50855 -7.1
-0.50831 -7.4
-0.50806 -7.8
-0.50782 -8.2
-0.50758 -8.5
-0.50733 -8.8
-0.50709 -9.1
-0.50684 -9.3
-0.5066 -9.6
-0.50636 -9.8
-0.50611 -10.0
-0.50587 -10.1
-0.50562 -10.3
-0.50538 -10.4
-0.50513 -10.5
-0.50489 -10.5
-0.50465 -10.6
-0.5044 -10.6
-0.50416 -10.6
-0.50391 -10.5
-0.50367 -10.5
-0.50343 -10.4
-0.50318 -10.3
-0.50294 -10.1
-0.50269 -10.0
-0.50245 -9.8
-0.5022 -9.6
-0.50196 -9.3
-0.50172 -9.1
-0.50147 -8.8
-0.50123 -8.5
-0.50098 -8.2
-0.50074 -7.8
-0.5005 -7.5
-0.50025 -7.1
-0.50001 -6.7
-0.49976 -6.3
-0.49952 -5.8
-0.49928 -5.4
-0.49903 -4.9
-0.49879 -4.4
-0.49854 -4.0
-0.4983 -3.5
-0.49805 -3.0
-0.49781 -2.5
-0.49757 -1.9
-0.49732 -1.4
-0.49708 -0.9
-0.49683 -0.4
-0.49659 0.2
-0.49635 0.7
-0.4961 1.2
-0.49586 1.7
-0.49561 2.3
-0.49537 2.8
-0.49512 3.3
-0.49488 3.8
-0.49464 4.3
-0.49439 4.7
-0.49415 5.2
-0.4939 5.7
-0.49366 6.1
-0.49342 6.5
-0.49317 7.0
-0.49293 7.3
-0.49268 7.7
-0.49244 8.1
-0.4922 8.4
-0.49195 8.7
-0.49171 9.0
-0.49146 9.3
-0.49122 9.5
-0.49097 9.8
-0.49073 10.0
-0.49049 10.2
-0.49024 10.3
-0.49 10.4
-0.48975 10.5
-0.48951 10.6
-0.48927 10.6
-0.48902 10.7
-0.48878 10.7
-0.48853 10.6
-0.48829 10.6
-0.48804 10.5
-0.4878 10.4
-0.48756 10.2
-0.48731 10.1
-0.48707 9.9
-0.48682 9.7
-0.48658 9.4
-0.48634 9.2
-0.48609 8.9
-0.48585 8.6
-0.4856 8.2
-0.48536 7.9
-0.48512 7.5
-0.48487 7.1
-0.48463 6.7
-0.48438 6.3
-0.48414 5.9
-0.48389 5.4
-0.48365 4.9
-0.48341 4.5
-0.48316 4.0
-0.48292 3.5
-0.48267 3.0
-0.48243 2.4
-0.48219 1.9
-0.48194 1.4
-0.4817 0.9
-0.48145 0.3
-0.48121 -0.2
-0.48096 -0.8
-0.48072 -1.3
-0.48048 -1.8
-0.48023 -2.4
-0.47999 -2.9
-0.47974 -3.4
-0.4795 -3.9
-0.47926 -4.4
-0.47901 -4.9
-0.47877 -5.4
-0.47852 -5.8
-0.47828 -6.3
-0.47803 -6.7
-0.47779 -7.1
-0.47755 -7.5
-0.4773 -7.9
-0.47706 -8.2
-0.47681 -8.6
-0.47657 -8.9
-0.47633 -9.2
-0.47608 -9.5
-0.47584 -9.7
-0.47559 -9.9
-0.47535 -10.1
-0.47511 -10.3
-0.47486 -10.4
-0.47462 -10.5
-0.47437 -10.6
-0.47413 -10.7
-0.47388 -10.7
-0.47364 -10.7
-0.4734 -10.7
-0.47315 -10.7
-0.47291 -10.6
-0.47266 -10.5
-0.47242 -10.4
-0.47218 -10.2
-0.47193 -10.0
-0.47169 -9.8
-0.47144 -9.6
-0.4712 -9.4
-0.47095 -9.1
-0.47071 -8.8
-0.47047 -8.4
-0.47022 -8.1
-0.46998 -7.7
-0.46973 -7.3
-0.46949 -6.9
-0.46925 -6.5
-0.469 -6.1
-0.46876 -5.6
-0.46851 -5.1
-0.46827 -4.6
-0.46803 -4.1
-0.46778 -3.6
-0.46754 -3.1
-0.46729 -2.6
-0.46705 -2.1
-0.4668 -1.5
-0.46656 -1.0
-0.46632 -0.4
-0.46607 0.1
-0.46583 0.7
-0.46558 1.2
-0.46534 1.8
-0.4651 2.3
-0.46485 2.8
-0.46461 3.3
-0.46436 3.9
-0.46412 4.4
-0.46387 4.9
-0.46363 5.4
-0.46339 5.8
-0.46314 6.3
-0.4629 6.7
-0.46265 7.1
-0.46241 7.5
-0.46217 7.9
-0.46192 8.3
-0.46168 8.6
-0.46143 9.0
-0.46119 9.3
-0.46095 9.5
-0.4607 9.8
-0.46046 10.0
-0.46021 10.2
-0.45997 10.4
-0.45972 10.5
-0.45948 10.6
-0.45924 10.7
-0.45899 10.8
-0.45875 10.8
-0.4585 10.8
-0.45826 10.8
-0.45802 10.7
-0.45777 10.7
-0.45753 10.6
-0.45728 10.4
-0.45704 10.3
-0.45679 10.1
-0.45655 9.9
-0.45631 9.6
-0.45606 9.4
-0.45582 9.1
-0.45557 8.7
-0.45533 8.4
-0.45509 8.0
-0.45484 7.7
-0.4546 7.3
-0.45435 6.8
-0.45411 6.4
-0.45387 5.9
-0.45362 5.5
-0.45338 5.0
-0.45313 4.5
-0.45289 4.0
-0.45264 3.5
-0.4524 2.9
-0.45216 2.4
-0.45191 1.8
-0.45167 1.3
-0.45142 0.7
-0.45118 0.2
-0.45094 -0.4
-0.45069 -0.9
-0.45045 -1.5
-0.4502 -2.1
-0.44996 -2.6
-0.44971 -3.1
-0.44947 -3.7
-0.44923 -4.2
-0.44898 -4.7
-0.44874 -5.2
-0.44849 -5.7
-0.44825 -6.2
-0.44801 -6.6
-0.44776 -7.0
-0.44752 -7.5
-0.44727 -7.9
-0.44703 -8.2
-0.44678 -8.6
-0.44654 -8.9
-0.4463 -9.2
-0.44605 -9.5
-0.44581 -9.8
-0.44556 -10.0
-0.44532 -10.2
-0.44508 -10.4
-0.44483 -10.6
-0.44459 -10.7
-0.44434 -10.8
-0.4441 -10.9
-0.44386 -10.9
-0.44361 -10.9
-0.44337 -10.9
-0.44312 -10.8
-0.44288 -10.8
-0.44263 -10.7
-0.44239 -10.5
-0.44215 -10.4
-0.4419 -10.2
-0.44166 -9.9
-0.44141 -9.7
-0.44117 -9.4
-0.44093 -9.1
-0.44068 -8.8
-0.44044 -8.5
-0.44019 -8.1
-0.43995 -7.7
-0.4397 -7.3
-0.43946 -6.9
-0.43922 -6.4
-0.43897 -6.0
-0.43873 -5.5
-0.43848 -5.0
-0.43824 -4.5
-0.438 -3.9
-0.43775 -3.4
-0.43751 -2.9
-0.43726 -2.3
-0.43702 -1.8
-0.43678 -1.2
-0.43653 -0.6
-0.43629 0.0
-0.43604 0.5
-0.4358 1.1
-0.43555 1.6
-0.43531 2.2
-0.43507 2.8
-0.43482 3.3
-0.43458 3.8
-0.43433 4.4
-0.43409 4.9
-0.43385 5.4
-0.4336 5.9
-0.43336 6.4
-0.43311 6.8
-0.43287 7.3
-0.43262 7.7
-0.43238 8.1
-0.43214 8.5
-0.43189 8.8
-0.43165 9.1
-0.4314 9.4
-0.43116 9.7
-0.43092 10.0
-0.43067 10.2
-0.43043 10.4
-0.43018 10.6
-0.42994 10.7
-0.4297 10.8
-0.42945 10.9
-0.42921 11.0
-0.42896 11.0
-0.42872 11.0
-0.42847 10.9
-0.42823 10.9
-0.42799 10.8
-0.42774 10.7
-0.4275 10.5
-0.42725 10.3
-0.42701 10.1
-0.42677 9.9
-0.42652 9.6
-0.42628 9.3
-0.42603 9.0
-0.42579 8.6
-0.42554 8.3
-0.4253 7.9
-0.42506 7.5
-0.42481 7.0
-0.42457 6.6
-0.42432 6.1
-0.42408 5.6
-0.42384 5.1
-0.42359 4.6
-0.42335 4.1
-0.4231 3.5
-0.42286 3.0
-0.42262 2.4
-0.42237 1.8
-0.42213 1.3
-0.42188 0.7
-0.42164 0.1
-0.42139 -0.5
-0.42115 -1.0
-0.42091 -1.6
-0.42066 -2.2
-0.42042 -2.8
-0.42017 -3.3
-0.41993 -3.9
-0.41969 -4.4
-0.41944 -4.9
-0.4192 -5.4
-0.41895 -5.9
-0.41871 -6.4
-0.41846 -6.9
-0.41822 -7.3
-0.41798 -7.8
-0.41773 -8.2
-0.41749 -8.6
-0.41724 -8.9
-0.417 -9.2
-0.41676 -9.6
-0.41651 -9.8
-0.41627 -10.1
-0.41602 -10.3
-0.41578 -10.5
-0.41553 -10.7
-0.41529 -10.8
-0.41505 -10.9
-0.4148 -11.0
-0.41456 -11.1
-0.41431 -11.1
-0.41407 -11.1
-0.41383 -11.0
-0.41358 -10.9
-0.41334 -10.8
-0.41309 -10.7
-0.41285 -10.5
-0.41261 -10.3
-0.41236 -10.1
-0.41212 -9.8
-0.41187 -9.6
-0.41163 -9.3
-0.41138 -8.9
-0.41114 -8.6
-0.4109 -8.2
-0.41065 -7.8
-0.41041 -7.3
-0.41016 -6.9
-0.40992 -6.4
-0.40968 -5.9
-0.40943 -5.4
-0.40919 -4.9
-0.40894 -4.4
-0.4087 -3.8
-0.40845 -3.3
-0.40821 -2.7
-0.40797 -2.1
-0.40772 -1.5
-0.40748 -0.9
-0.40723 -0.3
-0.40699 0.2
-0.40675 0.8
-0.4065 1.4
-0.40626 2.0
-0.40601 2.6
-0.40577 3.2
-0.40553 3.7
-0.40528 4.3
-0.40504 4.8
-0.40479 5.4
-0.40455 5.9
-0.4043 6.4
-0.40406 6.8
-0.40382 7.3
-0.40357 7.7
-0.40333 8.2
-0.40308 8.6
-0.40284 8.9
-0.4026 9.3
-0.40235 9.6
-0.40211 9.9
-0.40186 10.1
-0.40162 10.4
-0.40137 10.6
-0.40113 10.8
-0.40089 10.9
-0.40064 11.0
-0.4004 11.1
-0.40015 11.1
-0.39991 11.2
-0.39967 11.2
-0.39942 11.1
-0.39918 11.0
-0.39893 10.9
-0.39869 10.8
-0.39845 10.6
-0.3982 10.4
-0.39796 10.2
-0.39771 9.9
-0.39747 9.6
-0.39722 9.3
-0.39698 8.9
-0.39674 8.6
-0.39649 8.2
-0.39625 7.8
-0.396 7.3
-0.39576 6.9
-0.39552 6.4
-0.39527 5.9
-0.39503 5.3
-0.39478 4.8
-0.39454 4.3
-0.39429 3.7
-0.39405 3.1
-0.39381 2.5
-0.39356 1.9
-0.39332 1.4
-0.39307 0.7
-0.39283 0.1
-0.39259 -0.5
-0.39234 -1.1
-0.3921 -1.7
-0.39185 -2.3
-0.39161 -2.8
-0.39137 -3.4
-0.39112 -4.0
-0.39088 -4.6
-0.39063 -5.1
-0.39039 -5.6
-0.39014 -6.2
-0.3899 -6.7
-0.38966 -7.1
-0.38941 -7.6
-0.38917 -8.0
-0.38892 -8.4
-0.38868 -8.8
-0.38844 -9.2
-0.38819 -9.5
-0.38795 -9.8
-0.3877 -10.1
-0.38746 -10.4
-0.38721 -10.6
-0.38697 -10.8
-0.38673 -10.9
-0.38648 -11.1
-0.38624 -11.2
-0.38599 -11.2
-0.38575 -11.3
-0.38551 -11.2
-0.38526 -11.2
-0.38502 -11.1
-0.38477 -11.0
-0.38453 -10.9
-0.38428 -10.7
-0.38404 -10.5
-0.3838 -10.3
-0.38355 -10.0
-0.38331 -9.7
-0.38306 -9.4
-0.38282 -9.1
-0.38258 -8.7
-0.38233 -8.3
-0.38209 -7.9
-0.38184 -7.4
-0.3816 -6.9
-0.38136 -6.5
-0.38111 -5.9
-0.38087 -5.4
-0.38062 -4.9
-0.38038 -4.3
-0.38013 -3.7
-0.37989 -3.1
-0.37965 -2.5
-0.3794 -1.9
-0.37916 -1.3
-0.37891 -0.7
-0.37867 -0.1
-0.37843 0.5
-0.37818 1.1
-0.37794 1.7
-0.37769 2.3
-0.37745 2.9
-0.3772 3.5
-0.37696 4.1
-0.37672 4.7
-0.37647 5.2
-0.37623 5.8
-0.37598 6.3
-0.37574 6.8
-0.3755 7.3
-0.37525 7.8
-0.37501 8.2
-0.37476 8.6
-0.37452 9.0
-0.37428 9.4
-0.37403 9.7
-0.37379 10.0
-0.37354 10.3
-0.3733 10.5
-0.37305 10.8
-0.37281 10.9
-0.37257 11.1
-0.37232 11.2
-0.37208 11.3
-0.37183 11.3
-0.37159 11.4
-0.37135 11.3
-0.3711 11.3
-0.37086 11.2
-0.37061 11.1
-0.37037 10.9
-0.37012 10.7
-0.36988 10.5
-0.36964 10.2
-0.36939 10.0
-0.36915 9.6
-0.3689 9.3
-0.36866 8.9
-0.36842 8.5
-0.36817 8.1
-0.36793 7.7
-0.36768 7.2
-0.36744 6.7
-0.3672 6.2
-0.36695 5.6
-0.36671 5.1
-0.36646 4.5
-0.36622 3.9
-0.36597 3.3
-0.36573 2.7
-0.36549 2.1
-0.36524 1.5
-0.365 0.9
-0.36475 0.2
-0.36451 -0.4
-0.36427 -1.0
-0.36402 -1.7
-0.36378 -2.3
-0.36353 -2.9
-0.36329 -3.5
-0.36304 -4.1
-0.3628 -4.7
-0.36256 -5.2
-0.36231 -5.8
-0.36207 -6.3
-0.36182 -6.9
-0.36158 -7.4
-0.36134 -7.8
-0.36109 -8.3
-0.36085 -8.7
-0.3606 -9.1
-0.36036 -9.5
-0.36012 -9.8
-0.35987 -10.1
-0.35963 -10.4
-0.35938 -10.7
-0.35914 -10.9
-0.35889 -11.1
-0.35865 -11.2
-0.35841 -11.3
-0.35816 -11.4
-0.35792 -11.4
-0.35767 -11.4
-0.35743 -11.4
-0.35719 -11.4
-0.35694 -11.3
-0.3567 -11.1
-0.35645 -11.0
-0.35621 -10.8
-0.35596 -10.5
-0.35572 -10.3
-0.35548 -10.0
-0.35523 -9.6
-0.35499 -9.3
-0.35474 -8.9
-0.3545 -8.5
-0.35426 -8.0
-0.35401 -7.5
-0.35377 -7.0
-0.35352 -6.5
-0.35328 -6.0
-0.35303 -5.4
-0.35279 -4.9
-0.35255 -4.3
-0.3523 -3.7
-0.35206 -3.1
-0.35181 -2.4
-0.35157 -1.8
-0.35133 -1.2
-0.35108 -0.5
-0.35084 0.1
-0.35059 0.8
-0.35035 1.4
-0.35011 2.0
-0.34986 2.7
-0.34962 3.3
-0.34937 3.9
-0.34913 4.5
-0.34888 5.1
-0.34864 5.7
-0.3484 6.2
-0.34815 6.8
-0.34791 7.3
-0.34766 7.8
-0.34742 8.2
-0.34718 8.7
-0.34693 9.1
-0.34669 9.5
-0.34644 9.8
-0.3462 10.2
-0.34595 10.5
-0.34571 10.7
-0.34547 10.9
-0.34522 11.1
-0.34498 11.3
-0.34473 11.4
-0.34449 11.5
-0.34425 11.5
-0.344 11.6
-0.34376 11.5
-0.34351 11.5
-0.34327 11.4
-0.34303 11.2
-0.34278 11.1
-0.34254 10.9
-0.34229 10.6
-0.34205 10.3
-0.3418 10.0
-0.34156 9.7
-0.34132 9.3
-0.34107 8.9
-0.34083 8.5
-0.34058 8.0
-0.34034 7.5
-0.3401 7.0
-0.33985 6.5
-0.33961 5.9
-0.33936 5.4
-0.33912 4.8
-0.33887 4.2
-0.33863 3.6
-0.33839 2.9
-0.33814 2.3
-0.3379 1.6
-0.33765 1.0
-0.33741 0.3
-0.33717 -0.3
-0.33692 -1.0
-0.33668 -1.6
-0.33643 -2.3
-0.33619 -2.9
-0.33595 -3.6
-0.3357 -4.2
-0.33546 -4.8
-0.33521 -5.4
-0.33497 -6.0
-0.33472 -6.5
-0.33448 -7.1
-0.33424 -7.6
-0.33399 -8.1
-0.33375 -8.5
-0.3335 -9.0
-0.33326 -9.4
-0.33302 -9.8
-0.33277 -10.1
-0.33253 -10.4
-0.33228 -10.7
-0.33204 -11.0
-0.33179 -11.2
-0.33155 -11.3
-0.33131 -11.5
-0.33106 -11.6
-0.33082 -11.6
-0.33057 -11.7
-0.33033 -11.6
-0.33009 -11.6
-0.32984 -11.5
-0.3296 -11.4
-0.32935 -11.2
-0.32911 -11.0
-0.32887 -10.8
-0.32862 -10.5
-0.32838 -10.2
-0.32813 -9.8
-0.32789 -9.5
-0.32764 -9.1
-0.3274 -8.6
-0.32716 -8.2
-0.32691 -7.7
-0.32667 -7.1
-0.32642 -6.6
-0.32618 -6.0
-0.32594 -5.5
-0.32569 -4.9
-0.32545 -4.2
-0.3252 -3.6
-0.32496 -3.0
-0.32471 -2.3
-0.32447 -1.6
-0.32423 -1.0
-0.32398 -0.3
-0.32374 0.4
-0.32349 1.1
-0.32325 1.7
-0.32301 2.4
-0.32276 3.0
-0.32252 3.7
-0.32227 4.3
-0.32203 5.0
-0.32178 5.6
-0.32154 6.1
-0.3213 6.7
-0.32105 7.3
-0.32081 7.8
-0.32056 8.3
-0.32032 8.7
-0.32008 9.2
-0.31983 9.6
-0.31959 10.0
-0.31934 10.3
-0.3191 10.6
-0.31886 10.9
-0.31861 11.1
-0.31837 11.3
-0.31812 11.5
-0.31788 11.6
-0.31763 11.7
-0.31739 11.8
-0.31715 11.8
-0.3169 11.7
-0.31666 11.7
-0.31641 11.5
-0.31617 11.4
-0.31593 11.2
-0.31568 11.0
-0.31544 10.7
-0.31519 10.4
-0.31495 10.1
-0.3147 9.7
-0.31446 9.3
-0.31422 8.9
-0.31397 8.4
-0.31373 7.9
-0.31348 7.4
-0.31324 6.8
-0.313 6.3
-0.31275 5.7
-0.31251 5.1
-0.31226 4.4
-0.31202 3.8
-0.31178 3.1
-0.31153 2.5
-0.31129 1.8
-0.31104 1.1
-0.3108 0.4
-0.31055 -0.3
-0.31031 -1.0
-0.31007 -1.7
-0.30982 -2.3
-0.30958 -3.0
-0.30933 -3.7
-0.30909 -4.3
-0.30885 -5.0
-0.3086 -5.6
-0.30836 -6.2
-0.30811 -6.8
-0.30787 -7.3
-0.30762 -7.9
-0.30738 -8.4
-0.30714 -8.8
-0.30689 -9.3
-0.30665 -9.7
-0.3064 -10.1
-0.30616 -10.4
-0.30592 -10.8
-0.30567 -11.0
-0.30543 -11.3
-0.30518 -11.5
-0.30494 -11.6
-0.3047 -11.8
-0.30445 -11.8
-0.30421 -11.9
-0.30396 -11.9
-0.30372 -11.8
-0.30347 -11.7
-0.30323 -11.6
-0.30299 -11.4
-0.30274 -11.2
-0.3025 -11.0
-0.30225 -10.7
-0.30201 -10.4
-0.30177 -10.0
-0.30152 -9.6
-0.30128 -9.2
-0.30103 -8.8
-0.30079 -8.3
-0.30054 -7.8
-0.3003 -7.2
-0.30006 -6.6
-0.29981 -6.0
-0.29957 -5.4
-0.29932 -4.8
-0.29908 -4.1
-0.29884 -3.5
-0.29859 -2.8
-0.29835 -2.1
-0.2981 -1.4
-0.29786 -0.7
-0.29762 0.0
-0.29737 0.7
-0.29713 1.4
-0.29688 2.1
-0.29664 2.8
-0.29639 3.5
-0.29615 4.2
-0.29591 4.8
-0.29566 5.5
-0.29542 6.1
-0.29517 6.7
-0.29493 7.3
-0.29469 7.8
-0.29444 8.4
-0.2942 8.9
-0.29395 9.3
-0.29371 9.8
-0.29346 10.2
-0.29322 10.5
-0.29298 10.8
-0.29273 11.1
-0.29249 11.4
-0.29224 11.6
-0.292 11.7
-0.29176 11.9
-0.29151 11.9
-0.29127 12.0
-0.29102 12.0
-0.29078 11.9
-0.29053 11.9
-0.29029 11.7
-0.29005 11.5
-0.2898 11.3
-0.28956 11.1
-0.28931 10.8
-0.28907 10.4
-0.28883 10.1
-0.28858 9.7
-0.28834 9.2
-0.28809 8.7
-0.28785 8.2
-0.28761 7.7
-0.28736 7.1
-0.28712 6.5
-0.28687 5.9
-0.28663 5.3
-0.28638 4.6
-0.28614 4.0
-0.2859 3.3
-0.28565 2.6
-0.28541 1.8
-0.28516 1.1
-0.28492 0.4
-0.28468 -0.3
-0.28443 -1.0
-0.28419 -1.8
-0.28394 -2.5
-0.2837 -3.2
-0.28345 -3.9
-0.28321 -4.6
-0.28297 -5.2
-0.28272 -5.9
-0.28248 -6.5
-0.28223 -7.1
-0.28199 -7.7
-0.28175 -8.2
-0.2815 -8.8
-0.28126 -9.2
-0.28101 -9.7
-0.28077 -10.1
-0.28053 -10.5
-0.28028 -10.9
-0.28004 -11.2
-0.27979 -11.4
-0.27955 -11.6
-0.2793 -11.8
-0.27906 -12.0
-0.27882 -12.1
-0.27857 -12.1
-0.27833 -12.1
-0.27808 -12.1
-0.27784 -12.0
-0.2776 -11.9
-0.27735 -11.7
-0.27711 -11.5
-0.27686 -11.2
-0.27662 -10.9
-0.27637 -10.6
-0.27613 -10.2
-0.27589 -9.8
-0.27564 -9.3
-0.2754 -8.8
-0.27515 -8.3
-0.27491 -7.8
-0.27467 -7.2
-0.27442 -6.6
-0.27418 -5.9
-0.27393 -5.3
-0.27369 -4.6
-0.27345 -3.9
-0.2732 -3.2
-0.27296 -2.5
-0.27271 -1.7
-0.27247 -1.0
-0.27222 -0.3
-0.27198 0.5
-0.27174 1.2
-0.27149 2.0
-0.27125 2.7
-0.271 3.4
-0.27076 4.1
-0.27052 4.8
-0.27027 5.5
-0.27003 6.2
-0.26978 6.8
-0.26954 7.4
-0.26929 8.0
-0.26905 8.5
-0.26881 9.1
-0.26856 9.6
-0.26832 10.0
-0.26807 10.4
-0.26783 10.8
-0.26759 11.1
-0.26734 11.4
-0.2671 11.7
-0.26685 11.9
-0.26661 12.0
-0.26637 12.1
-0.26612 12.2
-0.26588 12.2
-0.26563 12.2
-0.26539 12.1
-0.26514 12.0
-0.2649 11.9
-0.26466 11.7
-0.26441 11.4
-0.26417 11.1
-0.26392 10.8
-0.26368 10.4
-0.26344 10.0
-0.26319 9.5
-0.26295 9.0
-0.2627 8.5
-0.26246 7.9
-0.26221 7.3
-0.26197 6.7
-0.26173 6.1
-0.26148 5.4
-0.26124 4.7
-0.26099 4.0
-0.26075 3.3
-0.26051 2.5
-0.26026 1.8
-0.26002 1.0
-0.25977 0.2
-0.25953 -0.5
-0.25928 -1.3
-0.25904 -2.0
-0.2588 -2.8
-0.25855 -3.5
-0.25831 -4.3
-0.25806 -5.0
-0.25782 -5.7
-0.25758 -6.3
-0.25733 -7.0
-0.25709 -7.6
-0.25684 -8.2
-0.2566 -8.8
-0.25636 -9.3
-0.25611 -9.8
-0.25587 -10.2
-0.25562 -10.6
-0.25538 -11.0
-0.25513 -11.3
-0.25489 -11.6
-0.25465 -11.9
-0.2544 -12.1
-0.25416 -12.2
-0.25391 -12.3
-0.25367 -12.4
-0.25343 -12.4
-0.25318 -12.3
-0.25294 -12.2
-0.25269 -12.1
-0.25245 -11.9
-0.2522 -11.7
-0.25196 -11.4
-0.25172 -11.0
-0.25147 -10.7
-0.25123 -10.3
-0.25098 -9.8
-0.25074 -9.3
-0.2505 -8.8
-0.25025 -8.2
-0.25001 -7.6
-0.24976 -7.0
-0.24952 -6.3
-0.24928 -5.6
-0.24903 -4.9
-0.24879 -4.2
-0.24854 -3.5
-0.2483 -2.7
-0.24805 -1.9
-0.24781 -1.2
-0.24757 -0.4
-0.24732 0.4
-0.24708 1.2
-0.24683 2.0
-0.24659 2.8
-0.24635 3.5
-0.2461 4.3
-0.24586 5.0
-0.24561 5.7
-0.24537 6.4
-0.24512 7.1
-0.24488 7.7
-0.24464 8.3
-0.24439 8.9
-0.24415 9.4
-0.2439 9.9
-0.24366 10.4
-0.24342 10.8
-0.24317 11.2
-0.24293 11.5
-0.24268 11.8
-0.24244 12.0
-0.2422 12.2
-0.24195 12.4
-0.24171 12.5
-0.24146 12.5
-0.24122 12.5
-0.24097 12.4
-0.24073 12.3
-0.24049 12.2
-0.24024 11.9
-0.24 11.7
-0.23975 11.4
-0.23951 11.0
-0.23927 10.6
-0.23902 10.2
-0.23878 9.7
-0.23853 9.2
-0.23829 8.6
-0.23804 8.0
-0.2378 7.4
-0.23756 6.7
-0.23731 6.0
-0.23707 5.3
-0.23682 4.6
-0.23658 3.8
-0.23634 3.0
-0.23609 2.2
-0.23585 1.4
-0.2356 0.6
-0.23536 -0.2
-0.23512 -1.0
-0.23487 -1.8
-0.23463 -2.6
-0.23438 -3.4
-0.23414 -4.1
-0.23389 -4.9
-0.23365 -5.6
-0.23341 -6.3
-0.23316 -7.0
-0.23292 -7.7
-0.23267 -8.3
-0.23243 -8.9
-0.23219 -9.5
-0.23194 -10.0
-0.2317 -10.5
-0.23145 -10.9
-0.23121 -11.3
-0.23096 -11.6
-0.23072 -11.9
-0.23048 -12.2
-0.23023 -12.4
-0.22999 -12.5
-0.22974 -12.6
-0.2295 -12.7
-0.22926 -12.6
-0.22901 -12.6
-0.22877 -12.4
-0.22852 -12.3
-0.22828 -12.0
-0.22803 -11.8
-0.22779 -11.4
-0.22755 -11.1
-0.2273 -10.6
-0.22706 -10.2
-0.22681 -9.7
-0.22657 -9.1
-0.22633 -8.5
-0.22608 -7.9
-0.22584 -7.2
-0.22559 -6.5
-0.22535 -5.8
-0.22511 -5.1
-0.22486 -4.3
-0.22462 -3.5
-0.22437 -2.7
-0.22413 -1.9
-0.22388 -1.1
-0.22364 -0.2
-0.2234 0.6
-0.22315 1.4
-0.22291 2.3
-0.22266 3.1
-0.22242 3.9
-0.22218 4.7
-0.22193 5.4
-0.22169 6.2
-0.22144 6.9
-0.2212 7.6
-0.22095 8.3
-0.22071 8.9
-0.22047 9.5
-0.22022 10.0
-0.21998 10.5
-0.21973 11.0
-0.21949 11.4
-0.21925 11.7
-0.219 12.0
-0.21876 12.3
-0.21851 12.5
-0.21827 12.7
-0.21803 12.8
-0.21778 12.8
-0.21754 12.8
-0.21729 12.7
-0.21705 12.6
-0.2168 12.4
-0.21656 12.2
-0.21632 11.9
-0.21607 11.5
-0.21583 11.2
-0.21558 10.7
-0.21534 10.2
-0.2151 9.7
-0.21485 9.1
-0.21461 8.5
-0.21436 7.8
-0.21412 7.2
-0.21387 6.4
-0.21363 5.7
-0.21339 4.9
-0.21314 4.1
-0.2129 3.3
-0.21265 2.4
-0.21241 1.6
-0.21217 0.8
-0.21192 -0.1
-0.21168 -1.0
-0.21143 -1.8
-0.21119 -2.7
-0.21095 -3.5
-0.2107 -4.3
-0.21046 -5.1
-0.21021 -5.9
-0.20997 -6.7
-0.20972 -7.4
-0.20948 -8.1
-0.20924 -8.7
-0.20899 -9.4
-0.20875 -9.9
-0.2085 -10.5
-0.20826 -11.0
-0.20802 -11.4
-0.20777 -11.8
-0.20753 -12.1
-0.20728 -12.4
-0.20704 -12.6
-0.20679 -12.8
-0.20655 -12.9
-0.20631 -13.0
-0.20606 -12.9
-0.20582 -12.9
-0.20557 -12.8
-0.20533 -12.6
-0.20509 -12.3
-0.20484 -12.1
-0.2046 -11.7
-0.20435 -11.3
-0.20411 -10.8
-0.20387 -10.3
-0.20362 -9.8
-0.20338 -9.2
-0.20313 -8.6
-0.20289 -7.9
-0.20264 -7.2
-0.2024 -6.4
-0.20216 -5.6
-0.20191 -4.8
-0.20167 -4.0
-0.20142 -3.2
-0.20118 -2.3
-0.20094 -1.4
-0.20069 -0.5
-0.20045 0.3
-0.2002 1.2
-0.19996 2.1
-0.19971 3.0
-0.19947 3.8
-0.19923 4.7
-0.19898 5.5
-0.19874 6.3
-0.19849 7.1
-0.19825 7.8
-0.19801 8.5
-0.19776 9.1
-0.19752 9.8
-0.19727 10.3
-0.19703 10.9
-0.19678 11.3
-0.19654 11.8
-0.1963 12.1
-0.19605 12.4
-0.19581 12.7
-0.19556 12.9
-0.19532 13.0
-0.19508 13.1
-0.19483 13.1
-0.19459 13.1
-0.19434 13.0
-0.1941 12.8
-0.19386 12.6
-0.19361 12.3
-0.19337 11.9
-0.19312 11.5
-0.19288 11.1
-0.19263 10.5
-0.19239 10.0
-0.19215 9.4
-0.1919 8.7
-0.19166 8.0
-0.19141 7.3
-0.19117 6.5
-0.19093 5.7
-0.19068 4.9
-0.19044 4.0
-0.19019 3.1
-0.18995 2.2
-0.1897 1.3
-0.18946 0.4
-0.18922 -0.5
-0.18897 -1.4
-0.18873 -2.3
-0.18848 -3.2
-0.18824 -4.1
-0.188 -5.0
-0.18775 -5.8
-0.18751 -6.6
-0.18726 -7.4
-0.18702 -8.1
-0.18678 -8.8
-0.18653 -9.5
-0.18629 -10.1
-0.18604 -10.7
-0.1858 -11.2
-0.18555 -11.7
-0.18531 -12.1
-0.18507 -12.5
-0.18482 -12.8
-0.18458 -13.0
-0.18433 -13.2
-0.18409 -13.3
-0.18385 -13.3
-0.1836 -13.3
-0.18336 -13.2
-0.18311 -13.0
-0.18287 -12.8
-0.18262 -12.5
-0.18238 -12.2
-0.18214 -11.8
-0.18189 -11.3
-0.18165 -10.8
-0.1814 -10.2
-0.18116 -9.6
-0.18092 -8.9
-0.18067 -8.2
-0.18043 -7.5
-0.18018 -6.7
-0.17994 -5.8
-0.1797 -5.0
-0.17945 -4.1
-0.17921 -3.2
-0.17896 -2.3
-0.17872 -1.3
-0.17847 -0.4
-0.17823 0.6
-0.17799 1.5
-0.17774 2.4
-0.1775 3.4
-0.17725 4.3
-0.17701 5.2
-0.17677 6.0
-0.17652 6.9
-0.17628 7.7
-0.17603 8.4
-0.17579 9.2
-0.17554 9.8
-0.1753 10.5
-0.17506 11.0
-0.17481 11.6
-0.17457 12.0
-0.17432 12.4
-0.17408 12.8
-0.17384 13.0
-0.17359 13.2
-0.17335 13.4
-0.1731 13.5
-0.17286 13.5
-0.17262 13.4
-0.17237 13.3
-0.17213 13.1
-0.17188 12.8
-0.17164 12.5
-0.17139 12.1
-0.17115 11.6
-0.17091 11.1
-0.17066 10.5
-0.17042 9.9
-0.17017 9.2
-0.16993 8.5
-0.16969 7.7
-0.16944 6.9
-0.1692 6.1
-0.16895 5.2
-0.16871 4.3
-0.16846 3.3
-0.16822 2.4
-0.16798 1.4
-0.16773 0.4
-0.16749 -0.6
-0.16724 -1.5
-0.167 -2.5
-0.16676 -3.5
-0.16651 -4.4
-0.16627 -5.3
-0.16602 -6.2
-0.16578 -7.1
-0.16553 -7.9
-0.16529 -8.7
-0.16505 -9.4
-0.1648 -10.1
-0.16456 -10.8
-0.16431 -11.3
-0.16407 -11.9
-0.16383 -12.3
-0.16358 -12.7
-0.16334 -13.1
-0.16309 -13.3
-0.16285 -13.5
-0.16261 -13.6
-0.16236 -13.7
-0.16212 -13.6
-0.16187 -13.5
-0.16163 -13.4
-0.16138 -13.1
-0.16114 -12.8
-0.1609 -12.4
-0.16065 -12.0
-0.16041 -11.5
-0.16016 -10.9
-0.15992 -10.3
-0.15968 -9.6
-0.15943 -8.8
-0.15919 -8.1
-0.15894 -7.2
-0.1587 -6.3
-0.15845 -5.4
-0.15821 -4.5
-0.15797 -3.5
-0.15772 -2.5
-0.15748 -1.5
-0.15723 -0.5
-0.15699 0.5
-0.15675 1.5
-0.1565 2.5
-0.15626 3.5
-0.15601 4.5
-0.15577 5.4
-0.15553 6.4
-0.15528 7.3
-0.15504 8.1
-0.15479 8.9
-0.15455 9.7
-0.1543 10.4
-0.15406 11.0
-0.15382 11.6
-0.15357 12.2
-0.15333 12.6
-0.15308 13.0
-0.15284 13.3
-0.1526 13.6
-0.15235 13.8
-0.15211 13.9
-0.15186 13.9
-0.15162 13.8
-0.15137 13.7
-0.15113 13.5
-0.15089 13.2
-0.15064 12.8
-0.1504 12.4
-0.15015 11.9
-0.14991 11.3
-0.14967 10.7
-0.14942 10.0
-0.14918 9.2
-0.14893 8.4
-0.14869 7.6
-0.14845 6.7
-0.1482 5.8
-0.14796 4.8
-0.14771 3.8
-0.14747 2.8
-0.14722 1.7
-0.14698 0.7
-0.14674 -0.4
-0.14649 -1.4
-0.14625 -2.5
-0.146 -3.5
-0.14576 -4.5
-0.14552 -5.5
-0.14527 -6.5
-0.14503 -7.4
-0.14478 -8.3
-0.14454 -9.1
-0.14429 -9.9
-0.14405 -10.6
-0.14381 -11.3
-0.14356 -11.9
-0.14332 -12.4
-0.14307 -12.9
-0.14283 -13.3
-0.14259 -13.6
-0.14234 -13.9
-0.1421 -14.0
-0.14185 -14.1
-0.14161 -14.1
-0.14137 -14.0
-0.14112 -13.8
-0.14088 -13.6
-0.14063 -13.2
-0.14039 -12.8
-0.14014 -12.3
-0.1399 -11.8
-0.13966 -11.1
-0.13941 -10.5
-0.13917 -9.7
-0.13892 -8.9
-0.13868 -8.0
-0.13844 -7.1
-0.13819 -6.1
-0.13795 -5.1
-0.1377 -4.1
-0.13746 -3.0
-0.13721 -2.0
-0.13697 -0.9
-0.13673 0.2
-0.13648 1.3
-0.13624 2.4
-0.13599 3.5
-0.13575 4.6
-0.13551 5.6
-0.13526 6.6
-0.13502 7.5
-0.13477 8.5
-0.13453 9.3
-0.13428 10.1
-0.13404 10.9
-0.1338 11.6
-0.13355 12.2
-0.13331 12.8
-0.13306 13.2
-0.13282 13.6
-0.13258 13.9
-0.13233 14.1
-0.13209 14.3
-0.13184 14.3
-0.1316 14.3
-0.13136 14.2
-0.13111 13.9
-0.13087 13.6
-0.13062 13.3
-0.13038 12.8
-0.13013 12.3
-0.12989 11.6
-0.12965 10.9
-0.1294 10.2
-0.12916 9.3
-0.12891 8.5
-0.12867 7.5
-0.12843 6.5
-0.12818 5.5
-0.12794 4.4
-0.12769 3.3
-0.12745 2.2
-0.1272 1.1
-0.12696 0.0
-0.12672 -1.2
-0.12647 -2.3
-0.12623 -3.5
-0.12598 -4.6
-0.12574 -5.7
-0.1255 -6.7
-0.12525 -7.7
-0.12501 -8.7
-0.12476 -9.6
-0.12452 -10.4
-0.12428 -11.2
-0.12403 -11.9
-0.12379 -12.5
-0.12354 -13.1
-0.1233 -13.5
-0.12305 -13.9
-0.12281 -14.2
-0.12257 -14.4
-0.12232 -14.5
-0.12208 -14.6
-0.12183 -14.5
-0.12159 -14.3
-0.12135 -14.1
-0.1211 -13.7
-0.12086 -13.3
-0.12061 -12.7
-0.12037 -12.1
-0.12012 -11.4
-0.11988 -10.7
-0.11964 -9.8
-0.11939 -8.9
-0.11915 -8.0
-0.1189 -6.9
-0.11866 -5.9
-0.11842 -4.8
-0.11817 -3.6
-0.11793 -2.5
-0.11768 -1.3
-0.11744 0.0
-0.1172 1.1
-0.11695 2.3
-0.11671 3.5
-0.11646 4.6
-0.11622 5.8
-0.11597 6.9
-0.11573 7.9
-0.11549 8.9
-0.11524 9.8
-0.115 10.7
-0.11475 11.5
-0.11451 12.2
-0.11427 12.9
-0.11402 13.4
-0.11378 13.9
-0.11353 14.3
-0.11329 14.6
-0.11304 14.7
-0.1128 14.8
-0.11256 14.8
-0.11231 14.7
-0.11207 14.5
-0.11182 14.2
-0.11158 13.7
-0.11134 13.2
-0.11109 12.6
-0.11085 11.9
-0.1106 11.2
-0.11036 10.3
-0.11012 9.4
-0.10987 8.4
-0.10963 7.3
-0.10938 6.2
-0.10914 5.1
-0.10889 3.9
-0.10865 2.7
-0.10841 1.4
-0.10816 0.2
-0.10792 -1.1
-0.10767 -2.3
-0.10743 -3.6
-0.10719 -4.8
-0.10694 -5.9
-0.1067 -7.1
-0.10645 -8.2
-0.10621 -9.2
-0.10596 -10.2
-0.10572 -11.1
-0.10548 -11.9
-0.10523 -12.7
-0.10499 -13.3
-0.10474 -13.9
-0.1045 -14.3
-0.10426 -14.7
-0.10401 -14.9
-0.10377 -15.1
-0.10352 -15.1
-0.10328 -15.0
-0.10303 -14.9
-0.10279 -14.6
-0.10255 -14.2
-0.1023 -13.7
-0.10206 -13.1
-0.10181 -12.4
-0.10157 -11.6
-0.10133 -10.7
-0.10108 -9.8
-0.10084 -8.8
-0.10059 -7.7
-0.10035 -6.5
-0.10011 -5.3
-0.09986 -4.1
-0.09962 -2.8
-0.09937 -1.5
-0.09913 -0.2
-0.09888 1.1
-0.09864 2.4
-0.0984 3.7
-0.09815 5.0
-0.09791 6.2
-0.09766 7.4
-0.09742 8.6
-0.09718 9.6
-0.09693 10.6
-0.09669 11.6
-0.09644 12.4
-0.0962 13.2
-0.09595 13.8
-0.09571 14.4
-0.09547 14.8
-0.09522 15.1
-0.09498 15.3
-0.09473 15.4
-0.09449 15.4
-0.09425 15.3
-0.094 15.0
-0.09376 14.6
-0.09351 14.1
-0.09327 13.5
-0.09303 12.8
-0.09278 12.0
-0.09254 11.1
-0.09229 10.1
-0.09205 9.1
-0.0918 7.9
-0.09156 6.7
-0.09132 5.4
-0.09107 4.1
-0.09083 2.8
-0.09058 1.4
-0.09034 0.0
-0.0901 -1.3
-0.08985 -2.7
-0.08961 -4.1
-0.08936 -5.4
-0.08912 -6.7
-0.08887 -7.9
-0.08863 -9.1
-0.08839 -10.2
-0.08814 -11.3
-0.0879 -12.2
-0.08765 -13.0
-0.08741 -13.8
-0.08717 -14.4
-0.08692 -14.9
-0.08668 -15.3
-0.08643 -15.6
-0.08619 -15.7
-0.08595 -15.8
-0.0857 -15.6
-0.08546 -15.4
-0.08521 -15.0
-0.08497 -14.5
-0.08472 -13.9
-0.08448 -13.2
-0.08424 -12.4
-0.08399 -11.4
-0.08375 -10.4
-0.0835 -9.2
-0.08326 -8.0
-0.08302 -6.7
-0.08277 -5.4
-0.08253 -4.0
-0.08228 -2.6
-0.08204 -1.1
-0.08179 0.3
-0.08155 1.8
-0.08131 3.2
-0.08106 4.7
-0.08082 6.1
-0.08057 7.4
-0.08033 8.7
-0.08009 9.9
-0.07984 11.0
-0.0796 12.1
-0.07935 13.0
-0.07911 13.8
-0.07887 14.6
-0.07862 15.1
-0.07838 15.6
-0.07813 15.9
-0.07789 16.1
-0.07764 16.1
-0.0774 16.0
-0.07716 15.8
-0.07691 15.4
-0.07667 14.9
-0.07642 14.2
-0.07618 13.5
-0.07594 12.6
-0.07569 11.5
-0.07545 10.4
-0.0752 9.2
-0.07496 7.9
-0.07471 6.5
-0.07447 5.1
-0.07423 3.6
-0.07398 2.1
-0.07374 0.5
-0.07349 -1.0
-0.07325 -2.6
-0.07301 -4.1
-0.07276 -5.6
-0.07252 -7.1
-0.07227 -8.4
-0.07203 -9.8
-0.07178 -11.0
-0.07154 -12.1
-0.0713 -13.1
-0.07105 -14.0
-0.07081 -14.8
-0.07056 -15.5
-0.07032 -16.0
-0.07008 -16.3
-0.06983 -16.5
-0.06959 -16.5
-0.06934 -16.4
-0.0691 -16.1
-0.06886 -15.7
-0.06861 -15.1
-0.06837 -14.4
-0.06812 -13.5
-0.06788 -12.6
-0.06763 -11.4
-0.06739 -10.2
-0.06715 -8.9
-0.0669 -7.4
-0.06666 -5.9
-0.06641 -4.4
-0.06617 -2.8
-0.06593 -1.1
-0.06568 0.5
-0.06544 2.2
-0.06519 3.8
-0.06495 5.4
-0.0647 7.0
-0.06446 8.5
-0.06422 9.9
-0.06397 11.2
-0.06373 12.4
-0.06348 13.5
-0.06324 14.5
-0.063 15.3
-0.06275 16.0
-0.06251 16.5
-0.06226 16.8
-0.06202 17.0
-0.06178 17.0
-0.06153 16.8
-0.06129 16.4
-0.06104 15.9
-0.0608 15.2
-0.06055 14.4
-0.06031 13.4
-0.06007 12.2
-0.05982 10.9
-0.05958 9.6
-0.05933 8.1
-0.05909 6.5
-0.05885 4.8
-0.0586 3.1
-0.05836 1.3
-0.05811 -0.5
-0.05787 -2.2
-0.05762 -4.0
-0.05738 -5.7
-0.05714 -7.4
-0.05689 -9.0
-0.05665 -10.5
-0.0564 -11.9
-0.05616 -13.1
-0.05592 -14.3
-0.05567 -15.2
-0.05543 -16.1
-0.05518 -16.7
-0.05494 -17.1
-0.0547 -17.4
-0.05445 -17.5
-0.05421 -17.4
-0.05396 -17.0
-0.05372 -16.5
-0.05347 -15.8
-0.05323 -15.0
-0.05299 -13.9
-0.05274 -12.7
-0.0525 -11.3
-0.05225 -9.8
-0.05201 -8.2
-0.05177 -6.5
-0.05152 -4.7
-0.05128 -2.8
-0.05103 -0.9
-0.05079 1.0
-0.05054 2.9
-0.0503 4.8
-0.05006 6.6
-0.04981 8.4
-0.04957 10.1
-0.04932 11.6
-0.04908 13.1
-0.04884 14.3
-0.04859 15.5
-0.04835 16.4
-0.0481 17.1
-0.04786 17.6
-0.04762 18.0
-0.04737 18.1
-0.04713 17.9
-0.04688 17.6
-0.04664 17.0
-0.04639 16.2
-0.04615 15.2
-0.04591 14.1
-0.04566 12.7
-0.04542 11.2
-0.04517 9.5
-0.04493 7.7
-0.04469 5.8
-0.04444 3.8
-0.0442 1.7
-0.04395 -0.4
-0.04371 -2.4
-0.04346 -4.5
-0.04322 -6.5
-0.04298 -8.5
-0.04273 -10.3
-0.04249 -12.0
-0.04224 -13.6
-0.042 -15.0
-0.04176 -16.1
-0.04151 -17.1
-0.04127 -17.9
-0.04102 -18.4
-0.04078 -18.7
-0.04053 -18.7
-0.04029 -18.4
-0.04005 -18.0
-0.0398 -17.2
-0.03956 -16.2
-0.03931 -15.0
-0.03907 -13.6
-0.03883 -11.9
-0.03858 -10.1
-0.03834 -8.2
-0.03809 -6.1
-0.03785 -3.9
-0.03761 -1.6
-0.03736 0.7
-0.03712 2.9
-0.03687 5.2
-0.03663 7.4
-0.03638 9.5
-0.03614 11.5
-0.0359 13.3
-0.03565 14.9
-0.03541 16.3
-0.03516 17.5
-0.03492 18.4
-0.03468 19.0
-0.03443 19.4
-0.03419 19.5
-0.03394 19.2
-0.0337 18.7
-0.03345 17.8
-0.03321 16.7
-0.03297 15.3
-0.03272 13.7
-0.03248 11.8
-0.03223 9.7
-0.03199 7.5
-0.03175 5.1
-0.0315 2.6
-0.03126 0.1
-0.03101 -2.4
-0.03077 -5.0
-0.03053 -7.4
-0.03028 -9.8
-0.03004 -12.0
-0.02979 -14.0
-0.02955 -15.8
-0.0293 -17.3
-0.02906 -18.6
-0.02882 -19.5
-0.02857 -20.1
-0.02833 -20.4
-0.02808 -20.3
-0.02784 -19.8
-0.0276 -19.0
-0.02735 -17.8
-0.02711 -16.3
-0.02686 -14.5
-0.02662 -12.4
-0.02637 -10.1
-0.02613 -7.6
-0.02589 -4.9
-0.02564 -2.1
-0.0254 0.8
-0.02515 3.7
-0.02491 6.5
-0.02467 9.2
-0.02442 11.8
-0.02418 14.2
-0.02393 16.3
-0.02369 18.1
-0.02345 19.5
-0.0232 20.6
-0.02296 21.2
-0.02271 21.5
-0.02247 21.2
-0.02222 20.6
-0.02198 19.5
-0.02174 18.0
-0.02149 16.1
-0.02125 13.8
-0.021 11.2
-0.02076 8.3
-0.02052 5.3
-0.02027 2.0
-0.02003 -1.3
-0.01978 -4.6
-0.01954 -7.8
-0.01929 -10.9
-0.01905 -13.8
-0.01881 -16.4
-0.01856 -18.6
-0.01832 -20.4
-0.01807 -21.7
-0.01783 -22.5
-0.01759 -22.8
-0.01734 -22.5
-0.0171 -21.7
-0.01685 -20.2
-0.01661 -18.3
-0.01637 -15.8
-0.01612 -12.9
-0.01588 -9.6
-0.01563 -6.1
-0.01539 -2.3
-0.01514 1.6
-0.0149 5.6
-0.01466 9.4
-0.01441 13.0
-0.01417 16.3
-0.01392 19.1
-0.01368 21.4
-0.01344 23.2
-0.01319 24.2
-0.01295 24.5
-0.0127 24.1
-0.01246 22.9
-0.01221 21.0
-0.01197 18.3
-0.01173 15.0
-0.01148 11.1
-0.01124 6.7
-0.01099 2.1
-0.01075 -2.7
-0.01051 -7.5
-0.01026 -12.1
-0.01002 -16.4
-0.00977 -20.1
-0.00953 -23.2
-0.00928 -25.4
-0.00904 -26.6
-0.0088 -26.8
-0.00855 -25.9
-0.00831 -23.8
-0.00806 -20.7
-0.00782 -16.6
-0.00758 -11.6
-0.00733 -5.9
-0.00709 0.1
-0.00684 6.4
-0.0066 12.5
-0.00636 18.1
-0.00611 23.0
-0.00587 26.8
-0.00562 29.2
-0.00538 30.0
-0.00513 29.0
-0.00489 26.3
-0.00465 21.8
-0.0044 15.7
-0.00416 8.2
-0.00391 0.0
-0.00367 -8.7
-0.00343 -17.1
-0.00318 -24.4
-0.00294 -30.1
-0.00269 -33.5
-0.00245 -34.0
-0.0022 -31.2
-0.00196 -25.0
-0.00172 -15.8
-0.00147 -4.2
-0.00123 8.6
-0.00098 21.2
-0.00074 31.6
-0.0005 37.7
-0.00025 37.8
-1e-05 30.5
0.00024 16.3
0.00048 -2.3
0.00072 -20.5
0.00097 -32.9
0.00121 -35.3
0.00146 -26.5
0.0017 -9.7
0.00195 8.9
0.00219 22.2
0.00243 25.7
0.00268 19.2
0.00292 6.4
0.00317 -6.8
0.00341 -15.0
0.00365 -15.7
0.0039 -9.9
0.00414 -1.2
0.00439 6.3
0.00463 9.7
0.00488 8.4
0.00512 3.7
0.00536 -1.6
0.00561 -5.1
0.00585 -5.8
0.0061 -3.8
0.00634 -0.6
0.00658 2.3
0.00683 3.5
0.00707 3.0
0.00732 1.3
0.00756 -0.7
0.0078 -1.9
0.00805 -2.1
0.00829 -1.3
0.00854 -0.1
0.00878 0.9
0.00903 1.3
0.00927 1.1
0.00951 0.4
0.00976 -0.3
0.01 -0.7
0.01025 -0.8
0.01049 -0.5
0.01073 0.0
0.01098 0.4
0.01122 0.5
0.01147 0.4
0.01171 0.1
0.01196 -0.1
0.0122 -0.3
0.01244 -0.3
0.01269 -0.2
0.01293 0.0
0.01318 0.1
0.01342 0.2
0.01366 0.1
0.01391 0.0
0.01415 0.0
0.0144 -0.1
0.01464 -0.1
0.01488 0.0
0.01513 0.0
0.01537 0.0
0.01562 0.0
0.01586 0.0
0.01611 0.0
0.01635 0.0
0.01659 0.0
0.01684 0.0
0.01708 0.0
0.01733 0.0
0.01757 0.0
0.01781 0.0
0.01806 0.0
0.0183 0.0
0.01855 0.0
0.01879 0.0
0.01904 0.0
0.01928 0.0
0.01952 0.0
0.01977 0.0
0.02001 0.0
0.02026 0.0
0.0205 0.0
0.02074 0.0
0.02099 0.0
0.02123 0.0
0.02148 0.0
0.02172 0.0
0.02197 0.0
0.02221 0.0
0.02245 0.0
0.0227 0.0
0.02294 0.0
0.02319 0.0
0.02343 0.0
0.02367 0.0
0.02392 0.0
0.02416 0.0
0.02441 0.0
0.02465 0.0
0.02489 0.0
0.02514 0.0
0.02538 0.0
0.02563 0.0
0.02587 0.0
0.02612 0.0
0.02636 0.0
0.0266 0.0
0.02685 0.0
0.02709 0.0
0.02734 0.0
0.02758 0.0
0.02782 0.0
0.02807 0.0
0.02831 0.0
0.02856 0.0
0.0288 0.0
0.02905 0.0
0.02929 0.0
0.02953 0.0
0.02978 0.0
0.03002 0.0
0.03027 0.0
0.03051 0.0
0.03075 0.0
0.031 0.0
0.03124 0.0
0.03149 0.0
0.03173 0.0
0.03197 0.0
0.03222 0.0
0.03246 0.0
0.03271 0.0
0.03295 0.0
0.0332 0.0
0.03344 0.0
0.03368 0.0
0.03393 0.0
0.03417 0.0
0.03442 0.0
0.03466 0.0
0.0349 0.0
0.03515 0.0
0.03539 0.0
0.03564 0.0
0.03588 0.0
0.03613 0.0
0.03637 0.0
0.03661 0.0
0.03686 0.0
0.0371 0.0
0.03735 0.0
0.03759 0.0
0.03783 0.0
0.03808 0.0
0.03832 0.0
0.03857 0.0
0.03881 0.0
0.03905 0.0
0.0393 0.0
0.03954 0.0
0.03979 0.0
0.04003 0.0
0.04028 0.0
0.04052 0.0
0.04076 0.0
0.04101 0.0
0.04125 0.0
0.0415 0.0
0.04174 0.0
0.04198 0.0
0.04223 0.0
0.04247 0.0
0.04272 0.0
0.04296 0.0
0.04321 0.0
0.04345 0.0
0.04369 0.0
0.04394 0.0
0.04418 0.0
0.04443 0.0
0.04467 0.0
0.04491 0.0
0.04516 0.0
0.0454 0.0
0.04565 0.0
0.04589 0.0
0.04613 0.0
0.04638 0.0
0.04662 0.0
0.04687 0.0
0.04711 0.0
0.04736 0.0
0.0476 0.0
0.04784 0.0
0.04809 0.0
0.04833 0.0
0.04858 0.0
0.04882 0.0
0.04906 0.0
0.04931 0.0
0.04955 0.0
0.0498 0.0
0.05004 0.0
0.05029 0.0
0.05053 0.0
0.05077 0.0
0.05102 0.0
0.05126 0.0
0.05151 0.0
0.05175 0.0
0.05199 0.0
0.05224 0.0
0.05248 0.0
0.05273 0.0
0.05297 0.0
0.05322 0.0
0.05346 0.0
0.0537 0.0
0.05395 0.0
0.05419 0.0
0.05444 0.0
0.05468 0.0
0.05492 0.0
0.05517 0.0
0.05541 0.0
0.05566 0.0
0.0559 0.0
0.05614 0.0
0.05639 0.0
0.05663 0.0
0.05688 0.0
0.05712 0.0
0.05737 0.0
0.05761 0.0
0.05785 0.0
0.0581 0.0
0.05834 0.0
0.05859 0.0
0.05883 0.0
0.05907 0.0
0.05932 0.0
0.05956 0.0
0.05981 0.0
0.06005 0.0
0.0603 0.0
0.06054 0.0
0.06078 0.0
0.06103 0.0
0.06127 0.0
0.06152 0.0
0.06176 0.0
0.062 0.0
0.06225 0.0
0.06249 0.0
0.06274 0.0
0.06298 0.0
0.06322 0.0
0.06347 0.0
0.06371 0.0
0.06396 0.0
0.0642 0.0
0.06445 0.0
0.06469 0.0
0.06493 0.0
0.06518 0.0
0.06542 0.0
0.06567 0.0
0.06591 0.0
0.06615 0.0
0.0664 0.0
0.06664 0.0
0.06689 0.0
0.06713 0.0
0.06738 0.0
0.06762 0.0
0.06786 0.0
0.06811 0.0
0.06835 0.0
0.0686 0.0
0.06884 0.0
0.06908 0.0
0.06933 0.0
0.06957 0.0
0.06982 0.0
0.07006 0.0
0.0703 0.0
0.07055 0.0
0.07079 0.0
0.07104 0.0
0.07128 0.0
0.07153 0.0
0.07177 0.0
0.07201 0.0
0.07226 0.0
0.0725 0.0
0.07275 0.0
0.07299 0.0
0.07323 0.0
0.07348 0.0
0.07372 0.0
0.07397 0.0
0.07421 0.0
0.07446 0.0
0.0747 0.0
0.07494 0.0
0.07519 0.0
0.07543 0.0
0.07568 0.0
0.07592 0.0
0.07616 0.0
0.07641 0.0
0.07665 0.0
0.0769 0.0
0.07714 0.0
0.07738 0.0
0.07763 0.0
0.07787 0.0
0.07812 0.0
0.07836 0.0
0.07861 0.0
0.07885 0.0
0.07909 0.0
0.07934 0.0
0.07958 0.0
0.07983 0.0
0.08007 0.0
0.08031 0.0
0.08056 0.0
0.0808 0.0
0.08105 0.0
0.08129 0.0
0.08154 0.0
0.08178 0.0
0.08202 0.0
0.08227 0.0
0.08251 0.0
0.08276 0.0
0.083 0.0
0.08324 0.0
0.08349 0.0
0.08373 0.0
0.08398 0.0
0.08422 0.0
0.08447 0.0
0.08471 0.0
0.08495 0.0
0.0852 0.0
0.08544 0.0
0.08569 0.0
0.08593 0.0
0.08617 0.0
0.08642 0.0
0.08666 0.0
0.08691 0.0
0.08715 0.0
0.08739 0.0
0.08764 0.0
0.08788 0.0
0.08813 0.0
0.08837 0.0
0.08862 0.0
