t strain*1e23
-0.41832 -6.2
-0.41808 -6.3
-0.41784 -6.4
-0.41759 -6.5
-0.41735 -6.5
-0.4171 -6.6
-0.41686 -6.6
-0.41661 -6.7
-0.41637 -6.7
-0.41613 -6.7
-0.41588 -6.7
-0.41564 -6.7
-0.41539 -6.7
-0.41515 -6.7
-0.41491 -6.7
-0.41466 -6.7
-0.41442 -6.6
-0.41417 -6.6
-0.41393 -6.5
-0.41368 -6.5
-0.41344 -6.4
-0.4132 -6.3
-0.41295 -6.2
-0.41271 -6.1
-0.41246 -6.0
-0.41222 -5.9
-0.41198 -5.8
-0.41173 -5.7
-0.41149 -5.6
-0.41124 -5.4
-0.411 -5.3
-0.41076 -5.1
-0.41051 -5.0
-0.41027 -4.8
-0.41002 -4.7
-0.40978 -4.5
-0.40953 -4.3
-0.40929 -4.1
-0.40905 -3.9
-0.4088 -3.7
-0.40856 -3.5
-0.40831 -3.3
-0.40807 -3.1
-0.40783 -2.9
-0.40758 -2.7
-0.40734 -2.5
-0.40709 -2.3
-0.40685 -2.0
-0.4066 -1.8
-0.40636 -1.6
-0.40612 -1.4
-0.40587 -1.1
-0.40563 -0.9
-0.40538 -0.7
-0.40514 -0.4
-0.4049 -0.2
-0.40465 0.0
-0.40441 0.3
-0.40416 0.5
-0.40392 0.8
-0.40368 1.0
-0.40343 1.2
-0.40319 1.5
-0.40294 1.7
-0.4027 1.9
-0.40245 2.2
-0.40221 2.4
-0.40197 2.6
-0.40172 2.8
-0.40148 3.0
-0.40123 3.3
-0.40099 3.5
-0.40075 3.7
-0.4005 3.9
-0.40026 4.1
-0.40001 4.2
-0.39977 4.4
-0.39952 4.6
-0.39928 4.8
-0.39904 5.0
-0.39879 5.1
-0.39855 5.3
-0.3983 5.4
-0.39806 5.6
-0.39782 5.7
-0.39757 5.8
-0.39733 5.9
-0.39708 6.1
-0.39684 6.2
-0.3966 6.3
-0.39635 6.3
-0.39611 6.4
-0.39586 6.5
-0.39562 6.6
-0.39537 6.6
-0.39513 6.7
-0.39489 6.7
-0.39464 6.8
-0.3944 6.8
-0.39415 6.8
-0.39391 6.8
-0.39367 6.8
-0.39342 6.8
-0.39318 6.8
-0.39293 6.7
-0.39269 6.7
-0.39244 6.7
-0.3922 6.6
-0.39196 6.6
-0.39171 6.5
-0.39147 6.4
-0.39122 6.3
-0.39098 6.2
-0.39074 6.1
-0.39049 6.0
-0.39025 5.9
-0.39 5.8
-0.38976 5.6
-0.38951 5.5
-0.38927 5.4
-0.38903 5.2
-0.38878 5.0
-0.38854 4.9
-0.38829 4.7
-0.38805 4.5
-0.38781 4.3
-0.38756 4.2
-0.38732 4.0
-0.38707 3.8
-0.38683 3.6
-0.38659 3.3
-0.38634 3.1
-0.3861 2.9
-0.38585 2.7
-0.38561 2.5
-0.38536 2.2
-0.38512 2.0
-0.38488 1.8
-0.38463 1.5
-0.38439 1.3
-0.38414 1.1
-0.3839 0.8
-0.38366 0.6
-0.38341 0.3
-0.38317 0.0
-0.38292 -0.2
-0.38268 -0.4
-0.38243 -0.7
-0.38219 -0.9
-0.38195 -1.1
-0.3817 -1.4
-0.38146 -1.6
-0.38121 -1.9
-0.38097 -2.1
-0.38073 -2.3
-0.38048 -2.6
-0.38024 -2.8
-0.37999 -3.0
-0.37975 -3.2
-0.37951 -3.4
-0.37926 -3.7
-0.37902 -3.9
-0.37877 -4.1
-0.37853 -4.3
-0.37828 -4.5
-0.37804 -4.6
-0.3778 -4.8
-0.37755 -5.0
-0.37731 -5.2
-0.37706 -5.3
-0.37682 -5.5
-0.37658 -5.6
-0.37633 -5.8
-0.37609 -5.9
-0.37584 -6.0
-0.3756 -6.1
-0.37535 -6.2
-0.37511 -6.3
-0.37487 -6.4
-0.37462 -6.5
-0.37438 -6.6
-0.37413 -6.7
-0.37389 -6.7
-0.37365 -6.8
-0.3734 -6.8
-0.37316 -6.8
-0.37291 -6.9
-0.37267 -6.9
-0.37243 -6.9
-0.37218 -6.9
-0.37194 -6.9
-0.37169 -6.9
-0.37145 -6.8
-0.3712 -6.8
-0.37096 -6.7
-0.37072 -6.7
-0.37047 -6.6
-0.37023 -6.5
-0.36998 -6.5
-0.36974 -6.4
-0.3695 -6.3
-0.36925 -6.2
-0.36901 -6.0
-0.36876 -5.9
-0.36852 -5.8
-0.36827 -5.6
-0.36803 -5.5
-0.36779 -5.3
-0.36754 -5.2
-0.3673 -5.0
-0.36705 -4.8
-0.36681 -4.6
-0.36657 -4.5
-0.36632 -4.3
-0.36608 -4.1
-0.36583 -3.9
-0.36559 -3.6
-0.36535 -3.4
-0.3651 -3.2
-0.36486 -3.0
-0.36461 -2.8
-0.36437 -2.5
-0.36412 -2.3
-0.36388 -2.0
-0.36364 -1.8
-0.36339 -1.6
-0.36315 -1.3
-0.3629 -1.1
-0.36266 -0.8
-0.36242 -0.6
-0.36217 -0.3
-0.36193 0.0
-0.36168 0.2
-0.36144 0.5
-0.36119 0.7
-0.36095 1.0
-0.36071 1.2
-0.36046 1.5
-0.36022 1.7
-0.35997 1.9
-0.35973 2.2
-0.35949 2.4
-0.35924 2.7
-0.359 2.9
-0.35875 3.1
-0.35851 3.4
-0.35826 3.6
-0.35802 3.8
-0.35778 4.0
-0.35753 4.2
-0.35729 4.4
-0.35704 4.6
-0.3568 4.8
-0.35656 5.0
-0.35631 5.2
-0.35607 5.3
-0.35582 5.5
-0.35558 5.6
-0.35534 5.8
-0.35509 5.9
-0.35485 6.1
-0.3546 6.2
-0.35436 6.3
-0.35411 6.4
-0.35387 6.5
-0.35363 6.6
-0.35338 6.7
-0.35314 6.7
-0.35289 6.8
-0.35265 6.9
-0.35241 6.9
-0.35216 6.9
-0.35192 7.0
-0.35167 7.0
-0.35143 7.0
-0.35118 7.0
-0.35094 7.0
-0.3507 6.9
-0.35045 6.9
-0.35021 6.9
-0.34996 6.8
-0.34972 6.8
-0.34948 6.7
-0.34923 6.6
-0.34899 6.5
-0.34874 6.4
-0.3485 6.3
-0.34826 6.2
-0.34801 6.1
-0.34777 6.0
-0.34752 5.8
-0.34728 5.7
-0.34703 5.5
-0.34679 5.3
-0.34655 5.2
-0.3463 5.0
-0.34606 4.8
-0.34581 4.6
-0.34557 4.4
-0.34533 4.2
-0.34508 4.0
-0.34484 3.8
-0.34459 3.6
-0.34435 3.3
-0.3441 3.1
-0.34386 2.9
-0.34362 2.6
-0.34337 2.4
-0.34313 2.2
-0.34288 1.9
-0.34264 1.7
-0.3424 1.4
-0.34215 1.1
-0.34191 0.9
-0.34166 0.6
-0.34142 0.4
-0.34118 0.1
-0.34093 -0.2
-0.34069 -0.4
-0.34044 -0.7
-0.3402 -0.9
-0.33995 -1.2
-0.33971 -1.5
-0.33947 -1.7
-0.33922 -2.0
-0.33898 -2.2
-0.33873 -2.5
-0.33849 -2.7
-0.33825 -3.0
-0.338 -3.2
-0.33776 -3.4
-0.33751 -3.7
-0.33727 -3.9
-0.33702 -4.1
-0.33678 -4.3
-0.33654 -4.5
-0.33629 -4.7
-0.33605 -4.9
-0.3358 -5.1
-0.33556 -5.3
-0.33532 -5.4
-0.33507 -5.6
-0.33483 -5.8
-0.33458 -5.9
-0.33434 -6.1
-0.3341 -6.2
-0.33385 -6.3
-0.33361 -6.4
-0.33336 -6.5
-0.33312 -6.6
-0.33287 -6.7
-0.33263 -6.8
-0.33239 -6.9
-0.33214 -6.9
-0.3319 -7.0
-0.33165 -7.0
-0.33141 -7.0
-0.33117 -7.1
-0.33092 -7.1
-0.33068 -7.1
-0.33043 -7.1
-0.33019 -7.0
-0.32994 -7.0
-0.3297 -7.0
-0.32946 -6.9
-0.32921 -6.9
-0.32897 -6.8
-0.32872 -6.7
-0.32848 -6.6
-0.32824 -6.5
-0.32799 -6.4
-0.32775 -6.3
-0.3275 -6.2
-0.32726 -6.0
-0.32701 -5.9
-0.32677 -5.7
-0.32653 -5.6
-0.32628 -5.4
-0.32604 -5.2
-0.32579 -5.0
-0.32555 -4.9
-0.32531 -4.7
-0.32506 -4.4
-0.32482 -4.2
-0.32457 -4.0
-0.32433 -3.8
-0.32409 -3.6
-0.32384 -3.3
-0.3236 -3.1
-0.32335 -2.8
-0.32311 -2.6
-0.32286 -2.3
-0.32262 -2.1
-0.32238 -1.8
-0.32213 -1.6
-0.32189 -1.3
-0.32164 -1.0
-0.3214 -0.8
-0.32116 -0.5
-0.32091 -0.2
-0.32067 0.0
-0.32042 0.3
-0.32018 0.6
-0.31993 0.9
-0.31969 1.1
-0.31945 1.4
-0.3192 1.7
-0.31896 1.9
-0.31871 2.2
-0.31847 2.4
-0.31823 2.7
-0.31798 2.9
-0.31774 3.2
-0.31749 3.4
-0.31725 3.7
-0.31701 3.9
-0.31676 4.1
-0.31652 4.3
-0.31627 4.6
-0.31603 4.8
-0.31578 5.0
-0.31554 5.2
-0.3153 5.3
-0.31505 5.5
-0.31481 5.7
-0.31456 5.9
-0.31432 6.0
-0.31408 6.2
-0.31383 6.3
-0.31359 6.4
-0.31334 6.5
-0.3131 6.6
-0.31285 6.7
-0.31261 6.8
-0.31237 6.9
-0.31212 7.0
-0.31188 7.0
-0.31163 7.1
-0.31139 7.1
-0.31115 7.2
-0.3109 7.2
-0.31066 7.2
-0.31041 7.2
-0.31017 7.2
-0.30993 7.1
-0.30968 7.1
-0.30944 7.0
-0.30919 7.0
-0.30895 6.9
-0.3087 6.8
-0.30846 6.8
-0.30822 6.7
-0.30797 6.5
-0.30773 6.4
-0.30748 6.3
-0.30724 6.2
-0.307 6.0
-0.30675 5.9
-0.30651 5.7
-0.30626 5.5
-0.30602 5.3
-0.30577 5.1
-0.30553 4.9
-0.30529 4.7
-0.30504 4.5
-0.3048 4.3
-0.30455 4.1
-0.30431 3.9
-0.30407 3.6
-0.30382 3.4
-0.30358 3.1
-0.30333 2.9
-0.30309 2.6
-0.30285 2.4
-0.3026 2.1
-0.30236 1.8
-0.30211 1.5
-0.30187 1.3
-0.30162 1.0
-0.30138 0.7
-0.30114 0.4
-0.30089 0.2
-0.30065 -0.1
-0.3004 -0.4
-0.30016 -0.7
-0.29992 -1.0
-0.29967 -1.2
-0.29943 -1.5
-0.29918 -1.8
-0.29894 -2.1
-0.29869 -2.3
-0.29845 -2.6
-0.29821 -2.9
-0.29796 -3.1
-0.29772 -3.4
-0.29747 -3.6
-0.29723 -3.9
-0.29699 -4.1
-0.29674 -4.3
-0.2965 -4.6
-0.29625 -4.8
-0.29601 -5.0
-0.29576 -5.2
-0.29552 -5.4
-0.29528 -5.6
-0.29503 -5.7
-0.29479 -5.9
-0.29454 -6.1
-0.2943 -6.2
-0.29406 -6.4
-0.29381 -6.5
-0.29357 -6.6
-0.29332 -6.7
-0.29308 -6.8
-0.29284 -6.9
-0.29259 -7.0
-0.29235 -7.1
-0.2921 -7.1
-0.29186 -7.2
-0.29161 -7.2
-0.29137 -7.3
-0.29113 -7.3
-0.29088 -7.3
-0.29064 -7.3
-0.29039 -7.3
-0.29015 -7.2
-0.28991 -7.2
-0.28966 -7.1
-0.28942 -7.1
-0.28917 -7.0
-0.28893 -6.9
-0.28868 -6.8
-0.28844 -6.7
-0.2882 -6.6
-0.28795 -6.5
-0.28771 -6.3
-0.28746 -6.2
-0.28722 -6.0
-0.28698 -5.9
-0.28673 -5.7
-0.28649 -5.5
-0.28624 -5.3
-0.286 -5.1
-0.28576 -4.9
-0.28551 -4.7
-0.28527 -4.4
-0.28502 -4.2
-0.28478 -4.0
-0.28453 -3.7
-0.28429 -3.5
-0.28405 -3.2
-0.2838 -3.0
-0.28356 -2.7
-0.28331 -2.4
-0.28307 -2.1
-0.28283 -1.9
-0.28258 -1.6
-0.28234 -1.3
-0.28209 -1.0
-0.28185 -0.7
-0.2816 -0.4
-0.28136 -0.1
-0.28112 0.1
-0.28087 0.4
-0.28063 0.7
-0.28038 1.0
-0.28014 1.3
-0.2799 1.6
-0.27965 1.9
-0.27941 2.2
-0.27916 2.4
-0.27892 2.7
-0.27868 3.0
-0.27843 3.3
-0.27819 3.5
-0.27794 3.8
-0.2777 4.0
-0.27745 4.3
-0.27721 4.5
-0.27697 4.7
-0.27672 5.0
-0.27648 5.2
-0.27623 5.4
-0.27599 5.6
-0.27575 5.8
-0.2755 5.9
-0.27526 6.1
-0.27501 6.3
-0.27477 6.4
-0.27452 6.6
-0.27428 6.7
-0.27404 6.8
-0.27379 6.9
-0.27355 7.0
-0.2733 7.1
-0.27306 7.2
-0.27282 7.2
-0.27257 7.3
-0.27233 7.3
-0.27208 7.4
-0.27184 7.4
-0.2716 7.4
-0.27135 7.4
-0.27111 7.4
-0.27086 7.3
-0.27062 7.3
-0.27037 7.2
-0.27013 7.2
-0.26989 7.1
-0.26964 7.0
-0.2694 6.9
-0.26915 6.8
-0.26891 6.7
-0.26867 6.5
-0.26842 6.4
-0.26818 6.2
-0.26793 6.1
-0.26769 5.9
-0.26744 5.7
-0.2672 5.5
-0.26696 5.3
-0.26671 5.1
-0.26647 4.9
-0.26622 4.6
-0.26598 4.4
-0.26574 4.1
-0.26549 3.9
-0.26525 3.6
-0.265 3.4
-0.26476 3.1
-0.26451 2.8
-0.26427 2.5
-0.26403 2.3
-0.26378 2.0
-0.26354 1.7
-0.26329 1.4
-0.26305 1.1
-0.26281 0.8
-0.26256 0.5
-0.26232 0.2
-0.26207 -0.1
-0.26183 -0.4
-0.26159 -0.7
-0.26134 -1.0
-0.2611 -1.3
-0.26085 -1.6
-0.26061 -1.9
-0.26036 -2.2
-0.26012 -2.5
-0.25988 -2.8
-0.25963 -3.1
-0.25939 -3.4
-0.25914 -3.6
-0.2589 -3.9
-0.25866 -4.1
-0.25841 -4.4
-0.25817 -4.6
-0.25792 -4.9
-0.25768 -5.1
-0.25743 -5.3
-0.25719 -5.5
-0.25695 -5.7
-0.2567 -5.9
-0.25646 -6.1
-0.25621 -6.3
-0.25597 -6.5
-0.25573 -6.6
-0.25548 -6.8
-0.25524 -6.9
-0.25499 -7.0
-0.25475 -7.1
-0.25451 -7.2
-0.25426 -7.3
-0.25402 -7.4
-0.25377 -7.4
-0.25353 -7.5
-0.25328 -7.5
-0.25304 -7.5
-0.2528 -7.5
-0.25255 -7.5
-0.25231 -7.5
-0.25206 -7.5
-0.25182 -7.4
-0.25158 -7.4
-0.25133 -7.3
-0.25109 -7.2
-0.25084 -7.1
-0.2506 -7.0
-0.25035 -6.9
-0.25011 -6.8
-0.24987 -6.6
-0.24962 -6.5
-0.24938 -6.3
-0.24913 -6.1
-0.24889 -5.9
-0.24865 -5.7
-0.2484 -5.5
-0.24816 -5.3
-0.24791 -5.1
-0.24767 -4.9
-0.24743 -4.6
-0.24718 -4.4
-0.24694 -4.1
-0.24669 -3.8
-0.24645 -3.6
-0.2462 -3.3
-0.24596 -3.0
-0.24572 -2.7
-0.24547 -2.4
-0.24523 -2.1
-0.24498 -1.8
-0.24474 -1.5
-0.2445 -1.2
-0.24425 -0.9
-0.24401 -0.6
-0.24376 -0.2
-0.24352 0.0
-0.24327 0.4
-0.24303 0.7
-0.24279 1.0
-0.24254 1.3
-0.2423 1.6
-0.24205 2.0
-0.24181 2.3
-0.24157 2.6
-0.24132 2.9
-0.24108 3.1
-0.24083 3.4
-0.24059 3.7
-0.24035 4.0
-0.2401 4.3
-0.23986 4.5
-0.23961 4.8
-0.23937 5.0
-0.23912 5.3
-0.23888 5.5
-0.23864 5.7
-0.23839 5.9
-0.23815 6.1
-0.2379 6.3
-0.23766 6.5
-0.23742 6.6
-0.23717 6.8
-0.23693 6.9
-0.23668 7.1
-0.23644 7.2
-0.23619 7.3
-0.23595 7.4
-0.23571 7.5
-0.23546 7.5
-0.23522 7.6
-0.23497 7.6
-0.23473 7.6
-0.23449 7.6
-0.23424 7.6
-0.234 7.6
-0.23375 7.6
-0.23351 7.5
-0.23326 7.5
-0.23302 7.4
-0.23278 7.3
-0.23253 7.2
-0.23229 7.1
-0.23204 7.0
-0.2318 6.9
-0.23156 6.7
-0.23131 6.6
-0.23107 6.4
-0.23082 6.2
-0.23058 6.0
-0.23034 5.8
-0.23009 5.6
-0.22985 5.3
-0.2296 5.1
-0.22936 4.9
-0.22911 4.6
-0.22887 4.3
-0.22863 4.1
-0.22838 3.8
-0.22814 3.5
-0.22789 3.2
-0.22765 2.9
-0.22741 2.6
-0.22716 2.3
-0.22692 2.0
-0.22667 1.7
-0.22643 1.3
-0.22618 1.0
-0.22594 0.7
-0.2257 0.3
-0.22545 0.0
-0.22521 -0.3
-0.22496 -0.6
-0.22472 -1.0
-0.22448 -1.3
-0.22423 -1.6
-0.22399 -2.0
-0.22374 -2.3
-0.2235 -2.6
-0.22326 -2.9
-0.22301 -3.2
-0.22277 -3.5
-0.22252 -3.8
-0.22228 -4.1
-0.22203 -4.4
-0.22179 -4.6
-0.22155 -4.9
-0.2213 -5.2
-0.22106 -5.4
-0.22081 -5.6
-0.22057 -5.9
-0.22033 -6.1
-0.22008 -6.3
-0.21984 -6.5
-0.21959 -6.7
-0.21935 -6.8
-0.2191 -7.0
-0.21886 -7.1
-0.21862 -7.2
-0.21837 -7.4
-0.21813 -7.5
-0.21788 -7.6
-0.21764 -7.6
-0.2174 -7.7
-0.21715 -7.7
-0.21691 -7.8
-0.21666 -7.8
-0.21642 -7.8
-0.21618 -7.8
-0.21593 -7.7
-0.21569 -7.7
-0.21544 -7.6
-0.2152 -7.6
-0.21495 -7.5
-0.21471 -7.4
-0.21447 -7.3
-0.21422 -7.1
-0.21398 -7.0
-0.21373 -6.8
-0.21349 -6.7
-0.21325 -6.5
-0.213 -6.3
-0.21276 -6.1
-0.21251 -5.9
-0.21227 -5.6
-0.21202 -5.4
-0.21178 -5.1
-0.21154 -4.9
-0.21129 -4.6
-0.21105 -4.3
-0.2108 -4.0
-0.21056 -3.7
-0.21032 -3.4
-0.21007 -3.1
-0.20983 -2.8
-0.20958 -2.5
-0.20934 -2.2
-0.2091 -1.8
-0.20885 -1.5
-0.20861 -1.2
-0.20836 -0.8
-0.20812 -0.5
-0.20787 -0.1
-0.20763 0.2
-0.20739 0.6
-0.20714 0.9
-0.2069 1.3
-0.20665 1.6
-0.20641 1.9
-0.20617 2.3
-0.20592 2.6
-0.20568 2.9
-0.20543 3.2
-0.20519 3.6
-0.20494 3.9
-0.2047 4.2
-0.20446 4.5
-0.20421 4.7
-0.20397 5.0
-0.20372 5.3
-0.20348 5.5
-0.20324 5.8
-0.20299 6.0
-0.20275 6.2
-0.2025 6.5
-0.20226 6.7
-0.20201 6.8
-0.20177 7.0
-0.20153 7.2
-0.20128 7.3
-0.20104 7.4
-0.20079 7.6
-0.20055 7.6
-0.20031 7.7
-0.20006 7.8
-0.19982 7.9
-0.19957 7.9
-0.19933 7.9
-0.19909 7.9
-0.19884 7.9
-0.1986 7.9
-0.19835 7.8
-0.19811 7.8
-0.19786 7.7
-0.19762 7.6
-0.19738 7.5
-0.19713 7.4
-0.19689 7.3
-0.19664 7.1
-0.1964 7.0
-0.19616 6.8
-0.19591 6.6
-0.19567 6.4
-0.19542 6.2
-0.19518 5.9
-0.19493 5.7
-0.19469 5.4
-0.19445 5.2
-0.1942 4.9
-0.19396 4.6
-0.19371 4.3
-0.19347 4.0
-0.19323 3.7
-0.19298 3.4
-0.19274 3.1
-0.19249 2.7
-0.19225 2.4
-0.19201 2.0
-0.19176 1.7
-0.19152 1.3
-0.19127 1.0
-0.19103 0.6
-0.19078 0.2
-0.19054 -0.1
-0.1903 -0.5
-0.19005 -0.8
-0.18981 -1.2
-0.18956 -1.6
-0.18932 -1.9
-0.18908 -2.3
-0.18883 -2.6
-0.18859 -3.0
-0.18834 -3.3
-0.1881 -3.6
-0.18785 -4.0
-0.18761 -4.3
-0.18737 -4.6
-0.18712 -4.9
-0.18688 -5.2
-0.18663 -5.4
-0.18639 -5.7
-0.18615 -6.0
-0.1859 -6.2
-0.18566 -6.4
-0.18541 -6.6
-0.18517 -6.9
-0.18493 -7.0
-0.18468 -7.2
-0.18444 -7.4
-0.18419 -7.5
-0.18395 -7.6
-0.1837 -7.8
-0.18346 -7.9
-0.18322 -7.9
-0.18297 -8.0
-0.18273 -8.0
-0.18248 -8.1
-0.18224 -8.1
-0.182 -8.1
-0.18175 -8.1
-0.18151 -8.0
-0.18126 -8.0
-0.18102 -7.9
-0.18077 -7.8
-0.18053 -7.7
-0.18029 -7.6
-0.18004 -7.4
-0.1798 -7.3
-0.17955 -7.1
-0.17931 -6.9
-0.17907 -6.7
-0.17882 -6.5
-0.17858 -6.3
-0.17833 -6.0
-0.17809 -5.8
-0.17785 -5.5
-0.1776 -5.2
-0.17736 -4.9
-0.17711 -4.6
-0.17687 -4.3
-0.17662 -4.0
-0.17638 -3.6
-0.17614 -3.3
-0.17589 -2.9
-0.17565 -2.6
-0.1754 -2.2
-0.17516 -1.9
-0.17492 -1.5
-0.17467 -1.1
-0.17443 -0.7
-0.17418 -0.3
-0.17394 0.0
-0.17369 0.4
-0.17345 0.8
-0.17321 1.2
-0.17296 1.6
-0.17272 1.9
-0.17247 2.3
-0.17223 2.7
-0.17199 3.0
-0.17174 3.4
-0.1715 3.7
-0.17125 4.1
-0.17101 4.4
-0.17076 4.7
-0.17052 5.0
-0.17028 5.3
-0.17003 5.6
-0.16979 5.9
-0.16954 6.2
-0.1693 6.4
-0.16906 6.7
-0.16881 6.9
-0.16857 7.1
-0.16832 7.3
-0.16808 7.5
-0.16784 7.6
-0.16759 7.8
-0.16735 7.9
-0.1671 8.0
-0.16686 8.1
-0.16661 8.1
-0.16637 8.2
-0.16613 8.2
-0.16588 8.3
-0.16564 8.3
-0.16539 8.2
-0.16515 8.2
-0.16491 8.1
-0.16466 8.1
-0.16442 8.0
-0.16417 7.8
-0.16393 7.7
-0.16368 7.6
-0.16344 7.4
-0.1632 7.2
-0.16295 7.0
-0.16271 6.8
-0.16246 6.6
-0.16222 6.3
-0.16198 6.1
-0.16173 5.8
-0.16149 5.5
-0.16124 5.2
-0.161 4.9
-0.16076 4.5
-0.16051 4.2
-0.16027 3.9
-0.16002 3.5
-0.15978 3.1
-0.15953 2.8
-0.15929 2.4
-0.15905 2.0
-0.1588 1.6
-0.15856 1.2
-0.15831 0.8
-0.15807 0.4
-0.15783 0.0
-0.15758 -0.4
-0.15734 -0.8
-0.15709 -1.2
-0.15685 -1.6
-0.1566 -2.0
-0.15636 -2.4
-0.15612 -2.8
-0.15587 -3.2
-0.15563 -3.5
-0.15538 -3.9
-0.15514 -4.3
-0.1549 -4.6
-0.15465 -4.9
-0.15441 -5.3
-0.15416 -5.6
-0.15392 -5.9
-0.15368 -6.2
-0.15343 -6.4
-0.15319 -6.7
-0.15294 -6.9
-0.1527 -7.2
-0.15245 -7.4
-0.15221 -7.6
-0.15197 -7.7
-0.15172 -7.9
-0.15148 -8.0
-0.15123 -8.2
-0.15099 -8.3
-0.15075 -8.3
-0.1505 -8.4
-0.15026 -8.4
-0.15001 -8.4
-0.14977 -8.4
-0.14952 -8.4
-0.14928 -8.4
-0.14904 -8.3
-0.14879 -8.2
-0.14855 -8.1
-0.1483 -8.0
-0.14806 -7.9
-0.14782 -7.7
-0.14757 -7.5
-0.14733 -7.3
-0.14708 -7.1
-0.14684 -6.9
-0.1466 -6.6
-0.14635 -6.3
-0.14611 -6.0
-0.14586 -5.7
-0.14562 -5.4
-0.14537 -5.1
-0.14513 -4.8
-0.14489 -4.4
-0.14464 -4.0
-0.1444 -3.7
-0.14415 -3.3
-0.14391 -2.9
-0.14367 -2.5
-0.14342 -2.1
-0.14318 -1.6
-0.14293 -1.2
-0.14269 -0.8
-0.14244 -0.4
-0.1422 0.0
-0.14196 0.5
-0.14171 0.9
-0.14147 1.3
-0.14122 1.8
-0.14098 2.2
-0.14074 2.6
-0.14049 3.0
-0.14025 3.4
-0.14 3.8
-0.13976 4.2
-0.13951 4.6
-0.13927 4.9
-0.13903 5.3
-0.13878 5.6
-0.13854 5.9
-0.13829 6.2
-0.13805 6.5
-0.13781 6.8
-0.13756 7.1
-0.13732 7.3
-0.13707 7.5
-0.13683 7.7
-0.13659 7.9
-0.13634 8.1
-0.1361 8.2
-0.13585 8.4
-0.13561 8.5
-0.13536 8.5
-0.13512 8.6
-0.13488 8.6
-0.13463 8.7
-0.13439 8.6
-0.13414 8.6
-0.1339 8.6
-0.13366 8.5
-0.13341 8.4
-0.13317 8.3
-0.13292 8.1
-0.13268 8.0
-0.13243 7.8
-0.13219 7.6
-0.13195 7.3
-0.1317 7.1
-0.13146 6.8
-0.13121 6.5
-0.13097 6.2
-0.13073 5.9
-0.13048 5.6
-0.13024 5.2
-0.12999 4.9
-0.12975 4.5
-0.12951 4.1
-0.12926 3.7
-0.12902 3.3
-0.12877 2.9
-0.12853 2.4
-0.12828 2.0
-0.12804 1.6
-0.1278 1.1
-0.12755 0.7
-0.12731 0.2
-0.12706 -0.2
-0.12682 -0.7
-0.12658 -1.2
-0.12633 -1.6
-0.12609 -2.1
-0.12584 -2.5
-0.1256 -2.9
-0.12535 -3.4
-0.12511 -3.8
-0.12487 -4.2
-0.12462 -4.6
-0.12438 -5.0
-0.12413 -5.4
-0.12389 -5.7
-0.12365 -6.1
-0.1234 -6.4
-0.12316 -6.7
-0.12291 -7.0
-0.12267 -7.3
-0.12243 -7.6
-0.12218 -7.8
-0.12194 -8.0
-0.12169 -8.2
-0.12145 -8.4
-0.1212 -8.5
-0.12096 -8.6
-0.12072 -8.7
-0.12047 -8.8
-0.12023 -8.9
-0.11998 -8.9
-0.11974 -8.9
-0.1195 -8.9
-0.11925 -8.8
-0.11901 -8.7
-0.11876 -8.6
-0.11852 -8.5
-0.11827 -8.4
-0.11803 -8.2
-0.11779 -8.0
-0.11754 -7.8
-0.1173 -7.5
-0.11705 -7.3
-0.11681 -7.0
-0.11657 -6.7
-0.11632 -6.4
-0.11608 -6.0
-0.11583 -5.6
-0.11559 -5.3
-0.11535 -4.9
-0.1151 -4.5
-0.11486 -4.0
-0.11461 -3.6
-0.11437 -3.2
-0.11412 -2.7
-0.11388 -2.2
-0.11364 -1.8
-0.11339 -1.3
-0.11315 -0.8
-0.1129 -0.3
-0.11266 0.2
-0.11242 0.7
-0.11217 1.1
-0.11193 1.6
-0.11168 2.1
-0.11144 2.6
-0.11119 3.1
-0.11095 3.5
-0.11071 4.0
-0.11046 4.4
-0.11022 4.8
-0.10997 5.2
-0.10973 5.6
-0.10949 6.0
-0.10924 6.4
-0.109 6.7
-0.10875 7.1
-0.10851 7.4
-0.10826 7.7
-0.10802 7.9
-0.10778 8.2
-0.10753 8.4
-0.10729 8.6
-0.10704 8.7
-0.1068 8.9
-0.10656 9.0
-0.10631 9.1
-0.10607 9.1
-0.10582 9.1
-0.10558 9.1
-0.10534 9.1
-0.10509 9.1
-0.10485 9.0
-0.1046 8.9
-0.10436 8.7
-0.10411 8.6
-0.10387 8.4
-0.10363 8.1
-0.10338 7.9
-0.10314 7.6
-0.10289 7.3
-0.10265 7.0
-0.10241 6.7
-0.10216 6.3
-0.10192 5.9
-0.10167 5.5
-0.10143 5.1
-0.10118 4.7
-0.10094 4.2
-0.1007 3.7
-0.10045 3.3
-0.10021 2.8
-0.09996 2.3
-0.09972 1.8
-0.09948 1.2
-0.09923 0.7
-0.09899 0.2
-0.09874 -0.3
-0.0985 -0.9
-0.09826 -1.4
-0.09801 -1.9
-0.09777 -2.4
-0.09752 -2.9
-0.09728 -3.4
-0.09703 -3.9
-0.09679 -4.4
-0.09655 -4.9
-0.0963 -5.3
-0.09606 -5.7
-0.09581 -6.2
-0.09557 -6.6
-0.09533 -6.9
-0.09508 -7.3
-0.09484 -7.6
-0.09459 -7.9
-0.09435 -8.2
-0.0941 -8.5
-0.09386 -8.7
-0.09362 -8.9
-0.09337 -9.0
-0.09313 -9.2
-0.09288 -9.3
-0.09264 -9.4
-0.0924 -9.4
-0.09215 -9.4
-0.09191 -9.4
-0.09166 -9.4
-0.09142 -9.3
-0.09118 -9.2
-0.09093 -9.0
-0.09069 -8.9
-0.09044 -8.6
-0.0902 -8.4
-0.08995 -8.1
-0.08971 -7.9
-0.08947 -7.5
-0.08922 -7.2
-0.08898 -6.8
-0.08873 -6.4
-0.08849 -6.0
-0.08825 -5.6
-0.088 -5.1
-0.08776 -4.6
-0.08751 -4.1
-0.08727 -3.6
-0.08702 -3.1
-0.08678 -2.5
-0.08654 -2.0
-0.08629 -1.4
-0.08605 -0.9
-0.0858 -0.3
-0.08556 0.3
-0.08532 0.8
-0.08507 1.4
-0.08483 2.0
-0.08458 2.5
-0.08434 3.1
-0.0841 3.6
-0.08385 4.2
-0.08361 4.7
-0.08336 5.2
-0.08312 5.7
-0.08287 6.1
-0.08263 6.6
-0.08239 7.0
-0.08214 7.4
-0.0819 7.8
-0.08165 8.1
-0.08141 8.4
-0.08117 8.7
-0.08092 9.0
-0.08068 9.2
-0.08043 9.4
-0.08019 9.5
-0.07994 9.6
-0.0797 9.7
-0.07946 9.8
-0.07921 9.8
-0.07897 9.7
-0.07872 9.7
-0.07848 9.6
-0.07824 9.4
-0.07799 9.3
-0.07775 9.1
-0.0775 8.8
-0.07726 8.5
-0.07701 8.2
-0.07677 7.9
-0.07653 7.5
-0.07628 7.1
-0.07604 6.7
-0.07579 6.2
-0.07555 5.7
-0.07531 5.2
-0.07506 4.7
-0.07482 4.2
-0.07457 3.6
-0.07433 3.0
-0.07409 2.4
-0.07384 1.8
-0.0736 1.2
-0.07335 0.6
-0.07311 0.0
-0.07286 -0.7
-0.07262 -1.3
-0.07238 -1.9
-0.07213 -2.5
-0.07189 -3.1
-0.07164 -3.7
-0.0714 -4.3
-0.07116 -4.9
-0.07091 -5.4
-0.07067 -6.0
-0.07042 -6.5
-0.07018 -7.0
-0.06993 -7.4
-0.06969 -7.8
-0.06945 -8.2
-0.0692 -8.6
-0.06896 -8.9
-0.06871 -9.2
-0.06847 -9.5
-0.06823 -9.7
-0.06798 -9.9
-0.06774 -10.0
-0.06749 -10.1
-0.06725 -10.1
-0.06701 -10.1
-0.06676 -10.1
-0.06652 -10.0
-0.06627 -9.9
-0.06603 -9.8
-0.06578 -9.6
-0.06554 -9.3
-0.0653 -9.0
-0.06505 -8.7
-0.06481 -8.4
-0.06456 -8.0
-0.06432 -7.5
-0.06408 -7.1
-0.06383 -6.6
-0.06359 -6.0
-0.06334 -5.5
-0.0631 -4.9
-0.06285 -4.3
-0.06261 -3.6
-0.06237 -3.0
-0.06212 -2.3
-0.06188 -1.7
-0.06163 -1.0
-0.06139 -0.3
-0.06115 0.4
-0.0609 1.1
-0.06066 1.8
-0.06041 2.5
-0.06017 3.1
-0.05993 3.8
-0.05968 4.5
-0.05944 5.1
-0.05919 5.7
-0.05895 6.3
-0.0587 6.8
-0.05846 7.4
-0.05822 7.9
-0.05797 8.3
-0.05773 8.8
-0.05748 9.1
-0.05724 9.5
-0.057 9.8
-0.05675 10.0
-0.05651 10.3
-0.05626 10.4
-0.05602 10.5
-0.05577 10.6
-0.05553 10.6
-0.05529 10.6
-0.05504 10.5
-0.0548 10.3
-0.05455 10.1
-0.05431 9.9
-0.05407 9.6
-0.05382 9.3
-0.05358 8.9
-0.05333 8.5
-0.05309 8.0
-0.05285 7.5
-0.0526 6.9
-0.05236 6.3
-0.05211 5.7
-0.05187 5.1
-0.05162 4.4
-0.05138 3.7
-0.05114 2.9
-0.05089 2.2
-0.05065 1.4
-0.0504 0.7
-0.05016 -0.1
-0.04992 -0.9
-0.04967 -1.7
-0.04943 -2.5
-0.04918 -3.2
-0.04894 -4.0
-0.04869 -4.7
-0.04845 -5.4
-0.04821 -6.1
-0.04796 -6.8
-0.04772 -7.4
-0.04747 -8.0
-0.04723 -8.5
-0.04699 -9.0
-0.04674 -9.5
-0.0465 -9.9
-0.04625 -10.2
-0.04601 -10.5
-0.04576 -10.8
-0.04552 -11.0
-0.04528 -11.1
-0.04503 -11.1
-0.04479 -11.2
-0.04454 -11.1
-0.0443 -11.0
-0.04406 -10.8
-0.04381 -10.5
-0.04357 -10.2
-0.04332 -9.9
-0.04308 -9.4
-0.04284 -9.0
-0.04259 -8.4
-0.04235 -7.8
-0.0421 -7.2
-0.04186 -6.5
-0.04161 -5.8
-0.04137 -5.1
-0.04113 -4.3
-0.04088 -3.4
-0.04064 -2.6
-0.04039 -1.7
-0.04015 -0.8
-0.03991 0.0
-0.03966 0.9
-0.03942 1.8
-0.03917 2.7
-0.03893 3.6
-0.03868 4.5
-0.03844 5.3
-0.0382 6.1
-0.03795 6.9
-0.03771 7.6
-0.03746 8.3
-0.03722 8.9
-0.03698 9.5
-0.03673 10.0
-0.03649 10.5
-0.03624 10.9
-0.036 11.2
-0.03576 11.5
-0.03551 11.7
-0.03527 11.8
-0.03502 11.8
-0.03478 11.8
-0.03453 11.7
-0.03429 11.5
-0.03405 11.2
-0.0338 10.8
-0.03356 10.4
-0.03331 9.9
-0.03307 9.3
-0.03283 8.6
-0.03258 7.9
-0.03234 7.2
-0.03209 6.3
-0.03185 5.4
-0.0316 4.5
-0.03136 3.6
-0.03112 2.6
-0.03087 1.5
-0.03063 0.5
-0.03038 -0.6
-0.03014 -1.6
-0.0299 -2.7
-0.02965 -3.7
-0.02941 -4.7
-0.02916 -5.7
-0.02892 -6.6
-0.02868 -7.5
-0.02843 -8.4
-0.02819 -9.2
-0.02794 -9.9
-0.0277 -10.6
-0.02745 -11.2
-0.02721 -11.7
-0.02697 -12.1
-0.02672 -12.4
-0.02648 -12.6
-0.02623 -12.7
-0.02599 -12.7
-0.02575 -12.6
-0.0255 -12.4
-0.02526 -12.1
-0.02501 -11.7
-0.02477 -11.1
-0.02452 -10.5
-0.02428 -9.8
-0.02404 -9.0
-0.02379 -8.1
-0.02355 -7.1
-0.0233 -6.1
-0.02306 -5.0
-0.02282 -3.8
-0.02257 -2.6
-0.02233 -1.4
-0.02208 -0.1
-0.02184 1.2
-0.0216 2.5
-0.02135 3.7
-0.02111 5.0
-0.02086 6.2
-0.02062 7.4
-0.02037 8.5
-0.02013 9.5
-0.01989 10.4
-0.01964 11.3
-0.0194 12.0
-0.01915 12.7
-0.01891 13.2
-0.01867 13.5
-0.01842 13.8
-0.01818 13.8
-0.01793 13.8
-0.01769 13.6
-0.01744 13.2
-0.0172 12.7
-0.01696 12.0
-0.01671 11.2
-0.01647 10.3
-0.01622 9.2
-0.01598 8.0
-0.01574 6.7
-0.01549 5.3
-0.01525 3.8
-0.015 2.2
-0.01476 0.6
-0.01451 -1.0
-0.01427 -2.7
-0.01403 -4.3
-0.01378 -5.9
-0.01354 -7.4
-0.01329 -8.9
-0.01305 -10.3
-0.01281 -11.5
-0.01256 -12.6
-0.01232 -13.6
-0.01207 -14.3
-0.01183 -14.9
-0.01159 -15.3
-0.01134 -15.4
-0.0111 -15.3
-0.01085 -15.0
-0.01061 -14.4
-0.01036 -13.6
-0.01012 -12.5
-0.00988 -11.3
-0.00963 -9.8
-0.00939 -8.1
-0.00914 -6.2
-0.0089 -4.2
-0.00866 -2.1
-0.00841 0.0
-0.00817 2.3
-0.00792 4.5
-0.00768 6.7
-0.00743 8.9
-0.00719 10.9
-0.00695 12.7
-0.0067 14.2
-0.00646 15.6
-0.00621 16.6
-0.00597 17.2
-0.00573 17.5
-0.00548 17.3
-0.00524 16.8
-0.00499 15.8
-0.00475 14.4
-0.00451 12.5
-0.00426 10.3
-0.00402 7.7
-0.00377 4.8
-0.00353 1.7
-0.00328 -1.6
-0.00304 -4.9
-0.0028 -8.1
-0.00255 -11.2
-0.00231 -14.1
-0.00206 -16.5
-0.00182 -18.3
-0.00158 -19.5
-0.00133 -19.9
-0.00109 -19.5
-0.00084 -18.2
-0.0006 -15.9
-0.00035 -12.7
-0.00011 -8.7
0.00013 -4.0
0.00038 1.0
0.00062 6.0
0.00087 10.7
0.00111 14.7
0.00135 17.6
0.0016 19.2
0.00184 19.2
0.00209 17.6
0.00233 14.5
0.00257 10.2
0.00282 5.2
0.00306 -0.2
0.00331 -5.3
0.00355 -9.6
0.0038 -12.8
0.00404 -14.4
0.00428 -14.4
0.00453 -12.8
0.00477 -10.0
0.00502 -6.4
0.00526 -2.3
0.0055 1.7
0.00575 5.1
0.00599 7.6
0.00624 9.0
0.00648 9.2
0.00673 8.3
0.00697 6.5
0.00721 4.1
0.00746 1.5
0.0077 -1.1
0.00795 -3.2
0.00819 -4.7
0.00843 -5.5
0.00868 -5.5
0.00892 -4.8
0.00917 -3.6
0.00941 -2.1
0.00965 -0.5
0.0099 1.1
0.01014 2.3
0.01039 3.0
0.01063 3.3
0.01088 3.2
0.01112 2.6
0.01136 1.8
0.01161 0.8
0.01185 -0.1
0.0121 -1.0
0.01234 -1.6
0.01258 -1.9
0.01283 -2.0
0.01307 -1.8
0.01332 -1.4
0.01356 -0.8
0.01381 -0.2
0.01405 0.3
0.01429 0.8
0.01454 1.1
0.01478 1.2
0.01503 1.2
0.01527 1.0
0.01551 0.7
0.01576 0.3
0.016 0.0
0.01625 -0.3
0.01649 -0.6
0.01674 -0.7
0.01698 -0.7
0.01722 -0.7
0.01747 -0.5
0.01771 -0.3
0.01796 0.0
0.0182 0.1
0.01844 0.3
0.01869 0.4
0.01893 0.4
0.01918 0.4
0.01942 0.4
0.01966 0.3
0.01991 0.1
0.02015 0.0
0.0204 -0.1
0.02064 -0.2
0.02089 -0.3
0.02113 -0.3
0.02137 -0.2
0.02162 -0.2
0.02186 -0.1
0.02211 0.0
0.02235 0.0
0.02259 0.1
0.02284 0.1
0.02308 0.2
0.02333 0.2
0.02357 0.1
0.02382 0.0
0.02406 0.0
0.0243 0.0
0.02455 0.0
0.02479 0.0
0.02504 0.0
0.02528 -0.1
0.02552 0.0
0.02577 0.0
0.02601 0.0
0.02626 0.0
0.0265 0.0
0.02674 0.0
0.02699 0.0
0.02723 0.0
0.02748 0.0
0.02772 0.0
0.02797 0.0
0.02821 0.0
0.02845 0.0
0.0287 0.0
0.02894 0.0
0.02919 0.0
0.02943 0.0
0.02967 0.0
0.02992 0.0
0.03016 0.0
0.03041 0.0
0.03065 0.0
0.0309 0.0
0.03114 0.0
0.03138 0.0
0.03163 0.0
0.03187 0.0
0.03212 0.0
0.03236 0.0
0.0326 0.0
0.03285 0.0
0.03309 0.0
0.03334 0.0
0.03358 0.0
0.03382 0.0
0.03407 0.0
0.03431 0.0
0.03456 0.0
0.0348 0.0
0.03505 0.0
0.03529 0.0
0.03553 0.0
0.03578 0.0
0.03602 0.0
0.03627 0.0
0.03651 0.0
0.03675 0.0
0.037 0.0
0.03724 0.0
0.03749 0.0
0.03773 0.0
0.03798 0.0
0.03822 0.0
0.03846 0.0
0.03871 0.0
0.03895 0.0
0.0392 0.0
0.03944 0.0
0.03968 0.0
0.03993 0.0
0.04017 0.0
0.04042 0.0
0.04066 0.0
0.0409 0.0
0.04115 0.0
0.04139 0.0
0.04164 0.0
0.04188 0.0
0.04213 0.0
0.04237 0.0
0.04261 0.0
0.04286 0.0
0.0431 0.0
0.04335 0.0
0.04359 0.0
0.04383 0.0
0.04408 0.0
0.04432 0.0
0.04457 0.0
0.04481 0.0
0.04506 0.0
0.0453 0.0
0.04554 0.0
0.04579 0.0
0.04603 0.0
0.04628 0.0
0.04652 0.0
0.04676 0.0
0.04701 0.0
0.04725 0.0
0.0475 0.0
0.04774 0.0
0.04799 0.0
0.04823 0.0
0.04847 0.0
0.04872 0.0
0.04896 0.0
0.04921 0.0
0.04945 0.0
0.04969 0.0
0.04994 0.0
0.05018 0.0
0.05043 0.0
0.05067 0.0
0.05091 0.0
0.05116 0.0
0.0514 0.0
0.05165 0.0
0.05189 0.0
0.05214 0.0
0.05238 0.0
0.05262 0.0
0.05287 0.0
0.05311 0.0
0.05336 0.0
0.0536 0.0
0.05384 0.0
0.05409 0.0
0.05433 0.0
0.05458 0.0
0.05482 0.0
0.05507 0.0
0.05531 0.0
0.05555 0.0
0.0558 0.0
0.05604 0.0
0.05629 0.0
0.05653 0.0
0.05677 0.0
0.05702 0.0
0.05726 0.0
0.05751 0.0
0.05775 0.0
0.05799 0.0
0.05824 0.0
0.05848 0.0
0.05873 0.0
0.05897 0.0
0.05922 0.0
0.05946 0.0
0.0597 0.0
0.05995 0.0
0.06019 0.0
0.06044 0.0
0.06068 0.0
0.06092 0.0
0.06117 0.0
0.06141 0.0
0.06166 0.0
0.0619 0.0
0.06215 0.0
0.06239 0.0
0.06263 0.0
0.06288 0.0
0.06312 0.0
0.06337 0.0
0.06361 0.0
0.06385 0.0
0.0641 0.0
0.06434 0.0
0.06459 0.0
0.06483 0.0
0.06507 0.0
0.06532 0.0
0.06556 0.0
0.06581 0.0
0.06605 0.0
0.0663 0.0
0.06654 0.0
0.06678 0.0
0.06703 0.0
0.06727 0.0
0.06752 0.0
0.06776 0.0
0.068 0.0
0.06825 0.0
0.06849 0.0
0.06874 0.0
0.06898 0.0
0.06923 0.0
0.06947 0.0
0.06971 0.0
0.06996 0.0
0.0702 0.0
0.07045 0.0
0.07069 0.0
0.07093 0.0
0.07118 0.0
0.07142 0.0
0.07167 0.0
0.07191 0.0
0.07215 0.0
0.0724 0.0
0.07264 0.0
0.07289 0.0
0.07313 0.0
0.07338 0.0
0.07362 0.0
0.07386 0.0
0.07411 0.0
0.07435 0.0
0.0746 0.0
0.07484 0.0
0.07508 0.0
0.07533 0.0
0.07557 0.0
0.07582 0.0
0.07606 0.0
0.07631 0.0
0.07655 0.0
0.07679 0.0
0.07704 0.0
0.07728 0.0
0.07753 0.0
0.07777 0.0
0.07801 0.0
0.07826 0.0
0.0785 0.0
0.07875 0.0
0.07899 0.0
0.07924 0.0
0.07948 0.0
0.07972 0.0
0.07997 0.0
0.08021 0.0
0.08046 0.0
0.0807 0.0
0.08094 0.0
0.08119 0.0
0.08143 0.0
0.08168 0.0
0.08192 0.0
0.08216 0.0
0.08241 0.0
0.08265 0.0
0.0829 0.0
0.08314 0.0
0.08339 0.0
0.08363 0.0
0.08387 0.0
0.08412 0.0
0.08436 0.0
0.08461 0.0
0.08485 0.0
0.08509 0.0
0.08534 0.0
0.08558 0.0
0.08583 0.0
0.08607 0.0
0.08632 0.0
0.08656 0.0
0.0868 0.0
0.08705 0.0
0.08729 0.0
0.08754 0.0
0.08778 0.0
0.08802 0.0
0.08827 0.0
0.08851 0.0
0.08876 0.0
0.089 0.0
0.08924 0.0
0.08949 0.0
0.08973 0.0
0.08998 0.0
0.09022 0.0
0.09047 0.0
0.09071 0.0
0.09095 0.0
0.0912 0.0
0.09144 0.0
0.09169 0.0
0.09193 0.0
0.09217 0.0
0.09242 0.0
0.09266 0.0
0.09291 0.0
0.09315 0.0
0.0934 0.0
0.09364 0.0
0.09388 0.0
0.09413 0.0
0.09437 0.0
0.09462 0.0
0.09486 0.0
0.0951 0.0
0.09535 0.0
0.09559 0.0
0.09584 0.0
0.09608 0.0
0.09632 0.0
0.09657 0.0
0.09681 0.0
0.09706 0.0
0.0973 0.0
0.09755 0.0
0.09779 0.0
0.09803 0.0
0.09828 0.0
0.09852 0.0
0.09877 0.0
0.09901 0.0
0.09925 0.0
0.0995 0.0
0.09974 0.0
0.09999 0.0
0.10023 0.0
0.10048 0.0
0.10072 0.0
0.10096 0.0
0.10121 0.0
0.10145 0.0
0.1017 0.0
0.10194 0.0
0.10218 0.0
0.10243 0.0
0.10267 0.0
0.10292 0.0
0.10316 0.0
0.1034 0.0
0.10365 0.0
0.10389 0.0
0.10414 0.0
0.10438 0.0
0.10463 0.0
0.10487 0.0
0.10511 0.0
0.10536 0.0
0.1056 0.0
0.10585 0.0
0.10609 0.0
0.10633 0.0
0.10658 0.0
0.10682 0.0
0.10707 0.0
0.10731 0.0
0.10756 0.0
0.1078 0.0
0.10804 0.0
0.10829 0.0
0.10853 0.0
0.10878 0.0
0.10902 0.0
0.10926 0.0
0.10951 0.0
0.10975 0.0
0.11 0.0
0.11024 0.0
0.11049 0.0
0.11073 0.0
0.11097 0.0
0.11122 0.0
0.11146 0.0
0.11171 0.0
0.11195 0.0
0.11219 0.0
0.11244 0.0
0.11268 0.0
0.11293 0.0
0.11317 0.0
0.11341 0.0
0.11366 0.0
0.1139 0.0
0.11415 0.0
0.11439 0.0
0.11464 0.0
0.11488 0.0
0.11512 0.0
0.11537 0.0
0.11561 0.0
0.11586 0.0
0.1161 0.0
0.11634 0.0
0.11659 0.0
0.11683 0.0
0.11708 0.0
0.11732 0.0
0.11757 0.0
0.11781 0.0
0.11805 0.0
0.1183 0.0
0.11854 0.0
0.11879 0.0
0.11903 0.0
0.11927 0.0
0.11952 0.0
0.11976 0.0
0.12001 0.0
0.12025 0.0
0.12049 0.0
0.12074 0.0
0.12098 0.0
0.12123 0.0
0.12147 0.0
0.12172 0.0
0.12196 0.0
0.1222 0.0
0.12245 0.0
0.12269 0.0
0.12294 0.0
0.12318 0.0
0.12342 0.0
0.12367 0.0
0.12391 0.0
0.12416 0.0
0.1244 0.0
0.12465 0.0
0.12489 0.0
0.12513 0.0
0.12538 0.0
0.12562 0.0
0.12587 0.0
0.12611 0.0
0.12635 0.0
0.1266 0.0
0.12684 0.0
0.12709 0.0
0.12733 0.0
0.12757 0.0
0.12782 0.0
0.12806 0.0
0.12831 0.0
0.12855 0.0
0.1288 0.0
0.12904 0.0
0.12928 0.0
0.12953 0.0
0.12977 0.0
0.13002 0.0
0.13026 0.0
0.1305 0.0
0.13075 0.0
0.13099 0.0
0.13124 0.0
0.13148 0.0
0.13173 0.0
0.13197 0.0
0.13221 0.0
0.13246 0.0
0.1327 0.0
0.13295 0.0
0.13319 0.0
0.13343 0.0
0.13368 0.0
0.13392 0.0
0.13417 0.0
0.13441 0.0
0.13465 0.0
0.1349 0.0
0.13514 0.0
0.13539 0.0
0.13563 0.0
0.13588 0.0
0.13612 0.0
0.13636 0.0
0.13661 0.0
0.13685 0.0
0.1371 0.0
0.13734 0.0
0.13758 0.0
0.13783 0.0
0.13807 0.0
0.13832 0.0
0.13856 0.0
0.13881 0.0
0.13905 0.0
0.13929 0.0
0.13954 0.0
0.13978 0.0
0.14003 0.0
0.14027 0.0
0.14051 0.0
0.14076 0.0
0.141 0.0
0.14125 0.0
0.14149 0.0
0.14174 0.0
0.14198 0.0
0.14222 0.0
0.14247 0.0
0.14271 0.0
0.14296 0.0
0.1432 0.0
0.14344 0.0
0.14369 0.0
0.14393 0.0
0.14418 0.0
0.14442 0.0
0.14466 0.0
0.14491 0.0
0.14515 0.0
0.1454 0.0
0.14564 0.0
0.14589 0.0
0.14613 0.0
0.14637 0.0
0.14662 0.0
0.14686 0.0
0.14711 0.0
0.14735 0.0
0.14759 0.0
0.14784 0.0
0.14808 0.0
0.14833 0.0
0.14857 0.0
0.14882 0.0
0.14906 0.0
0.1493 0.0
0.14955 0.0
0.14979 0.0
0.15004 0.0
0.15028 0.0
0.15052 0.0
0.15077 0.0
0.15101 0.0
0.15126 0.0
0.1515 0.0
0.15174 0.0
0.15199 0.0
0.15223 0.0
0.15248 0.0
0.15272 0.0
0.15297 0.0
0.15321 0.0
0.15345 0.0
0.1537 0.0
0.15394 0.0
0.15419 0.0
0.15443 0.0
0.15467 0.0
0.15492 0.0
0.15516 0.0
0.15541 0.0
0.15565 0.0
0.1559 0.0
0.15614 0.0
0.15638 0.0
0.15663 0.0
0.15687 0.0
0.15712 0.0
0.15736 0.0
0.1576 0.0
0.15785 0.0
0.15809 0.0
0.15834 0.0
0.15858 0.0
0.15882 0.0
0.15907 0.0
0.15931 0.0
0.15956 0.0
0.1598 0.0
0.16005 0.0
0.16029 0.0
0.16053 0.0
0.16078 0.0
0.16102 0.0
0.16127 0.0
0.16151 0.0
0.16175 0.0
0.162 0.0
0.16224 0.0
0.16249 0.0
0.16273 0.0
0.16298 0.0
0.16322 0.0
0.16346 0.0
0.16371 0.0
0.16395 0.0
0.1642 0.0
0.16444 0.0
0.16468 0.0
0.16493 0.0
0.16517 0.0
0.16542 0.0
0.16566 0.0
0.1659 0.0
0.16615 0.0
0.16639 0.0
0.16664 0.0
0.16688 0.0
0.16713 0.0
0.16737 0.0
0.16761 0.0
0.16786 0.0
