t strain*1e23
-0.35018 6.9
-0.34994 6.9
-0.34969 6.9
-0.34945 6.8
-0.34921 6.8
-0.34896 6.7
-0.34872 6.6
-0.34847 6.6
-0.34823 6.5
-0.34798 6.4
-0.34774 6.3
-0.3475 6.2
-0.34725 6.1
-0.34701 5.9
-0.34676 5.8
-0.34652 5.7
-0.34628 5.5
-0.34603 5.4
-0.34579 5.2
-0.34554 5.1
-0.3453 4.9
-0.34505 4.7
-0.34481 4.5
-0.34457 4.4
-0.34432 4.2
-0.34408 4.0
-0.34383 3.8
-0.34359 3.6
-0.34335 3.4
-0.3431 3.2
-0.34286 3.0
-0.34261 2.7
-0.34237 2.5
-0.34212 2.3
-0.34188 2.1
-0.34164 1.8
-0.34139 1.6
-0.34115 1.4
-0.3409 1.1
-0.34066 0.9
-0.34042 0.7
-0.34017 0.4
-0.33993 0.2
-0.33968 0.0
-0.33944 -0.3
-0.3392 -0.5
-0.33895 -0.8
-0.33871 -1.0
-0.33846 -1.3
-0.33822 -1.5
-0.33797 -1.7
-0.33773 -2.0
-0.33749 -2.2
-0.33724 -2.4
-0.337 -2.7
-0.33675 -2.9
-0.33651 -3.1
-0.33627 -3.3
-0.33602 -3.5
-0.33578 -3.7
-0.33553 -3.9
-0.33529 -4.1
-0.33504 -4.3
-0.3348 -4.5
-0.33456 -4.7
-0.33431 -4.9
-0.33407 -5.1
-0.33382 -5.2
-0.33358 -5.4
-0.33334 -5.5
-0.33309 -5.7
-0.33285 -5.8
-0.3326 -6.0
-0.33236 -6.1
-0.33212 -6.2
-0.33187 -6.3
-0.33163 -6.4
-0.33138 -6.5
-0.33114 -6.6
-0.33089 -6.7
-0.33065 -6.8
-0.33041 -6.8
-0.33016 -6.9
-0.32992 -7.0
-0.32967 -7.0
-0.32943 -7.0
-0.32919 -7.1
-0.32894 -7.1
-0.3287 -7.1
-0.32845 -7.1
-0.32821 -7.1
-0.32796 -7.1
-0.32772 -7.0
-0.32748 -7.0
-0.32723 -7.0
-0.32699 -6.9
-0.32674 -6.8
-0.3265 -6.8
-0.32626 -6.7
-0.32601 -6.6
-0.32577 -6.5
-0.32552 -6.4
-0.32528 -6.3
-0.32504 -6.2
-0.32479 -6.1
-0.32455 -6.0
-0.3243 -5.8
-0.32406 -5.7
-0.32381 -5.5
-0.32357 -5.4
-0.32333 -5.2
-0.32308 -5.0
-0.32284 -4.9
-0.32259 -4.7
-0.32235 -4.5
-0.32211 -4.3
-0.32186 -4.1
-0.32162 -3.9
-0.32137 -3.7
-0.32113 -3.5
-0.32088 -3.2
-0.32064 -3.0
-0.3204 -2.8
-0.32015 -2.6
-0.31991 -2.3
-0.31966 -2.1
-0.31942 -1.9
-0.31918 -1.6
-0.31893 -1.4
-0.31869 -1.1
-0.31844 -0.9
-0.3182 -0.6
-0.31796 -0.4
-0.31771 -0.1
-0.31747 0.1
-0.31722 0.4
-0.31698 0.6
-0.31673 0.9
-0.31649 1.1
-0.31625 1.3
-0.316 1.6
-0.31576 1.8
-0.31551 2.1
-0.31527 2.3
-0.31503 2.6
-0.31478 2.8
-0.31454 3.0
-0.31429 3.2
-0.31405 3.5
-0.3138 3.7
-0.31356 3.9
-0.31332 4.1
-0.31307 4.3
-0.31283 4.5
-0.31258 4.7
-0.31234 4.9
-0.3121 5.1
-0.31185 5.2
-0.31161 5.4
-0.31136 5.6
-0.31112 5.7
-0.31087 5.9
-0.31063 6.0
-0.31039 6.2
-0.31014 6.3
-0.3099 6.4
-0.30965 6.5
-0.30941 6.6
-0.30917 6.7
-0.30892 6.8
-0.30868 6.9
-0.30843 6.9
-0.30819 7.0
-0.30795 7.1
-0.3077 7.1
-0.30746 7.1
-0.30721 7.2
-0.30697 7.2
-0.30672 7.2
-0.30648 7.2
-0.30624 7.2
-0.30599 7.2
-0.30575 7.1
-0.3055 7.1
-0.30526 7.0
-0.30502 7.0
-0.30477 6.9
-0.30453 6.9
-0.30428 6.8
-0.30404 6.7
-0.30379 6.6
-0.30355 6.5
-0.30331 6.4
-0.30306 6.2
-0.30282 6.1
-0.30257 6.0
-0.30233 5.8
-0.30209 5.7
-0.30184 5.5
-0.3016 5.3
-0.30135 5.2
-0.30111 5.0
-0.30087 4.8
-0.30062 4.6
-0.30038 4.4
-0.30013 4.2
-0.29989 4.0
-0.29964 3.8
-0.2994 3.5
-0.29916 3.3
-0.29891 3.1
-0.29867 2.9
-0.29842 2.6
-0.29818 2.4
-0.29794 2.1
-0.29769 1.9
-0.29745 1.6
-0.2972 1.4
-0.29696 1.1
-0.29671 0.9
-0.29647 0.6
-0.29623 0.4
-0.29598 0.0
-0.29574 -0.2
-0.29549 -0.4
-0.29525 -0.7
-0.29501 -0.9
-0.29476 -1.2
-0.29452 -1.5
-0.29427 -1.7
-0.29403 -2.0
-0.29379 -2.2
-0.29354 -2.5
-0.2933 -2.7
-0.29305 -2.9
-0.29281 -3.2
-0.29256 -3.4
-0.29232 -3.6
-0.29208 -3.9
-0.29183 -4.1
-0.29159 -4.3
-0.29134 -4.5
-0.2911 -4.7
-0.29086 -4.9
-0.29061 -5.1
-0.29037 -5.3
-0.29012 -5.5
-0.28988 -5.6
-0.28963 -5.8
-0.28939 -5.9
-0.28915 -6.1
-0.2889 -6.2
-0.28866 -6.4
-0.28841 -6.5
-0.28817 -6.6
-0.28793 -6.7
-0.28768 -6.8
-0.28744 -6.9
-0.28719 -7.0
-0.28695 -7.1
-0.28671 -7.1
-0.28646 -7.2
-0.28622 -7.2
-0.28597 -7.3
-0.28573 -7.3
-0.28548 -7.3
-0.28524 -7.3
-0.285 -7.3
-0.28475 -7.3
-0.28451 -7.3
-0.28426 -7.2
-0.28402 -7.2
-0.28378 -7.1
-0.28353 -7.1
-0.28329 -7.0
-0.28304 -6.9
-0.2828 -6.8
-0.28255 -6.7
-0.28231 -6.6
-0.28207 -6.5
-0.28182 -6.4
-0.28158 -6.3
-0.28133 -6.1
-0.28109 -6.0
-0.28085 -5.8
-0.2806 -5.7
-0.28036 -5.5
-0.28011 -5.3
-0.27987 -5.1
-0.27962 -4.9
-0.27938 -4.7
-0.27914 -4.5
-0.27889 -4.3
-0.27865 -4.1
-0.2784 -3.9
-0.27816 -3.6
-0.27792 -3.4
-0.27767 -3.1
-0.27743 -2.9
-0.27718 -2.7
-0.27694 -2.4
-0.2767 -2.1
-0.27645 -1.9
-0.27621 -1.6
-0.27596 -1.4
-0.27572 -1.1
-0.27547 -0.8
-0.27523 -0.6
-0.27499 -0.3
-0.27474 0.0
-0.2745 0.2
-0.27425 0.5
-0.27401 0.8
-0.27377 1.0
-0.27352 1.3
-0.27328 1.6
-0.27303 1.8
-0.27279 2.1
-0.27254 2.4
-0.2723 2.6
-0.27206 2.9
-0.27181 3.1
-0.27157 3.4
-0.27132 3.6
-0.27108 3.8
-0.27084 4.1
-0.27059 4.3
-0.27035 4.5
-0.2701 4.7
-0.26986 4.9
-0.26962 5.1
-0.26937 5.3
-0.26913 5.5
-0.26888 5.7
-0.26864 5.9
-0.26839 6.0
-0.26815 6.2
-0.26791 6.3
-0.26766 6.5
-0.26742 6.6
-0.26717 6.7
-0.26693 6.8
-0.26669 6.9
-0.26644 7.0
-0.2662 7.1
-0.26595 7.2
-0.26571 7.3
-0.26546 7.3
-0.26522 7.3
-0.26498 7.4
-0.26473 7.4
-0.26449 7.4
-0.26424 7.4
-0.264 7.4
-0.26376 7.4
-0.26351 7.4
-0.26327 7.3
-0.26302 7.3
-0.26278 7.2
-0.26254 7.2
-0.26229 7.1
-0.26205 7.0
-0.2618 6.9
-0.26156 6.8
-0.26131 6.7
-0.26107 6.5
-0.26083 6.4
-0.26058 6.3
-0.26034 6.1
-0.26009 5.9
-0.25985 5.8
-0.25961 5.6
-0.25936 5.4
-0.25912 5.2
-0.25887 5.0
-0.25863 4.8
-0.25838 4.6
-0.25814 4.4
-0.2579 4.1
-0.25765 3.9
-0.25741 3.7
-0.25716 3.4
-0.25692 3.2
-0.25668 2.9
-0.25643 2.7
-0.25619 2.4
-0.25594 2.1
-0.2557 1.9
-0.25546 1.6
-0.25521 1.3
-0.25497 1.0
-0.25472 0.8
-0.25448 0.5
-0.25423 0.2
-0.25399 0.0
-0.25375 -0.4
-0.2535 -0.7
-0.25326 -0.9
-0.25301 -1.2
-0.25277 -1.5
-0.25253 -1.8
-0.25228 -2.0
-0.25204 -2.3
-0.25179 -2.6
-0.25155 -2.8
-0.2513 -3.1
-0.25106 -3.4
-0.25082 -3.6
-0.25057 -3.9
-0.25033 -4.1
-0.25008 -4.3
-0.24984 -4.6
-0.2496 -4.8
-0.24935 -5.0
-0.24911 -5.2
-0.24886 -5.4
-0.24862 -5.6
-0.24837 -5.8
-0.24813 -6.0
-0.24789 -6.2
-0.24764 -6.3
-0.2474 -6.5
-0.24715 -6.6
-0.24691 -6.7
-0.24667 -6.9
-0.24642 -7.0
-0.24618 -7.1
-0.24593 -7.2
-0.24569 -7.3
-0.24545 -7.3
-0.2452 -7.4
-0.24496 -7.5
-0.24471 -7.5
-0.24447 -7.5
-0.24422 -7.5
-0.24398 -7.6
-0.24374 -7.6
-0.24349 -7.5
-0.24325 -7.5
-0.243 -7.5
-0.24276 -7.4
-0.24252 -7.4
-0.24227 -7.3
-0.24203 -7.2
-0.24178 -7.1
-0.24154 -7.0
-0.24129 -6.9
-0.24105 -6.8
-0.24081 -6.7
-0.24056 -6.5
-0.24032 -6.4
-0.24007 -6.2
-0.23983 -6.1
-0.23959 -5.9
-0.23934 -5.7
-0.2391 -5.5
-0.23885 -5.3
-0.23861 -5.1
-0.23837 -4.9
-0.23812 -4.6
-0.23788 -4.4
-0.23763 -4.2
-0.23739 -3.9
-0.23714 -3.7
-0.2369 -3.4
-0.23666 -3.1
-0.23641 -2.9
-0.23617 -2.6
-0.23592 -2.3
-0.23568 -2.0
-0.23544 -1.7
-0.23519 -1.5
-0.23495 -1.2
-0.2347 -0.9
-0.23446 -0.6
-0.23421 -0.3
-0.23397 0.0
-0.23373 0.3
-0.23348 0.6
-0.23324 0.9
-0.23299 1.2
-0.23275 1.5
-0.23251 1.8
-0.23226 2.1
-0.23202 2.3
-0.23177 2.6
-0.23153 2.9
-0.23129 3.2
-0.23104 3.4
-0.2308 3.7
-0.23055 4.0
-0.23031 4.2
-0.23006 4.5
-0.22982 4.7
-0.22958 4.9
-0.22933 5.2
-0.22909 5.4
-0.22884 5.6
-0.2286 5.8
-0.22836 6.0
-0.22811 6.2
-0.22787 6.3
-0.22762 6.5
-0.22738 6.7
-0.22713 6.8
-0.22689 6.9
-0.22665 7.1
-0.2264 7.2
-0.22616 7.3
-0.22591 7.4
-0.22567 7.5
-0.22543 7.5
-0.22518 7.6
-0.22494 7.6
-0.22469 7.7
-0.22445 7.7
-0.22421 7.7
-0.22396 7.7
-0.22372 7.7
-0.22347 7.7
-0.22323 7.6
-0.22298 7.6
-0.22274 7.5
-0.2225 7.4
-0.22225 7.4
-0.22201 7.3
-0.22176 7.2
-0.22152 7.0
-0.22128 6.9
-0.22103 6.8
-0.22079 6.6
-0.22054 6.5
-0.2203 6.3
-0.22005 6.1
-0.21981 5.9
-0.21957 5.7
-0.21932 5.5
-0.21908 5.3
-0.21883 5.1
-0.21859 4.8
-0.21835 4.6
-0.2181 4.3
-0.21786 4.1
-0.21761 3.8
-0.21737 3.6
-0.21712 3.3
-0.21688 3.0
-0.21664 2.7
-0.21639 2.4
-0.21615 2.1
-0.2159 1.8
-0.21566 1.5
-0.21542 1.2
-0.21517 0.9
-0.21493 0.6
-0.21468 0.3
-0.21444 0.0
-0.2142 -0.3
-0.21395 -0.6
-0.21371 -0.9
-0.21346 -1.3
-0.21322 -1.6
-0.21297 -1.9
-0.21273 -2.2
-0.21249 -2.5
-0.21224 -2.8
-0.212 -3.0
-0.21175 -3.3
-0.21151 -3.6
-0.21127 -3.9
-0.21102 -4.2
-0.21078 -4.4
-0.21053 -4.7
-0.21029 -4.9
-0.21004 -5.2
-0.2098 -5.4
-0.20956 -5.6
-0.20931 -5.8
-0.20907 -6.0
-0.20882 -6.2
-0.20858 -6.4
-0.20834 -6.6
-0.20809 -6.8
-0.20785 -6.9
-0.2076 -7.1
-0.20736 -7.2
-0.20712 -7.3
-0.20687 -7.4
-0.20663 -7.5
-0.20638 -7.6
-0.20614 -7.7
-0.20589 -7.7
-0.20565 -7.8
-0.20541 -7.8
-0.20516 -7.8
-0.20492 -7.9
-0.20467 -7.9
-0.20443 -7.8
-0.20419 -7.8
-0.20394 -7.8
-0.2037 -7.7
-0.20345 -7.6
-0.20321 -7.6
-0.20296 -7.5
-0.20272 -7.4
-0.20248 -7.2
-0.20223 -7.1
-0.20199 -7.0
-0.20174 -6.8
-0.2015 -6.7
-0.20126 -6.5
-0.20101 -6.3
-0.20077 -6.1
-0.20052 -5.9
-0.20028 -5.7
-0.20004 -5.4
-0.19979 -5.2
-0.19955 -5.0
-0.1993 -4.7
-0.19906 -4.4
-0.19881 -4.2
-0.19857 -3.9
-0.19833 -3.6
-0.19808 -3.3
-0.19784 -3.0
-0.19759 -2.7
-0.19735 -2.4
-0.19711 -2.1
-0.19686 -1.8
-0.19662 -1.5
-0.19637 -1.2
-0.19613 -0.8
-0.19588 -0.5
-0.19564 -0.2
-0.1954 0.1
-0.19515 0.5
-0.19491 0.8
-0.19466 1.1
-0.19442 1.4
-0.19418 1.8
-0.19393 2.1
-0.19369 2.4
-0.19344 2.7
-0.1932 3.0
-0.19296 3.3
-0.19271 3.6
-0.19247 3.9
-0.19222 4.2
-0.19198 4.5
-0.19173 4.7
-0.19149 5.0
-0.19125 5.3
-0.191 5.5
-0.19076 5.7
-0.19051 6.0
-0.19027 6.2
-0.19003 6.4
-0.18978 6.6
-0.18954 6.8
-0.18929 6.9
-0.18905 7.1
-0.1888 7.3
-0.18856 7.4
-0.18832 7.5
-0.18807 7.6
-0.18783 7.7
-0.18758 7.8
-0.18734 7.9
-0.1871 7.9
-0.18685 8.0
-0.18661 8.0
-0.18636 8.0
-0.18612 8.0
-0.18587 8.0
-0.18563 8.0
-0.18539 7.9
-0.18514 7.9
-0.1849 7.8
-0.18465 7.7
-0.18441 7.6
-0.18417 7.5
-0.18392 7.4
-0.18368 7.3
-0.18343 7.1
-0.18319 7.0
-0.18295 6.8
-0.1827 6.6
-0.18246 6.4
-0.18221 6.2
-0.18197 6.0
-0.18172 5.7
-0.18148 5.5
-0.18124 5.3
-0.18099 5.0
-0.18075 4.7
-0.1805 4.4
-0.18026 4.2
-0.18002 3.9
-0.17977 3.6
-0.17953 3.2
-0.17928 2.9
-0.17904 2.6
-0.17879 2.3
-0.17855 2.0
-0.17831 1.6
-0.17806 1.3
-0.17782 0.9
-0.17757 0.6
-0.17733 0.3
-0.17709 0.0
-0.17684 -0.4
-0.1766 -0.8
-0.17635 -1.1
-0.17611 -1.5
-0.17587 -1.8
-0.17562 -2.1
-0.17538 -2.5
-0.17513 -2.8
-0.17489 -3.1
-0.17464 -3.4
-0.1744 -3.8
-0.17416 -4.1
-0.17391 -4.4
-0.17367 -4.7
-0.17342 -4.9
-0.17318 -5.2
-0.17294 -5.5
-0.17269 -5.7
-0.17245 -6.0
-0.1722 -6.2
-0.17196 -6.4
-0.17171 -6.6
-0.17147 -6.8
-0.17123 -7.0
-0.17098 -7.2
-0.17074 -7.4
-0.17049 -7.5
-0.17025 -7.7
-0.17001 -7.8
-0.16976 -7.9
-0.16952 -8.0
-0.16927 -8.0
-0.16903 -8.1
-0.16879 -8.2
-0.16854 -8.2
-0.1683 -8.2
-0.16805 -8.2
-0.16781 -8.2
-0.16756 -8.2
-0.16732 -8.1
-0.16708 -8.1
-0.16683 -8.0
-0.16659 -7.9
-0.16634 -7.8
-0.1661 -7.7
-0.16586 -7.5
-0.16561 -7.4
-0.16537 -7.2
-0.16512 -7.0
-0.16488 -6.9
-0.16463 -6.7
-0.16439 -6.4
-0.16415 -6.2
-0.1639 -6.0
-0.16366 -5.7
-0.16341 -5.4
-0.16317 -5.2
-0.16293 -4.9
-0.16268 -4.6
-0.16244 -4.3
-0.16219 -4.0
-0.16195 -3.7
-0.16171 -3.3
-0.16146 -3.0
-0.16122 -2.7
-0.16097 -2.3
-0.16073 -2.0
-0.16048 -1.6
-0.16024 -1.3
-0.16 -0.9
-0.15975 -0.5
-0.15951 -0.2
-0.15926 0.2
-0.15902 0.6
-0.15878 0.9
-0.15853 1.3
-0.15829 1.7
-0.15804 2.0
-0.1578 2.4
-0.15755 2.7
-0.15731 3.1
-0.15707 3.4
-0.15682 3.7
-0.15658 4.1
-0.15633 4.4
-0.15609 4.7
-0.15585 5.0
-0.1556 5.3
-0.15536 5.6
-0.15511 5.8
-0.15487 6.1
-0.15462 6.4
-0.15438 6.6
-0.15414 6.8
-0.15389 7.0
-0.15365 7.2
-0.1534 7.4
-0.15316 7.6
-0.15292 7.7
-0.15267 7.9
-0.15243 8.0
-0.15218 8.1
-0.15194 8.2
-0.1517 8.3
-0.15145 8.3
-0.15121 8.4
-0.15096 8.4
-0.15072 8.4
-0.15047 8.4
-0.15023 8.4
-0.14999 8.3
-0.14974 8.3
-0.1495 8.2
-0.14925 8.1
-0.14901 8.0
-0.14877 7.9
-0.14852 7.7
-0.14828 7.6
-0.14803 7.4
-0.14779 7.2
-0.14754 7.0
-0.1473 6.8
-0.14706 6.6
-0.14681 6.3
-0.14657 6.1
-0.14632 5.8
-0.14608 5.5
-0.14584 5.2
-0.14559 4.9
-0.14535 4.6
-0.1451 4.3
-0.14486 3.9
-0.14462 3.6
-0.14437 3.2
-0.14413 2.9
-0.14388 2.5
-0.14364 2.1
-0.14339 1.8
-0.14315 1.4
-0.14291 1.0
-0.14266 0.6
-0.14242 0.2
-0.14217 -0.2
-0.14193 -0.6
-0.14169 -1.0
-0.14144 -1.3
-0.1412 -1.7
-0.14095 -2.1
-0.14071 -2.5
-0.14046 -2.9
-0.14022 -3.2
-0.13998 -3.6
-0.13973 -3.9
-0.13949 -4.3
-0.13924 -4.6
-0.139 -5.0
-0.13876 -5.3
-0.13851 -5.6
-0.13827 -5.9
-0.13802 -6.2
-0.13778 -6.4
-0.13754 -6.7
-0.13729 -6.9
-0.13705 -7.2
-0.1368 -7.4
-0.13656 -7.6
-0.13631 -7.8
-0.13607 -7.9
-0.13583 -8.1
-0.13558 -8.2
-0.13534 -8.3
-0.13509 -8.4
-0.13485 -8.5
-0.13461 -8.6
-0.13436 -8.6
-0.13412 -8.6
-0.13387 -8.6
-0.13363 -8.6
-0.13338 -8.6
-0.13314 -8.5
-0.1329 -8.5
-0.13265 -8.4
-0.13241 -8.3
-0.13216 -8.1
-0.13192 -8.0
-0.13168 -7.8
-0.13143 -7.7
-0.13119 -7.5
-0.13094 -7.3
-0.1307 -7.0
-0.13046 -6.8
-0.13021 -6.5
-0.12997 -6.2
-0.12972 -6.0
-0.12948 -5.7
-0.12923 -5.3
-0.12899 -5.0
-0.12875 -4.7
-0.1285 -4.3
-0.12826 -4.0
-0.12801 -3.6
-0.12777 -3.2
-0.12753 -2.8
-0.12728 -2.4
-0.12704 -2.0
-0.12679 -1.6
-0.12655 -1.2
-0.1263 -0.8
-0.12606 -0.4
-0.12582 0.0
-0.12557 0.5
-0.12533 0.9
-0.12508 1.3
-0.12484 1.7
-0.1246 2.1
-0.12435 2.5
-0.12411 2.9
-0.12386 3.3
-0.12362 3.7
-0.12337 4.1
-0.12313 4.4
-0.12289 4.8
-0.12264 5.2
-0.1224 5.5
-0.12215 5.8
-0.12191 6.1
-0.12167 6.4
-0.12142 6.7
-0.12118 7.0
-0.12093 7.3
-0.12069 7.5
-0.12045 7.7
-0.1202 7.9
-0.11996 8.1
-0.11971 8.3
-0.11947 8.4
-0.11922 8.5
-0.11898 8.7
-0.11874 8.7
-0.11849 8.8
-0.11825 8.9
-0.118 8.9
-0.11776 8.9
-0.11752 8.9
-0.11727 8.8
-0.11703 8.8
-0.11678 8.7
-0.11654 8.6
-0.11629 8.5
-0.11605 8.3
-0.11581 8.2
-0.11556 8.0
-0.11532 7.8
-0.11507 7.6
-0.11483 7.3
-0.11459 7.1
-0.11434 6.8
-0.1141 6.5
-0.11385 6.2
-0.11361 5.9
-0.11337 5.5
-0.11312 5.2
-0.11288 4.8
-0.11263 4.4
-0.11239 4.1
-0.11214 3.7
-0.1119 3.2
-0.11166 2.8
-0.11141 2.4
-0.11117 2.0
-0.11092 1.5
-0.11068 1.1
-0.11044 0.6
-0.11019 0.2
-0.10995 -0.3
-0.1097 -0.7
-0.10946 -1.2
-0.10921 -1.6
-0.10897 -2.0
-0.10873 -2.5
-0.10848 -2.9
-0.10824 -3.3
-0.10799 -3.8
-0.10775 -4.2
-0.10751 -4.6
-0.10726 -5.0
-0.10702 -5.3
-0.10677 -5.7
-0.10653 -6.1
-0.10629 -6.4
-0.10604 -6.7
-0.1058 -7.0
-0.10555 -7.3
-0.10531 -7.6
-0.10506 -7.8
-0.10482 -8.1
-0.10458 -8.3
-0.10433 -8.5
-0.10409 -8.6
-0.10384 -8.8
-0.1036 -8.9
-0.10336 -9.0
-0.10311 -9.1
-0.10287 -9.1
-0.10262 -9.2
-0.10238 -9.2
-0.10213 -9.2
-0.10189 -9.1
-0.10165 -9.1
-0.1014 -9.0
-0.10116 -8.9
-0.10091 -8.7
-0.10067 -8.6
-0.10043 -8.4
-0.10018 -8.2
-0.09994 -7.9
-0.09969 -7.7
-0.09945 -7.4
-0.09921 -7.1
-0.09896 -6.8
-0.09872 -6.5
-0.09847 -6.2
-0.09823 -5.8
-0.09798 -5.4
-0.09774 -5.0
-0.0975 -4.6
-0.09725 -4.2
-0.09701 -3.7
-0.09676 -3.3
-0.09652 -2.8
-0.09628 -2.4
-0.09603 -1.9
-0.09579 -1.4
-0.09554 -1.0
-0.0953 -0.5
-0.09505 0.0
-0.09481 0.5
-0.09457 1.0
-0.09432 1.5
-0.09408 2.0
-0.09383 2.5
-0.09359 2.9
-0.09335 3.4
-0.0931 3.9
-0.09286 4.3
-0.09261 4.7
-0.09237 5.2
-0.09212 5.6
-0.09188 6.0
-0.09164 6.4
-0.09139 6.7
-0.09115 7.1
-0.0909 7.4
-0.09066 7.7
-0.09042 8.0
-0.09017 8.2
-0.08993 8.5
-0.08968 8.7
-0.08944 8.9
-0.0892 9.1
-0.08895 9.2
-0.08871 9.3
-0.08846 9.4
-0.08822 9.5
-0.08797 9.5
-0.08773 9.5
-0.08749 9.5
-0.08724 9.4
-0.087 9.4
-0.08675 9.3
-0.08651 9.1
-0.08627 9.0
-0.08602 8.8
-0.08578 8.6
-0.08553 8.3
-0.08529 8.1
-0.08504 7.8
-0.0848 7.5
-0.08456 7.2
-0.08431 6.8
-0.08407 6.4
-0.08382 6.0
-0.08358 5.6
-0.08334 5.2
-0.08309 4.7
-0.08285 4.3
-0.0826 3.8
-0.08236 3.3
-0.08212 2.8
-0.08187 2.3
-0.08163 1.8
-0.08138 1.2
-0.08114 0.7
-0.08089 0.2
-0.08065 -0.4
-0.08041 -0.9
-0.08016 -1.4
-0.07992 -2.0
-0.07967 -2.5
-0.07943 -3.0
-0.07919 -3.5
-0.07894 -4.0
-0.0787 -4.5
-0.07845 -5.0
-0.07821 -5.5
-0.07796 -5.9
-0.07772 -6.3
-0.07748 -6.8
-0.07723 -7.1
-0.07699 -7.5
-0.07674 -7.9
-0.0765 -8.2
-0.07626 -8.5
-0.07601 -8.8
-0.07577 -9.0
-0.07552 -9.2
-0.07528 -9.4
-0.07504 -9.6
-0.07479 -9.7
-0.07455 -9.8
-0.0743 -9.9
-0.07406 -9.9
-0.07381 -9.9
-0.07357 -9.9
-0.07333 -9.8
-0.07308 -9.7
-0.07284 -9.6
-0.07259 -9.4
-0.07235 -9.2
-0.07211 -9.0
-0.07186 -8.7
-0.07162 -8.5
-0.07137 -8.1
-0.07113 -7.8
-0.07088 -7.4
-0.07064 -7.0
-0.0704 -6.6
-0.07015 -6.2
-0.06991 -5.7
-0.06966 -5.2
-0.06942 -4.7
-0.06918 -4.2
-0.06893 -3.7
-0.06869 -3.1
-0.06844 -2.6
-0.0682 -2.0
-0.06796 -1.4
-0.06771 -0.8
-0.06747 -0.2
-0.06722 0.4
-0.06698 1.0
-0.06673 1.5
-0.06649 2.1
-0.06625 2.7
-0.066 3.3
-0.06576 3.9
-0.06551 4.4
-0.06527 5.0
-0.06503 5.5
-0.06478 6.0
-0.06454 6.5
-0.06429 7.0
-0.06405 7.4
-0.0638 7.8
-0.06356 8.2
-0.06332 8.6
-0.06307 8.9
-0.06283 9.2
-0.06258 9.5
-0.06234 9.7
-0.0621 9.9
-0.06185 10.1
-0.06161 10.2
-0.06136 10.3
-0.06112 10.3
-0.06087 10.3
-0.06063 10.3
-0.06039 10.3
-0.06014 10.1
-0.0599 10.0
-0.05965 9.8
-0.05941 9.6
-0.05917 9.4
-0.05892 9.1
-0.05868 8.7
-0.05843 8.4
-0.05819 8.0
-0.05795 7.6
-0.0577 7.1
-0.05746 6.6
-0.05721 6.1
-0.05697 5.6
-0.05672 5.0
-0.05648 4.4
-0.05624 3.8
-0.05599 3.2
-0.05575 2.6
-0.0555 1.9
-0.05526 1.3
-0.05502 0.6
-0.05477 0.0
-0.05453 -0.7
-0.05428 -1.4
-0.05404 -2.1
-0.05379 -2.7
-0.05355 -3.4
-0.05331 -4.0
-0.05306 -4.7
-0.05282 -5.3
-0.05257 -5.9
-0.05233 -6.4
-0.05209 -7.0
-0.05184 -7.5
-0.0516 -8.0
-0.05135 -8.4
-0.05111 -8.9
-0.05087 -9.3
-0.05062 -9.6
-0.05038 -9.9
-0.05013 -10.2
-0.04989 -10.4
-0.04964 -10.6
-0.0494 -10.7
-0.04916 -10.8
-0.04891 -10.9
-0.04867 -10.9
-0.04842 -10.8
-0.04818 -10.7
-0.04794 -10.6
-0.04769 -10.4
-0.04745 -10.2
-0.0472 -9.9
-0.04696 -9.6
-0.04671 -9.2
-0.04647 -8.8
-0.04623 -8.3
-0.04598 -7.8
-0.04574 -7.3
-0.04549 -6.7
-0.04525 -6.1
-0.04501 -5.5
-0.04476 -4.8
-0.04452 -4.1
-0.04427 -3.4
-0.04403 -2.7
-0.04379 -2.0
-0.04354 -1.2
-0.0433 -0.4
-0.04305 0.3
-0.04281 1.1
-0.04256 1.9
-0.04232 2.7
-0.04208 3.4
-0.04183 4.2
-0.04159 4.9
-0.04134 5.6
-0.0411 6.3
-0.04086 6.9
-0.04061 7.6
-0.04037 8.2
-0.04012 8.7
-0.03988 9.2
-0.03963 9.7
-0.03939 10.1
-0.03915 10.5
-0.0389 10.8
-0.03866 11.1
-0.03841 11.3
-0.03817 11.4
-0.03793 11.5
-0.03768 11.6
-0.03744 11.6
-0.03719 11.5
-0.03695 11.3
-0.03671 11.1
-0.03646 10.9
-0.03622 10.5
-0.03597 10.2
-0.03573 9.7
-0.03548 9.2
-0.03524 8.7
-0.035 8.1
-0.03475 7.4
-0.03451 6.7
-0.03426 6.0
-0.03402 5.2
-0.03378 4.4
-0.03353 3.6
-0.03329 2.7
-0.03304 1.8
-0.0328 0.9
-0.03255 0.0
-0.03231 -0.9
-0.03207 -1.8
-0.03182 -2.7
-0.03158 -3.6
-0.03133 -4.5
-0.03109 -5.4
-0.03085 -6.2
-0.0306 -7.0
-0.03036 -7.8
-0.03011 -8.5
-0.02987 -9.2
-0.02962 -9.8
-0.02938 -10.4
-0.02914 -10.9
-0.02889 -11.3
-0.02865 -11.7
-0.0284 -12.0
-0.02816 -12.2
-0.02792 -12.4
-0.02767 -12.5
-0.02743 -12.5
-0.02718 -12.4
-0.02694 -12.2
-0.0267 -11.9
-0.02645 -11.6
-0.02621 -11.2
-0.02596 -10.7
-0.02572 -10.1
-0.02547 -9.4
-0.02523 -8.7
-0.02499 -7.9
-0.02474 -7.1
-0.0245 -6.2
-0.02425 -5.2
-0.02401 -4.2
-0.02377 -3.2
-0.02352 -2.1
-0.02328 -1.0
-0.02303 0.1
-0.02279 1.3
-0.02254 2.4
-0.0223 3.5
-0.02206 4.6
-0.02181 5.7
-0.02157 6.7
-0.02132 7.7
-0.02108 8.7
-0.02084 9.6
-0.02059 10.4
-0.02035 11.1
-0.0201 11.8
-0.01986 12.4
-0.01962 12.8
-0.01937 13.2
-0.01913 13.5
-0.01888 13.6
-0.01864 13.7
-0.01839 13.6
-0.01815 13.4
-0.01791 13.0
-0.01766 12.6
-0.01742 12.0
-0.01717 11.3
-0.01693 10.5
-0.01669 9.6
-0.01644 8.6
-0.0162 7.5
-0.01595 6.3
-0.01571 5.0
-0.01546 3.7
-0.01522 2.3
-0.01498 0.9
-0.01473 -0.6
-0.01449 -2.0
-0.01424 -3.5
-0.014 -4.9
-0.01376 -6.3
-0.01351 -7.7
-0.01327 -9.0
-0.01302 -10.2
-0.01278 -11.3
-0.01254 -12.4
-0.01229 -13.2
-0.01205 -14.0
-0.0118 -14.6
-0.01156 -15.0
-0.01131 -15.2
-0.01107 -15.3
-0.01083 -15.1
-0.01058 -14.8
-0.01034 -14.3
-0.01009 -13.5
-0.00985 -12.6
-0.00961 -11.5
-0.00936 -10.2
-0.00912 -8.7
-0.00887 -7.1
-0.00863 -5.4
-0.00838 -3.5
-0.00814 -1.6
-0.0079 0.4
-0.00765 2.5
-0.00741 4.5
-0.00716 6.5
-0.00692 8.5
-0.00668 10.3
-0.00643 12.0
-0.00619 13.5
-0.00594 14.9
-0.0057 15.9
-0.00546 16.7
-0.00521 17.2
-0.00497 17.4
-0.00472 17.2
-0.00448 16.7
-0.00423 15.7
-0.00399 14.4
-0.00375 12.8
-0.0035 10.8
-0.00326 8.5
-0.00301 5.9
-0.00277 3.1
-0.00253 0.2
-0.00228 -2.9
-0.00204 -6.0
-0.00179 -8.9
-0.00155 -11.7
-0.0013 -14.2
-0.00106 -16.4
-0.00082 -18.0
-0.00057 -19.0
-0.00033 -19.3
-8e-05 -18.9
0.00016 -17.7
0.0004 -15.7
0.00065 -12.9
0.00089 -9.5
0.00114 -5.6
0.00138 -1.4
0.00163 2.9
0.00187 7.0
0.00211 10.7
0.00236 13.8
0.0026 15.9
0.00285 17.1
0.00309 17.1
0.00333 16.0
0.00358 13.9
0.00382 11.0
0.00407 7.4
0.00431 3.5
0.00455 -0.5
0.0048 -4.2
0.00504 -7.4
0.00529 -9.9
0.00553 -11.4
0.00578 -12.0
0.00602 -11.6
0.00626 -10.3
0.00651 -8.3
0.00675 -5.8
0.007 -3.0
0.00724 -0.2
0.00748 2.3
0.00773 4.5
0.00797 6.1
0.00822 7.0
0.00846 7.3
0.00871 6.9
0.00895 6.0
0.00919 4.6
0.00944 3.0
0.00968 1.2
0.00993 -0.4
0.01017 -1.9
0.01041 -3.1
0.01066 -3.9
0.0109 -4.3
0.01115 -4.2
0.01139 -3.8
0.01163 -3.1
0.01188 -2.1
0.01212 -1.1
0.01237 0.0
0.01261 0.8
0.01286 1.6
0.0131 2.2
0.01334 2.5
0.01359 2.5
0.01383 2.3
0.01408 1.9
0.01432 1.4
0.01456 0.8
0.01481 0.2
0.01505 -0.4
0.0153 -0.9
0.01554 -1.2
0.01579 -1.4
0.01603 -1.5
0.01627 -1.4
0.01652 -1.2
0.01676 -0.9
0.01701 -0.6
0.01725 -0.2
0.01749 0.2
0.01774 0.5
0.01798 0.7
0.01823 0.8
0.01847 0.9
0.01871 0.9
0.01896 0.7
0.0192 0.6
0.01945 0.4
0.01969 0.2
0.01994 0.0
0.02018 -0.2
0.02042 -0.4
0.02067 -0.5
0.02091 -0.5
0.02116 -0.5
0.0214 -0.5
0.02164 -0.4
0.02189 -0.2
0.02213 -0.1
0.02238 0.0
0.02262 0.1
0.02287 0.2
0.02311 0.3
0.02335 0.3
0.0236 0.3
0.02384 0.3
0.02409 0.2
0.02433 0.2
0.02457 0.0
0.02482 0.0
0.02506 0.0
0.02531 -0.1
0.02555 -0.2
0.02579 -0.2
0.02604 -0.2
0.02628 -0.2
0.02653 -0.1
0.02677 -0.1
0.02702 0.0
0.02726 0.0
0.0275 0.0
0.02775 0.0
0.02799 0.0
0.02824 0.1
0.02848 0.1
0.02872 0.1
0.02897 0.0
0.02921 0.0
0.02946 0.0
0.0297 0.0
0.02995 0.0
0.03019 0.0
0.03043 0.0
0.03068 0.0
0.03092 0.0
0.03117 0.0
0.03141 0.0
0.03165 0.0
0.0319 0.0
0.03214 0.0
0.03239 0.0
0.03263 0.0
0.03288 0.0
0.03312 0.0
0.03336 0.0
0.03361 0.0
0.03385 0.0
0.0341 0.0
0.03434 0.0
0.03458 0.0
0.03483 0.0
0.03507 0.0
0.03532 0.0
0.03556 0.0
0.0358 0.0
0.03605 0.0
0.03629 0.0
0.03654 0.0
0.03678 0.0
0.03703 0.0
0.03727 0.0
0.03751 0.0
0.03776 0.0
0.038 0.0
0.03825 0.0
0.03849 0.0
0.03873 0.0
0.03898 0.0
0.03922 0.0
0.03947 0.0
0.03971 0.0
0.03996 0.0
0.0402 0.0
0.04044 0.0
0.04069 0.0
0.04093 0.0
0.04118 0.0
0.04142 0.0
0.04166 0.0
0.04191 0.0
0.04215 0.0
0.0424 0.0
0.04264 0.0
0.04288 0.0
0.04313 0.0
0.04337 0.0
0.04362 0.0
0.04386 0.0
0.04411 0.0
0.04435 0.0
0.04459 0.0
0.04484 0.0
0.04508 0.0
0.04533 0.0
0.04557 0.0
0.04581 0.0
0.04606 0.0
0.0463 0.0
0.04655 0.0
0.04679 0.0
0.04704 0.0
0.04728 0.0
0.04752 0.0
0.04777 0.0
0.04801 0.0
0.04826 0.0
0.0485 0.0
0.04874 0.0
0.04899 0.0
0.04923 0.0
0.04948 0.0
0.04972 0.0
0.04996 0.0
0.05021 0.0
0.05045 0.0
0.0507 0.0
0.05094 0.0
0.05119 0.0
0.05143 0.0
0.05167 0.0
0.05192 0.0
0.05216 0.0
0.05241 0.0
0.05265 0.0
0.05289 0.0
0.05314 0.0
0.05338 0.0
0.05363 0.0
0.05387 0.0
0.05412 0.0
0.05436 0.0
0.0546 0.0
0.05485 0.0
0.05509 0.0
0.05534 0.0
0.05558 0.0
0.05582 0.0
0.05607 0.0
0.05631 0.0
0.05656 0.0
0.0568 0.0
0.05704 0.0
0.05729 0.0
0.05753 0.0
0.05778 0.0
0.05802 0.0
0.05827 0.0
0.05851 0.0
0.05875 0.0
0.059 0.0
0.05924 0.0
0.05949 0.0
0.05973 0.0
0.05997 0.0
0.06022 0.0
0.06046 0.0
0.06071 0.0
0.06095 0.0
0.0612 0.0
0.06144 0.0
0.06168 0.0
0.06193 0.0
0.06217 0.0
0.06242 0.0
0.06266 0.0
0.0629 0.0
0.06315 0.0
0.06339 0.0
0.06364 0.0
0.06388 0.0
0.06413 0.0
0.06437 0.0
0.06461 0.0
0.06486 0.0
0.0651 0.0
0.06535 0.0
0.06559 0.0
0.06583 0.0
0.06608 0.0
0.06632 0.0
0.06657 0.0
0.06681 0.0
0.06705 0.0
0.0673 0.0
0.06754 0.0
0.06779 0.0
0.06803 0.0
0.06828 0.0
0.06852 0.0
0.06876 0.0
0.06901 0.0
0.06925 0.0
0.0695 0.0
0.06974 0.0
0.06998 0.0
0.07023 0.0
0.07047 0.0
0.07072 0.0
0.07096 0.0
0.07121 0.0
0.07145 0.0
0.07169 0.0
0.07194 0.0
0.07218 0.0
0.07243 0.0
0.07267 0.0
0.07291 0.0
0.07316 0.0
0.0734 0.0
0.07365 0.0
0.07389 0.0
0.07413 0.0
0.07438 0.0
0.07462 0.0
0.07487 0.0
0.07511 0.0
0.07536 0.0
0.0756 0.0
0.07584 0.0
0.07609 0.0
0.07633 0.0
0.07658 0.0
0.07682 0.0
0.07706 0.0
0.07731 0.0
0.07755 0.0
0.0778 0.0
0.07804 0.0
0.07829 0.0
0.07853 0.0
0.07877 0.0
0.07902 0.0
0.07926 0.0
0.07951 0.0
0.07975 0.0
0.07999 0.0
0.08024 0.0
0.08048 0.0
0.08073 0.0
0.08097 0.0
0.08121 0.0
0.08146 0.0
0.0817 0.0
0.08195 0.0
0.08219 0.0
0.08244 0.0
0.08268 0.0
0.08292 0.0
0.08317 0.0
0.08341 0.0
0.08366 0.0
0.0839 0.0
0.08414 0.0
0.08439 0.0
0.08463 0.0
0.08488 0.0
0.08512 0.0
0.08537 0.0
0.08561 0.0
0.08585 0.0
0.0861 0.0
0.08634 0.0
0.08659 0.0
0.08683 0.0
0.08707 0.0
0.08732 0.0
0.08756 0.0
0.08781 0.0
0.08805 0.0
0.08829 0.0
0.08854 0.0
0.08878 0.0
0.08903 0.0
0.08927 0.0
0.08952 0.0
0.08976 0.0
0.09 0.0
0.09025 0.0
0.09049 0.0
0.09074 0.0
0.09098 0.0
0.09122 0.0
0.09147 0.0
0.09171 0.0
0.09196 0.0
0.0922 0.0
0.09245 0.0
0.09269 0.0
0.09293 0.0
0.09318 0.0
0.09342 0.0
0.09367 0.0
0.09391 0.0
0.09415 0.0
0.0944 0.0
0.09464 0.0
0.09489 0.0
0.09513 0.0
0.09538 0.0
0.09562 0.0
0.09586 0.0
0.09611 0.0
0.09635 0.0
0.0966 0.0
0.09684 0.0
0.09708 0.0
0.09733 0.0
0.09757 0.0
0.09782 0.0
0.09806 0.0
0.0983 0.0
0.09855 0.0
0.09879 0.0
0.09904 0.0
0.09928 0.0
0.09953 0.0
0.09977 0.0
0.10001 0.0
0.10026 0.0
0.1005 0.0
0.10075 0.0
0.10099 0.0
0.10123 0.0
0.10148 0.0
0.10172 0.0
0.10197 0.0
0.10221 0.0
0.10246 0.0
0.1027 0.0
0.10294 0.0
0.10319 0.0
0.10343 0.0
0.10368 0.0
0.10392 0.0
0.10416 0.0
0.10441 0.0
0.10465 0.0
0.1049 0.0
0.10514 0.0
0.10538 0.0
0.10563 0.0
0.10587 0.0
0.10612 0.0
0.10636 0.0
0.10661 0.0
0.10685 0.0
0.10709 0.0
0.10734 0.0
0.10758 0.0
0.10783 0.0
0.10807 0.0
0.10831 0.0
0.10856 0.0
0.1088 0.0
0.10905 0.0
0.10929 0.0
0.10954 0.0
0.10978 0.0
0.11002 0.0
0.11027 0.0
0.11051 0.0
0.11076 0.0
0.111 0.0
0.11124 0.0
0.11149 0.0
0.11173 0.0
0.11198 0.0
0.11222 0.0
0.11246 0.0
0.11271 0.0
0.11295 0.0
0.1132 0.0
0.11344 0.0
0.11369 0.0
0.11393 0.0
0.11417 0.0
0.11442 0.0
0.11466 0.0
0.11491 0.0
0.11515 0.0
0.11539 0.0
0.11564 0.0
0.11588 0.0
0.11613 0.0
0.11637 0.0
0.11662 0.0
0.11686 0.0
0.1171 0.0
0.11735 0.0
0.11759 0.0
0.11784 0.0
0.11808 0.0
0.11832 0.0
0.11857 0.0
0.11881 0.0
0.11906 0.0
0.1193 0.0
0.11954 0.0
0.11979 0.0
0.12003 0.0
0.12028 0.0
0.12052 0.0
0.12077 0.0
0.12101 0.0
0.12125 0.0
0.1215 0.0
0.12174 0.0
0.12199 0.0
0.12223 0.0
0.12247 0.0
0.12272 0.0
0.12296 0.0
0.12321 0.0
0.12345 0.0
0.1237 0.0
0.12394 0.0
0.12418 0.0
0.12443 0.0
0.12467 0.0
0.12492 0.0
0.12516 0.0
0.1254 0.0
0.12565 0.0
0.12589 0.0
0.12614 0.0
0.12638 0.0
0.12663 0.0
0.12687 0.0
0.12711 0.0
0.12736 0.0
0.1276 0.0
0.12785 0.0
0.12809 0.0
0.12833 0.0
0.12858 0.0
0.12882 0.0
0.12907 0.0
0.12931 0.0
0.12955 0.0
0.1298 0.0
0.13004 0.0
0.13029 0.0
0.13053 0.0
0.13078 0.0
0.13102 0.0
0.13126 0.0
0.13151 0.0
0.13175 0.0
0.132 0.0
0.13224 0.0
0.13248 0.0
0.13273 0.0
0.13297 0.0
0.13322 0.0
0.13346 0.0
0.13371 0.0
0.13395 0.0
0.13419 0.0
0.13444 0.0
0.13468 0.0
0.13493 0.0
0.13517 0.0
0.13541 0.0
0.13566 0.0
0.1359 0.0
0.13615 0.0
0.13639 0.0
0.13663 0.0
0.13688 0.0
0.13712 0.0
0.13737 0.0
0.13761 0.0
0.13786 0.0
0.1381 0.0
0.13834 0.0
0.13859 0.0
0.13883 0.0
0.13908 0.0
0.13932 0.0
0.13956 0.0
0.13981 0.0
0.14005 0.0
0.1403 0.0
0.14054 0.0
0.14079 0.0
0.14103 0.0
0.14127 0.0
0.14152 0.0
0.14176 0.0
0.14201 0.0
0.14225 0.0
0.14249 0.0
0.14274 0.0
0.14298 0.0
0.14323 0.0
0.14347 0.0
0.14371 0.0
0.14396 0.0
0.1442 0.0
0.14445 0.0
0.14469 0.0
0.14494 0.0
0.14518 0.0
0.14542 0.0
0.14567 0.0
0.14591 0.0
0.14616 0.0
0.1464 0.0
0.14664 0.0
0.14689 0.0
0.14713 0.0
0.14738 0.0
0.14762 0.0
0.14787 0.0
0.14811 0.0
0.14835 0.0
0.1486 0.0
0.14884 0.0
0.14909 0.0
0.14933 0.0
0.14957 0.0
0.14982 0.0
0.15006 0.0
0.15031 0.0
0.15055 0.0
0.15079 0.0
0.15104 0.0
0.15128 0.0
0.15153 0.0
0.15177 0.0
0.15202 0.0
0.15226 0.0
0.1525 0.0
0.15275 0.0
0.15299 0.0
0.15324 0.0
0.15348 0.0
0.15372 0.0
0.15397 0.0
0.15421 0.0
0.15446 0.0
0.1547 0.0
0.15495 0.0
0.15519 0.0
0.15543 0.0
0.15568 0.0
0.15592 0.0
0.15617 0.0
0.15641 0.0
0.15665 0.0
0.1569 0.0
0.15714 0.0
0.15739 0.0
0.15763 0.0
0.15788 0.0
0.15812 0.0
0.15836 0.0
0.15861 0.0
0.15885 0.0
0.1591 0.0
0.15934 0.0
0.15958 0.0
0.15983 0.0
0.16007 0.0
0.16032 0.0
0.16056 0.0
0.1608 0.0
0.16105 0.0
0.16129 0.0
0.16154 0.0
0.16178 0.0
0.16203 0.0
0.16227 0.0
0.16251 0.0
0.16276 0.0
0.163 0.0
0.16325 0.0
0.16349 0.0
0.16373 0.0
0.16398 0.0
0.16422 0.0
0.16447 0.0
0.16471 0.0
0.16496 0.0
0.1652 0.0
0.16544 0.0
0.16569 0.0
0.16593 0.0
0.16618 0.0
0.16642 0.0
0.16666 0.0
0.16691 0.0
0.16715 0.0
0.1674 0.0
0.16764 0.0
0.16788 0.0
0.16813 0.0
0.16837 0.0
0.16862 0.0
0.16886 0.0
0.16911 0.0
0.16935 0.0
0.16959 0.0
0.16984 0.0
0.17008 0.0
0.17033 0.0
0.17057 0.0
0.17081 0.0
0.17106 0.0
0.1713 0.0
0.17155 0.0
0.17179 0.0
0.17204 0.0
0.17228 0.0
0.17252 0.0
0.17277 0.0
0.17301 0.0
0.17326 0.0
0.1735 0.0
0.17374 0.0
0.17399 0.0
0.17423 0.0
0.17448 0.0
0.17472 0.0
0.17496 0.0
0.17521 0.0
0.17545 0.0
0.1757 0.0
0.17594 0.0
0.17619 0.0
0.17643 0.0
0.17667 0.0
0.17692 0.0
0.17716 0.0
0.17741 0.0
0.17765 0.0
0.17789 0.0
0.17814 0.0
0.17838 0.0
0.17863 0.0
0.17887 0.0
0.17912 0.0
0.17936 0.0
0.1796 0.0
0.17985 0.0
0.18009 0.0
0.18034 0.0
0.18058 0.0
0.18082 0.0
0.18107 0.0
0.18131 0.0
0.18156 0.0
0.1818 0.0
0.18204 0.0
0.18229 0.0
0.18253 0.0
0.18278 0.0
0.18302 0.0
0.18327 0.0
0.18351 0.0
0.18375 0.0
0.184 0.0
0.18424 0.0
0.18449 0.0
0.18473 0.0
0.18497 0.0
0.18522 0.0
0.18546 0.0
0.18571 0.0
0.18595 0.0
0.1862 0.0
0.18644 0.0
0.18668 0.0
0.18693 0.0
0.18717 0.0
0.18742 0.0
0.18766 0.0
0.1879 0.0
0.18815 0.0
0.18839 0.0
0.18864 0.0
0.18888 0.0
0.18913 0.0
0.18937 0.0
0.18961 0.0
0.18986 0.0
0.1901 0.0
0.19035 0.0
0.19059 0.0
0.19083 0.0
0.19108 0.0
0.19132 0.0
0.19157 0.0
0.19181 0.0
0.19205 0.0
0.1923 0.0
0.19254 0.0
0.19279 0.0
0.19303 0.0
0.19328 0.0
0.19352 0.0
0.19376 0.0
0.19401 0.0
0.19425 0.0
