t strain*1e23
-0.45343 -6.3
-0.45319 -6.2
-0.45295 -6.2
-0.4527 -6.1
-0.45246 -6.0
-0.45221 -5.9
-0.45197 -5.8
-0.45173 -5.7
-0.45148 -5.5
-0.45124 -5.4
-0.45099 -5.3
-0.45075 -5.1
-0.4505 -5.0
-0.45026 -4.8
-0.45002 -4.6
-0.44977 -4.4
-0.44953 -4.2
-0.44928 -4.1
-0.44904 -3.9
-0.4488 -3.7
-0.44855 -3.4
-0.44831 -3.2
-0.44806 -3.0
-0.44782 -2.8
-0.44757 -2.6
-0.44733 -2.3
-0.44709 -2.1
-0.44684 -1.9
-0.4466 -1.6
-0.44635 -1.4
-0.44611 -1.1
-0.44587 -0.9
-0.44562 -0.6
-0.44538 -0.4
-0.44513 -0.1
-0.44489 0.1
-0.44464 0.4
-0.4444 0.6
-0.44416 0.9
-0.44391 1.1
-0.44367 1.4
-0.44342 1.6
-0.44318 1.9
-0.44294 2.1
-0.44269 2.3
-0.44245 2.6
-0.4422 2.8
-0.44196 3.0
-0.44172 3.3
-0.44147 3.5
-0.44123 3.7
-0.44098 3.9
-0.44074 4.1
-0.44049 4.3
-0.44025 4.5
-0.44001 4.7
-0.43976 4.8
-0.43952 5.0
-0.43927 5.2
-0.43903 5.3
-0.43879 5.5
-0.43854 5.6
-0.4383 5.7
-0.43805 5.8
-0.43781 6.0
-0.43756 6.1
-0.43732 6.1
-0.43708 6.2
-0.43683 6.3
-0.43659 6.4
-0.43634 6.4
-0.4361 6.5
-0.43586 6.5
-0.43561 6.5
-0.43537 6.5
-0.43512 6.5
-0.43488 6.5
-0.43464 6.5
-0.43439 6.5
-0.43415 6.5
-0.4339 6.4
-0.43366 6.4
-0.43341 6.3
-0.43317 6.2
-0.43293 6.2
-0.43268 6.1
-0.43244 6.0
-0.43219 5.9
-0.43195 5.7
-0.43171 5.6
-0.43146 5.5
-0.43122 5.3
-0.43097 5.2
-0.43073 5.0
-0.43048 4.8
-0.43024 4.7
-0.43 4.5
-0.42975 4.3
-0.42951 4.1
-0.42926 3.9
-0.42902 3.7
-0.42878 3.5
-0.42853 3.2
-0.42829 3.0
-0.42804 2.8
-0.4278 2.6
-0.42756 2.3
-0.42731 2.1
-0.42707 1.8
-0.42682 1.6
-0.42658 1.3
-0.42633 1.1
-0.42609 0.8
-0.42585 0.6
-0.4256 0.3
-0.42536 0.0
-0.42511 -0.2
-0.42487 -0.5
-0.42463 -0.7
-0.42438 -1.0
-0.42414 -1.2
-0.42389 -1.5
-0.42365 -1.7
-0.4234 -2.0
-0.42316 -2.2
-0.42292 -2.5
-0.42267 -2.7
-0.42243 -2.9
-0.42218 -3.2
-0.42194 -3.4
-0.4217 -3.6
-0.42145 -3.8
-0.42121 -4.0
-0.42096 -4.2
-0.42072 -4.4
-0.42048 -4.6
-0.42023 -4.8
-0.41999 -5.0
-0.41974 -5.1
-0.4195 -5.3
-0.41925 -5.5
-0.41901 -5.6
-0.41877 -5.7
-0.41852 -5.9
-0.41828 -6.0
-0.41803 -6.1
-0.41779 -6.2
-0.41755 -6.3
-0.4173 -6.3
-0.41706 -6.4
-0.41681 -6.5
-0.41657 -6.5
-0.41632 -6.6
-0.41608 -6.6
-0.41584 -6.6
-0.41559 -6.6
-0.41535 -6.6
-0.4151 -6.6
-0.41486 -6.6
-0.41462 -6.5
-0.41437 -6.5
-0.41413 -6.4
-0.41388 -6.4
-0.41364 -6.3
-0.41339 -6.2
-0.41315 -6.1
-0.41291 -6.0
-0.41266 -5.9
-0.41242 -5.8
-0.41217 -5.7
-0.41193 -5.5
-0.41169 -5.4
-0.41144 -5.2
-0.4112 -5.0
-0.41095 -4.9
-0.41071 -4.7
-0.41047 -4.5
-0.41022 -4.3
-0.40998 -4.1
-0.40973 -3.9
-0.40949 -3.7
-0.40924 -3.4
-0.409 -3.2
-0.40876 -3.0
-0.40851 -2.7
-0.40827 -2.5
-0.40802 -2.3
-0.40778 -2.0
-0.40754 -1.8
-0.40729 -1.5
-0.40705 -1.2
-0.4068 -1.0
-0.40656 -0.7
-0.40631 -0.5
-0.40607 -0.2
-0.40583 0.0
-0.40558 0.3
-0.40534 0.6
-0.40509 0.9
-0.40485 1.1
-0.40461 1.4
-0.40436 1.6
-0.40412 1.9
-0.40387 2.2
-0.40363 2.4
-0.40339 2.7
-0.40314 2.9
-0.4029 3.1
-0.40265 3.4
-0.40241 3.6
-0.40216 3.8
-0.40192 4.0
-0.40168 4.2
-0.40143 4.4
-0.40119 4.6
-0.40094 4.8
-0.4007 5.0
-0.40046 5.2
-0.40021 5.3
-0.39997 5.5
-0.39972 5.6
-0.39948 5.8
-0.39923 5.9
-0.39899 6.0
-0.39875 6.1
-0.3985 6.2
-0.39826 6.3
-0.39801 6.4
-0.39777 6.5
-0.39753 6.5
-0.39728 6.6
-0.39704 6.6
-0.39679 6.7
-0.39655 6.7
-0.39631 6.7
-0.39606 6.7
-0.39582 6.7
-0.39557 6.6
-0.39533 6.6
-0.39508 6.6
-0.39484 6.5
-0.3946 6.4
-0.39435 6.3
-0.39411 6.3
-0.39386 6.2
-0.39362 6.0
-0.39338 5.9
-0.39313 5.8
-0.39289 5.7
-0.39264 5.5
-0.3924 5.4
-0.39215 5.2
-0.39191 5.0
-0.39167 4.8
-0.39142 4.6
-0.39118 4.4
-0.39093 4.2
-0.39069 4.0
-0.39045 3.8
-0.3902 3.6
-0.38996 3.4
-0.38971 3.1
-0.38947 2.9
-0.38923 2.6
-0.38898 2.4
-0.38874 2.1
-0.38849 1.9
-0.38825 1.6
-0.388 1.3
-0.38776 1.1
-0.38752 0.8
-0.38727 0.5
-0.38703 0.3
-0.38678 0.0
-0.38654 -0.3
-0.3863 -0.6
-0.38605 -0.8
-0.38581 -1.1
-0.38556 -1.4
-0.38532 -1.6
-0.38507 -1.9
-0.38483 -2.2
-0.38459 -2.4
-0.38434 -2.7
-0.3841 -2.9
-0.38385 -3.2
-0.38361 -3.4
-0.38337 -3.6
-0.38312 -3.9
-0.38288 -4.1
-0.38263 -4.3
-0.38239 -4.5
-0.38214 -4.7
-0.3819 -4.9
-0.38166 -5.1
-0.38141 -5.3
-0.38117 -5.4
-0.38092 -5.6
-0.38068 -5.7
-0.38044 -5.9
-0.38019 -6.0
-0.37995 -6.1
-0.3797 -6.2
-0.37946 -6.3
-0.37922 -6.4
-0.37897 -6.5
-0.37873 -6.6
-0.37848 -6.6
-0.37824 -6.7
-0.37799 -6.7
-0.37775 -6.7
-0.37751 -6.8
-0.37726 -6.8
-0.37702 -6.7
-0.37677 -6.7
-0.37653 -6.7
-0.37629 -6.7
-0.37604 -6.6
-0.3758 -6.5
-0.37555 -6.5
-0.37531 -6.4
-0.37506 -6.3
-0.37482 -6.2
-0.37458 -6.0
-0.37433 -5.9
-0.37409 -5.8
-0.37384 -5.6
-0.3736 -5.5
-0.37336 -5.3
-0.37311 -5.1
-0.37287 -4.9
-0.37262 -4.7
-0.37238 -4.5
-0.37214 -4.3
-0.37189 -4.1
-0.37165 -3.9
-0.3714 -3.7
-0.37116 -3.4
-0.37091 -3.2
-0.37067 -2.9
-0.37043 -2.7
-0.37018 -2.4
-0.36994 -2.2
-0.36969 -1.9
-0.36945 -1.6
-0.36921 -1.4
-0.36896 -1.1
-0.36872 -0.8
-0.36847 -0.5
-0.36823 -0.2
-0.36798 0.0
-0.36774 0.3
-0.3675 0.6
-0.36725 0.9
-0.36701 1.1
-0.36676 1.4
-0.36652 1.7
-0.36628 2.0
-0.36603 2.2
-0.36579 2.5
-0.36554 2.8
-0.3653 3.0
-0.36506 3.3
-0.36481 3.5
-0.36457 3.7
-0.36432 4.0
-0.36408 4.2
-0.36383 4.4
-0.36359 4.6
-0.36335 4.8
-0.3631 5.0
-0.36286 5.2
-0.36261 5.4
-0.36237 5.6
-0.36213 5.7
-0.36188 5.9
-0.36164 6.0
-0.36139 6.1
-0.36115 6.3
-0.3609 6.4
-0.36066 6.5
-0.36042 6.6
-0.36017 6.6
-0.35993 6.7
-0.35968 6.7
-0.35944 6.8
-0.3592 6.8
-0.35895 6.8
-0.35871 6.8
-0.35846 6.8
-0.35822 6.8
-0.35798 6.8
-0.35773 6.7
-0.35749 6.7
-0.35724 6.6
-0.357 6.5
-0.35675 6.5
-0.35651 6.4
-0.35627 6.2
-0.35602 6.1
-0.35578 6.0
-0.35553 5.8
-0.35529 5.7
-0.35505 5.5
-0.3548 5.4
-0.35456 5.2
-0.35431 5.0
-0.35407 4.8
-0.35382 4.6
-0.35358 4.4
-0.35334 4.1
-0.35309 3.9
-0.35285 3.7
-0.3526 3.4
-0.35236 3.2
-0.35212 2.9
-0.35187 2.7
-0.35163 2.4
-0.35138 2.1
-0.35114 1.8
-0.35089 1.6
-0.35065 1.3
-0.35041 1.0
-0.35016 0.7
-0.34992 0.4
-0.34967 0.1
-0.34943 -0.2
-0.34919 -0.4
-0.34894 -0.7
-0.3487 -1.0
-0.34845 -1.3
-0.34821 -1.6
-0.34797 -1.9
-0.34772 -2.1
-0.34748 -2.4
-0.34723 -2.7
-0.34699 -2.9
-0.34674 -3.2
-0.3465 -3.5
-0.34626 -3.7
-0.34601 -4.0
-0.34577 -4.2
-0.34552 -4.4
-0.34528 -4.6
-0.34504 -4.8
-0.34479 -5.0
-0.34455 -5.2
-0.3443 -5.4
-0.34406 -5.6
-0.34381 -5.8
-0.34357 -5.9
-0.34333 -6.1
-0.34308 -6.2
-0.34284 -6.3
-0.34259 -6.4
-0.34235 -6.5
-0.34211 -6.6
-0.34186 -6.7
-0.34162 -6.8
-0.34137 -6.8
-0.34113 -6.9
-0.34089 -6.9
-0.34064 -6.9
-0.3404 -6.9
-0.34015 -6.9
-0.33991 -6.9
-0.33966 -6.9
-0.33942 -6.8
-0.33918 -6.8
-0.33893 -6.7
-0.33869 -6.6
-0.33844 -6.5
-0.3382 -6.4
-0.33796 -6.3
-0.33771 -6.2
-0.33747 -6.0
-0.33722 -5.9
-0.33698 -5.7
-0.33673 -5.5
-0.33649 -5.4
-0.33625 -5.2
-0.336 -5.0
-0.33576 -4.8
-0.33551 -4.5
-0.33527 -4.3
-0.33503 -4.1
-0.33478 -3.8
-0.33454 -3.6
-0.33429 -3.3
-0.33405 -3.1
-0.33381 -2.8
-0.33356 -2.5
-0.33332 -2.2
-0.33307 -2.0
-0.33283 -1.7
-0.33258 -1.4
-0.33234 -1.1
-0.3321 -0.8
-0.33185 -0.5
-0.33161 -0.2
-0.33136 0.0
-0.33112 0.4
-0.33088 0.7
-0.33063 1.0
-0.33039 1.3
-0.33014 1.6
-0.3299 1.8
-0.32965 2.1
-0.32941 2.4
-0.32917 2.7
-0.32892 3.0
-0.32868 3.2
-0.32843 3.5
-0.32819 3.8
-0.32795 4.0
-0.3277 4.2
-0.32746 4.5
-0.32721 4.7
-0.32697 4.9
-0.32673 5.1
-0.32648 5.3
-0.32624 5.5
-0.32599 5.7
-0.32575 5.9
-0.3255 6.0
-0.32526 6.2
-0.32502 6.3
-0.32477 6.4
-0.32453 6.5
-0.32428 6.6
-0.32404 6.7
-0.3238 6.8
-0.32355 6.9
-0.32331 6.9
-0.32306 7.0
-0.32282 7.0
-0.32257 7.0
-0.32233 7.0
-0.32209 7.0
-0.32184 7.0
-0.3216 6.9
-0.32135 6.9
-0.32111 6.8
-0.32087 6.7
-0.32062 6.6
-0.32038 6.5
-0.32013 6.4
-0.31989 6.3
-0.31964 6.1
-0.3194 6.0
-0.31916 5.8
-0.31891 5.7
-0.31867 5.5
-0.31842 5.3
-0.31818 5.1
-0.31794 4.9
-0.31769 4.6
-0.31745 4.4
-0.3172 4.2
-0.31696 3.9
-0.31672 3.7
-0.31647 3.4
-0.31623 3.1
-0.31598 2.9
-0.31574 2.6
-0.31549 2.3
-0.31525 2.0
-0.31501 1.7
-0.31476 1.4
-0.31452 1.1
-0.31427 0.8
-0.31403 0.5
-0.31379 0.2
-0.31354 -0.1
-0.3133 -0.4
-0.31305 -0.7
-0.31281 -1.0
-0.31256 -1.3
-0.31232 -1.6
-0.31208 -1.9
-0.31183 -2.2
-0.31159 -2.5
-0.31134 -2.8
-0.3111 -3.1
-0.31086 -3.4
-0.31061 -3.6
-0.31037 -3.9
-0.31012 -4.1
-0.30988 -4.4
-0.30964 -4.6
-0.30939 -4.9
-0.30915 -5.1
-0.3089 -5.3
-0.30866 -5.5
-0.30841 -5.7
-0.30817 -5.9
-0.30793 -6.0
-0.30768 -6.2
-0.30744 -6.3
-0.30719 -6.5
-0.30695 -6.6
-0.30671 -6.7
-0.30646 -6.8
-0.30622 -6.9
-0.30597 -6.9
-0.30573 -7.0
-0.30548 -7.0
-0.30524 -7.1
-0.305 -7.1
-0.30475 -7.1
-0.30451 -7.1
-0.30426 -7.0
-0.30402 -7.0
-0.30378 -7.0
-0.30353 -6.9
-0.30329 -6.8
-0.30304 -6.7
-0.3028 -6.6
-0.30256 -6.5
-0.30231 -6.4
-0.30207 -6.2
-0.30182 -6.1
-0.30158 -5.9
-0.30133 -5.7
-0.30109 -5.5
-0.30085 -5.3
-0.3006 -5.1
-0.30036 -4.9
-0.30011 -4.7
-0.29987 -4.4
-0.29963 -4.2
-0.29938 -3.9
-0.29914 -3.7
-0.29889 -3.4
-0.29865 -3.1
-0.2984 -2.8
-0.29816 -2.5
-0.29792 -2.2
-0.29767 -1.9
-0.29743 -1.6
-0.29718 -1.3
-0.29694 -1.0
-0.2967 -0.7
-0.29645 -0.4
-0.29621 0.0
-0.29596 0.3
-0.29572 0.6
-0.29548 0.9
-0.29523 1.2
-0.29499 1.5
-0.29474 1.8
-0.2945 2.1
-0.29425 2.4
-0.29401 2.7
-0.29377 3.0
-0.29352 3.3
-0.29328 3.6
-0.29303 3.9
-0.29279 4.1
-0.29255 4.4
-0.2923 4.6
-0.29206 4.9
-0.29181 5.1
-0.29157 5.3
-0.29132 5.5
-0.29108 5.7
-0.29084 5.9
-0.29059 6.1
-0.29035 6.3
-0.2901 6.4
-0.28986 6.5
-0.28962 6.7
-0.28937 6.8
-0.28913 6.9
-0.28888 7.0
-0.28864 7.0
-0.28839 7.1
-0.28815 7.1
-0.28791 7.2
-0.28766 7.2
-0.28742 7.2
-0.28717 7.2
-0.28693 7.1
-0.28669 7.1
-0.28644 7.0
-0.2862 7.0
-0.28595 6.9
-0.28571 6.8
-0.28547 6.7
-0.28522 6.5
-0.28498 6.4
-0.28473 6.2
-0.28449 6.1
-0.28424 5.9
-0.284 5.7
-0.28376 5.5
-0.28351 5.3
-0.28327 5.1
-0.28302 4.8
-0.28278 4.6
-0.28254 4.3
-0.28229 4.1
-0.28205 3.8
-0.2818 3.5
-0.28156 3.2
-0.28131 2.9
-0.28107 2.6
-0.28083 2.3
-0.28058 2.0
-0.28034 1.7
-0.28009 1.4
-0.27985 1.1
-0.27961 0.8
-0.27936 0.4
-0.27912 0.1
-0.27887 -0.2
-0.27863 -0.6
-0.27839 -0.9
-0.27814 -1.2
-0.2779 -1.5
-0.27765 -1.8
-0.27741 -2.2
-0.27716 -2.5
-0.27692 -2.8
-0.27668 -3.1
-0.27643 -3.4
-0.27619 -3.7
-0.27594 -3.9
-0.2757 -4.2
-0.27546 -4.5
-0.27521 -4.7
-0.27497 -5.0
-0.27472 -5.2
-0.27448 -5.4
-0.27423 -5.7
-0.27399 -5.9
-0.27375 -6.0
-0.2735 -6.2
-0.27326 -6.4
-0.27301 -6.5
-0.27277 -6.7
-0.27253 -6.8
-0.27228 -6.9
-0.27204 -7.0
-0.27179 -7.1
-0.27155 -7.2
-0.27131 -7.2
-0.27106 -7.3
-0.27082 -7.3
-0.27057 -7.3
-0.27033 -7.3
-0.27008 -7.2
-0.26984 -7.2
-0.2696 -7.2
-0.26935 -7.1
-0.26911 -7.0
-0.26886 -6.9
-0.26862 -6.8
-0.26838 -6.7
-0.26813 -6.5
-0.26789 -6.4
-0.26764 -6.2
-0.2674 -6.0
-0.26715 -5.8
-0.26691 -5.6
-0.26667 -5.4
-0.26642 -5.2
-0.26618 -4.9
-0.26593 -4.7
-0.26569 -4.4
-0.26545 -4.1
-0.2652 -3.8
-0.26496 -3.6
-0.26471 -3.3
-0.26447 -3.0
-0.26423 -2.6
-0.26398 -2.3
-0.26374 -2.0
-0.26349 -1.7
-0.26325 -1.3
-0.263 -1.0
-0.26276 -0.7
-0.26252 -0.3
-0.26227 0.0
-0.26203 0.3
-0.26178 0.7
-0.26154 1.0
-0.2613 1.4
-0.26105 1.7
-0.26081 2.0
-0.26056 2.3
-0.26032 2.7
-0.26007 3.0
-0.25983 3.3
-0.25959 3.6
-0.25934 3.9
-0.2591 4.2
-0.25885 4.4
-0.25861 4.7
-0.25837 5.0
-0.25812 5.2
-0.25788 5.5
-0.25763 5.7
-0.25739 5.9
-0.25714 6.1
-0.2569 6.3
-0.25666 6.5
-0.25641 6.6
-0.25617 6.8
-0.25592 6.9
-0.25568 7.0
-0.25544 7.1
-0.25519 7.2
-0.25495 7.3
-0.2547 7.3
-0.25446 7.4
-0.25422 7.4
-0.25397 7.4
-0.25373 7.4
-0.25348 7.4
-0.25324 7.3
-0.25299 7.2
-0.25275 7.2
-0.25251 7.1
-0.25226 7.0
-0.25202 6.9
-0.25177 6.7
-0.25153 6.6
-0.25129 6.4
-0.25104 6.2
-0.2508 6.0
-0.25055 5.8
-0.25031 5.6
-0.25006 5.4
-0.24982 5.1
-0.24958 4.9
-0.24933 4.6
-0.24909 4.3
-0.24884 4.0
-0.2486 3.7
-0.24836 3.4
-0.24811 3.1
-0.24787 2.8
-0.24762 2.5
-0.24738 2.1
-0.24714 1.8
-0.24689 1.5
-0.24665 1.1
-0.2464 0.8
-0.24616 0.4
-0.24591 0.0
-0.24567 -0.3
-0.24543 -0.6
-0.24518 -1.0
-0.24494 -1.3
-0.24469 -1.7
-0.24445 -2.0
-0.24421 -2.4
-0.24396 -2.7
-0.24372 -3.0
-0.24347 -3.3
-0.24323 -3.6
-0.24298 -4.0
-0.24274 -4.2
-0.2425 -4.5
-0.24225 -4.8
-0.24201 -5.1
-0.24176 -5.3
-0.24152 -5.6
-0.24128 -5.8
-0.24103 -6.0
-0.24079 -6.2
-0.24054 -6.4
-0.2403 -6.6
-0.24006 -6.8
-0.23981 -6.9
-0.23957 -7.0
-0.23932 -7.2
-0.23908 -7.3
-0.23883 -7.3
-0.23859 -7.4
-0.23835 -7.4
-0.2381 -7.5
-0.23786 -7.5
-0.23761 -7.5
-0.23737 -7.5
-0.23713 -7.4
-0.23688 -7.4
-0.23664 -7.3
-0.23639 -7.2
-0.23615 -7.1
-0.2359 -7.0
-0.23566 -6.9
-0.23542 -6.7
-0.23517 -6.5
-0.23493 -6.4
-0.23468 -6.2
-0.23444 -5.9
-0.2342 -5.7
-0.23395 -5.5
-0.23371 -5.2
-0.23346 -5.0
-0.23322 -4.7
-0.23298 -4.4
-0.23273 -4.1
-0.23249 -3.8
-0.23224 -3.5
-0.232 -3.2
-0.23175 -2.8
-0.23151 -2.5
-0.23127 -2.1
-0.23102 -1.8
-0.23078 -1.4
-0.23053 -1.1
-0.23029 -0.7
-0.23005 -0.3
-0.2298 0.0
-0.22956 0.4
-0.22931 0.7
-0.22907 1.1
-0.22882 1.5
-0.22858 1.8
-0.22834 2.2
-0.22809 2.5
-0.22785 2.9
-0.2276 3.2
-0.22736 3.5
-0.22712 3.9
-0.22687 4.2
-0.22663 4.5
-0.22638 4.8
-0.22614 5.1
-0.22589 5.3
-0.22565 5.6
-0.22541 5.8
-0.22516 6.1
-0.22492 6.3
-0.22467 6.5
-0.22443 6.7
-0.22419 6.8
-0.22394 7.0
-0.2237 7.1
-0.22345 7.2
-0.22321 7.4
-0.22297 7.4
-0.22272 7.5
-0.22248 7.6
-0.22223 7.6
-0.22199 7.6
-0.22174 7.6
-0.2215 7.6
-0.22126 7.5
-0.22101 7.5
-0.22077 7.4
-0.22052 7.3
-0.22028 7.2
-0.22004 7.1
-0.21979 6.9
-0.21955 6.8
-0.2193 6.6
-0.21906 6.4
-0.21881 6.2
-0.21857 6.0
-0.21833 5.7
-0.21808 5.5
-0.21784 5.2
-0.21759 4.9
-0.21735 4.6
-0.21711 4.3
-0.21686 4.0
-0.21662 3.7
-0.21637 3.4
-0.21613 3.0
-0.21589 2.7
-0.21564 2.3
-0.2154 1.9
-0.21515 1.6
-0.21491 1.2
-0.21466 0.8
-0.21442 0.4
-0.21418 0.0
-0.21393 -0.3
-0.21369 -0.7
-0.21344 -1.1
-0.2132 -1.4
-0.21296 -1.8
-0.21271 -2.2
-0.21247 -2.5
-0.21222 -2.9
-0.21198 -3.3
-0.21173 -3.6
-0.21149 -3.9
-0.21125 -4.3
-0.211 -4.6
-0.21076 -4.9
-0.21051 -5.2
-0.21027 -5.4
-0.21003 -5.7
-0.20978 -6.0
-0.20954 -6.2
-0.20929 -6.4
-0.20905 -6.6
-0.20881 -6.8
-0.20856 -7.0
-0.20832 -7.1
-0.20807 -7.3
-0.20783 -7.4
-0.20758 -7.5
-0.20734 -7.6
-0.2071 -7.7
-0.20685 -7.7
-0.20661 -7.7
-0.20636 -7.7
-0.20612 -7.7
-0.20588 -7.7
-0.20563 -7.6
-0.20539 -7.6
-0.20514 -7.5
-0.2049 -7.4
-0.20465 -7.2
-0.20441 -7.1
-0.20417 -6.9
-0.20392 -6.7
-0.20368 -6.5
-0.20343 -6.3
-0.20319 -6.1
-0.20295 -5.8
-0.2027 -5.6
-0.20246 -5.3
-0.20221 -5.0
-0.20197 -4.7
-0.20173 -4.4
-0.20148 -4.1
-0.20124 -3.7
-0.20099 -3.4
-0.20075 -3.0
-0.2005 -2.7
-0.20026 -2.3
-0.20002 -1.9
-0.19977 -1.5
-0.19953 -1.1
-0.19928 -0.7
-0.19904 -0.3
-0.1988 0.0
-0.19855 0.4
-0.19831 0.8
-0.19806 1.2
-0.19782 1.6
-0.19757 2.0
-0.19733 2.4
-0.19709 2.8
-0.19684 3.1
-0.1966 3.5
-0.19635 3.9
-0.19611 4.2
-0.19587 4.5
-0.19562 4.8
-0.19538 5.2
-0.19513 5.5
-0.19489 5.7
-0.19464 6.0
-0.1944 6.3
-0.19416 6.5
-0.19391 6.7
-0.19367 6.9
-0.19342 7.1
-0.19318 7.3
-0.19294 7.4
-0.19269 7.5
-0.19245 7.6
-0.1922 7.7
-0.19196 7.8
-0.19172 7.8
-0.19147 7.9
-0.19123 7.9
-0.19098 7.8
-0.19074 7.8
-0.19049 7.8
-0.19025 7.7
-0.19001 7.6
-0.18976 7.5
-0.18952 7.3
-0.18927 7.2
-0.18903 7.0
-0.18879 6.8
-0.18854 6.6
-0.1883 6.3
-0.18805 6.1
-0.18781 5.8
-0.18756 5.5
-0.18732 5.2
-0.18708 4.9
-0.18683 4.6
-0.18659 4.3
-0.18634 3.9
-0.1861 3.6
-0.18586 3.2
-0.18561 2.8
-0.18537 2.4
-0.18512 2.0
-0.18488 1.6
-0.18464 1.2
-0.18439 0.8
-0.18415 0.4
-0.1839 0.0
-0.18366 -0.4
-0.18341 -0.8
-0.18317 -1.3
-0.18293 -1.7
-0.18268 -2.1
-0.18244 -2.5
-0.18219 -2.9
-0.18195 -3.2
-0.18171 -3.6
-0.18146 -4.0
-0.18122 -4.3
-0.18097 -4.7
-0.18073 -5.0
-0.18048 -5.3
-0.18024 -5.6
-0.18 -5.9
-0.17975 -6.2
-0.17951 -6.5
-0.17926 -6.7
-0.17902 -6.9
-0.17878 -7.1
-0.17853 -7.3
-0.17829 -7.5
-0.17804 -7.6
-0.1778 -7.7
-0.17756 -7.8
-0.17731 -7.9
-0.17707 -8.0
-0.17682 -8.0
-0.17658 -8.0
-0.17633 -8.0
-0.17609 -8.0
-0.17585 -7.9
-0.1756 -7.8
-0.17536 -7.7
-0.17511 -7.6
-0.17487 -7.5
-0.17463 -7.3
-0.17438 -7.1
-0.17414 -6.9
-0.17389 -6.7
-0.17365 -6.4
-0.1734 -6.2
-0.17316 -5.9
-0.17292 -5.6
-0.17267 -5.3
-0.17243 -5.0
-0.17218 -4.6
-0.17194 -4.3
-0.1717 -3.9
-0.17145 -3.5
-0.17121 -3.1
-0.17096 -2.7
-0.17072 -2.3
-0.17048 -1.9
-0.17023 -1.5
-0.16999 -1.0
-0.16974 -0.6
-0.1695 -0.2
-0.16925 0.3
-0.16901 0.7
-0.16877 1.1
-0.16852 1.5
-0.16828 2.0
-0.16803 2.4
-0.16779 2.8
-0.16755 3.2
-0.1673 3.6
-0.16706 4.0
-0.16681 4.4
-0.16657 4.7
-0.16632 5.1
-0.16608 5.4
-0.16584 5.7
-0.16559 6.0
-0.16535 6.3
-0.1651 6.6
-0.16486 6.8
-0.16462 7.1
-0.16437 7.3
-0.16413 7.5
-0.16388 7.6
-0.16364 7.8
-0.16339 7.9
-0.16315 8.0
-0.16291 8.1
-0.16266 8.1
-0.16242 8.2
-0.16217 8.2
-0.16193 8.1
-0.16169 8.1
-0.16144 8.0
-0.1612 7.9
-0.16095 7.8
-0.16071 7.7
-0.16047 7.5
-0.16022 7.3
-0.15998 7.1
-0.15973 6.9
-0.15949 6.6
-0.15924 6.4
-0.159 6.1
-0.15876 5.8
-0.15851 5.4
-0.15827 5.1
-0.15802 4.7
-0.15778 4.4
-0.15754 4.0
-0.15729 3.6
-0.15705 3.2
-0.1568 2.7
-0.15656 2.3
-0.15631 1.9
-0.15607 1.4
-0.15583 1.0
-0.15558 0.5
-0.15534 0.0
-0.15509 -0.4
-0.15485 -0.8
-0.15461 -1.3
-0.15436 -1.7
-0.15412 -2.2
-0.15387 -2.6
-0.15363 -3.0
-0.15339 -3.5
-0.15314 -3.9
-0.1529 -4.3
-0.15265 -4.7
-0.15241 -5.0
-0.15216 -5.4
-0.15192 -5.7
-0.15168 -6.1
-0.15143 -6.4
-0.15119 -6.7
-0.15094 -6.9
-0.1507 -7.2
-0.15046 -7.4
-0.15021 -7.6
-0.14997 -7.8
-0.14972 -7.9
-0.14948 -8.1
-0.14923 -8.2
-0.14899 -8.2
-0.14875 -8.3
-0.1485 -8.3
-0.14826 -8.3
-0.14801 -8.3
-0.14777 -8.3
-0.14753 -8.2
-0.14728 -8.1
-0.14704 -7.9
-0.14679 -7.8
-0.14655 -7.6
-0.14631 -7.4
-0.14606 -7.2
-0.14582 -6.9
-0.14557 -6.7
-0.14533 -6.4
-0.14508 -6.0
-0.14484 -5.7
-0.1446 -5.4
-0.14435 -5.0
-0.14411 -4.6
-0.14386 -4.2
-0.14362 -3.8
-0.14338 -3.4
-0.14313 -2.9
-0.14289 -2.5
-0.14264 -2.0
-0.1424 -1.5
-0.14215 -1.1
-0.14191 -0.6
-0.14167 -0.1
-0.14142 0.4
-0.14118 0.8
-0.14093 1.3
-0.14069 1.8
-0.14045 2.3
-0.1402 2.7
-0.13996 3.2
-0.13971 3.6
-0.13947 4.1
-0.13923 4.5
-0.13898 4.9
-0.13874 5.3
-0.13849 5.6
-0.13825 6.0
-0.138 6.3
-0.13776 6.6
-0.13752 6.9
-0.13727 7.2
-0.13703 7.5
-0.13678 7.7
-0.13654 7.9
-0.1363 8.0
-0.13605 8.2
-0.13581 8.3
-0.13556 8.4
-0.13532 8.5
-0.13507 8.5
-0.13483 8.5
-0.13459 8.5
-0.13434 8.4
-0.1341 8.4
-0.13385 8.2
-0.13361 8.1
-0.13337 7.9
-0.13312 7.8
-0.13288 7.5
-0.13263 7.3
-0.13239 7.0
-0.13214 6.7
-0.1319 6.4
-0.13166 6.1
-0.13141 5.7
-0.13117 5.4
-0.13092 5.0
-0.13068 4.5
-0.13044 4.1
-0.13019 3.7
-0.12995 3.2
-0.1297 2.7
-0.12946 2.3
-0.12922 1.8
-0.12897 1.3
-0.12873 0.8
-0.12848 0.3
-0.12824 -0.2
-0.12799 -0.7
-0.12775 -1.3
-0.12751 -1.8
-0.12726 -2.2
-0.12702 -2.7
-0.12677 -3.2
-0.12653 -3.7
-0.12629 -4.1
-0.12604 -4.6
-0.1258 -5.0
-0.12555 -5.4
-0.12531 -5.8
-0.12506 -6.2
-0.12482 -6.5
-0.12458 -6.9
-0.12433 -7.2
-0.12409 -7.5
-0.12384 -7.7
-0.1236 -7.9
-0.12336 -8.1
-0.12311 -8.3
-0.12287 -8.4
-0.12262 -8.6
-0.12238 -8.6
-0.12214 -8.7
-0.12189 -8.7
-0.12165 -8.7
-0.1214 -8.6
-0.12116 -8.6
-0.12091 -8.5
-0.12067 -8.3
-0.12043 -8.2
-0.12018 -8.0
-0.11994 -7.7
-0.11969 -7.5
-0.11945 -7.2
-0.11921 -6.9
-0.11896 -6.6
-0.11872 -6.2
-0.11847 -5.8
-0.11823 -5.4
-0.11798 -5.0
-0.11774 -4.6
-0.1175 -4.1
-0.11725 -3.6
-0.11701 -3.1
-0.11676 -2.6
-0.11652 -2.1
-0.11628 -1.6
-0.11603 -1.1
-0.11579 -0.5
-0.11554 0.0
-0.1153 0.5
-0.11506 1.1
-0.11481 1.6
-0.11457 2.1
-0.11432 2.7
-0.11408 3.2
-0.11383 3.7
-0.11359 4.2
-0.11335 4.6
-0.1131 5.1
-0.11286 5.5
-0.11261 6.0
-0.11237 6.3
-0.11213 6.7
-0.11188 7.1
-0.11164 7.4
-0.11139 7.7
-0.11115 7.9
-0.1109 8.2
-0.11066 8.4
-0.11042 8.6
-0.11017 8.7
-0.10993 8.8
-0.10968 8.9
-0.10944 8.9
-0.1092 8.9
-0.10895 8.9
-0.10871 8.8
-0.10846 8.7
-0.10822 8.6
-0.10798 8.4
-0.10773 8.2
-0.10749 8.0
-0.10724 7.7
-0.107 7.4
-0.10675 7.1
-0.10651 6.8
-0.10627 6.4
-0.10602 6.0
-0.10578 5.5
-0.10553 5.1
-0.10529 4.6
-0.10505 4.1
-0.1048 3.6
-0.10456 3.1
-0.10431 2.5
-0.10407 2.0
-0.10382 1.4
-0.10358 0.9
-0.10334 0.3
-0.10309 -0.3
-0.10285 -0.8
-0.1026 -1.4
-0.10236 -2.0
-0.10212 -2.5
-0.10187 -3.1
-0.10163 -3.6
-0.10138 -4.1
-0.10114 -4.7
-0.10089 -5.1
-0.10065 -5.6
-0.10041 -6.1
-0.10016 -6.5
-0.09992 -6.9
-0.09967 -7.3
-0.09943 -7.6
-0.09919 -7.9
-0.09894 -8.2
-0.0987 -8.4
-0.09845 -8.7
-0.09821 -8.8
-0.09797 -9.0
-0.09772 -9.1
-0.09748 -9.1
-0.09723 -9.2
-0.09699 -9.2
-0.09674 -9.1
-0.0965 -9.0
-0.09626 -8.9
-0.09601 -8.7
-0.09577 -8.5
-0.09552 -8.3
-0.09528 -8.0
-0.09504 -7.7
-0.09479 -7.4
-0.09455 -7.0
-0.0943 -6.6
-0.09406 -6.2
-0.09381 -5.7
-0.09357 -5.2
-0.09333 -4.7
-0.09308 -4.2
-0.09284 -3.6
-0.09259 -3.1
-0.09235 -2.5
-0.09211 -1.9
-0.09186 -1.3
-0.09162 -0.7
-0.09137 0.0
-0.09113 0.6
-0.09089 1.2
-0.09064 1.8
-0.0904 2.4
-0.09015 3.0
-0.08991 3.6
-0.08966 4.1
-0.08942 4.7
-0.08918 5.2
-0.08893 5.7
-0.08869 6.2
-0.08844 6.7
-0.0882 7.1
-0.08796 7.5
-0.08771 7.8
-0.08747 8.2
-0.08722 8.5
-0.08698 8.7
-0.08673 9.0
-0.08649 9.1
-0.08625 9.3
-0.086 9.4
-0.08576 9.4
-0.08551 9.4
-0.08527 9.4
-0.08503 9.3
-0.08478 9.2
-0.08454 9.0
-0.08429 8.8
-0.08405 8.6
-0.08381 8.3
-0.08356 8.0
-0.08332 7.6
-0.08307 7.2
-0.08283 6.8
-0.08258 6.3
-0.08234 5.8
-0.0821 5.3
-0.08185 4.8
-0.08161 4.2
-0.08136 3.6
-0.08112 3.0
-0.08088 2.3
-0.08063 1.7
-0.08039 1.1
-0.08014 0.4
-0.0799 -0.3
-0.07965 -0.9
-0.07941 -1.6
-0.07917 -2.2
-0.07892 -2.9
-0.07868 -3.5
-0.07843 -4.1
-0.07819 -4.7
-0.07795 -5.3
-0.0777 -5.9
-0.07746 -6.4
-0.07721 -6.9
-0.07697 -7.3
-0.07673 -7.8
-0.07648 -8.2
-0.07624 -8.5
-0.07599 -8.8
-0.07575 -9.1
-0.0755 -9.3
-0.07526 -9.5
-0.07502 -9.6
-0.07477 -9.7
-0.07453 -9.7
-0.07428 -9.7
-0.07404 -9.7
-0.0738 -9.5
-0.07355 -9.4
-0.07331 -9.2
-0.07306 -8.9
-0.07282 -8.6
-0.07257 -8.3
-0.07233 -7.9
-0.07209 -7.4
-0.07184 -7.0
-0.0716 -6.5
-0.07135 -5.9
-0.07111 -5.3
-0.07087 -4.7
-0.07062 -4.1
-0.07038 -3.5
-0.07013 -2.8
-0.06989 -2.1
-0.06964 -1.4
-0.0694 -0.7
-0.06916 0.0
-0.06891 0.8
-0.06867 1.5
-0.06842 2.2
-0.06818 2.9
-0.06794 3.6
-0.06769 4.3
-0.06745 4.9
-0.0672 5.5
-0.06696 6.1
-0.06672 6.7
-0.06647 7.2
-0.06623 7.7
-0.06598 8.2
-0.06574 8.6
-0.06549 9.0
-0.06525 9.3
-0.06501 9.5
-0.06476 9.8
-0.06452 9.9
-0.06427 10.0
-0.06403 10.1
-0.06379 10.1
-0.06354 10.0
-0.0633 9.9
-0.06305 9.7
-0.06281 9.5
-0.06256 9.2
-0.06232 8.9
-0.06208 8.5
-0.06183 8.1
-0.06159 7.6
-0.06134 7.0
-0.0611 6.5
-0.06086 5.9
-0.06061 5.2
-0.06037 4.5
-0.06012 3.8
-0.05988 3.1
-0.05964 2.3
-0.05939 1.6
-0.05915 0.8
-0.0589 0.0
-0.05866 -0.8
-0.05841 -1.6
-0.05817 -2.4
-0.05793 -3.1
-0.05768 -3.9
-0.05744 -4.6
-0.05719 -5.3
-0.05695 -6.0
-0.05671 -6.6
-0.05646 -7.2
-0.05622 -7.8
-0.05597 -8.3
-0.05573 -8.8
-0.05548 -9.2
-0.05524 -9.6
-0.055 -9.9
-0.05475 -10.1
-0.05451 -10.3
-0.05426 -10.4
-0.05402 -10.5
-0.05378 -10.5
-0.05353 -10.4
-0.05329 -10.3
-0.05304 -10.0
-0.0528 -9.8
-0.05256 -9.4
-0.05231 -9.0
-0.05207 -8.6
-0.05182 -8.1
-0.05158 -7.5
-0.05133 -6.9
-0.05109 -6.2
-0.05085 -5.5
-0.0506 -4.7
-0.05036 -4.0
-0.05011 -3.2
-0.04987 -2.3
-0.04963 -1.5
-0.04938 -0.6
-0.04914 0.3
-0.04889 1.2
-0.04865 2.0
-0.0484 2.9
-0.04816 3.7
-0.04792 4.6
-0.04767 5.4
-0.04743 6.1
-0.04718 6.9
-0.04694 7.5
-0.0467 8.2
-0.04645 8.7
-0.04621 9.3
-0.04596 9.7
-0.04572 10.1
-0.04548 10.4
-0.04523 10.7
-0.04499 10.9
-0.04474 11.0
-0.0445 11.0
-0.04425 10.9
-0.04401 10.8
-0.04377 10.6
-0.04352 10.3
-0.04328 9.9
-0.04303 9.4
-0.04279 8.9
-0.04255 8.3
-0.0423 7.7
-0.04206 7.0
-0.04181 6.2
-0.04157 5.4
-0.04132 4.5
-0.04108 3.6
-0.04084 2.7
-0.04059 1.7
-0.04035 0.8
-0.0401 -0.2
-0.03986 -1.2
-0.03962 -2.2
-0.03937 -3.2
-0.03913 -4.1
-0.03888 -5.0
-0.03864 -5.9
-0.03839 -6.8
-0.03815 -7.6
-0.03791 -8.3
-0.03766 -9.0
-0.03742 -9.6
-0.03717 -10.1
-0.03693 -10.6
-0.03669 -11.0
-0.03644 -11.3
-0.0362 -11.4
-0.03595 -11.5
-0.03571 -11.5
-0.03547 -11.4
-0.03522 -11.3
-0.03498 -11.0
-0.03473 -10.6
-0.03449 -10.1
-0.03424 -9.5
-0.034 -8.9
-0.03376 -8.1
-0.03351 -7.3
-0.03327 -6.4
-0.03302 -5.5
-0.03278 -4.5
-0.03254 -3.5
-0.03229 -2.4
-0.03205 -1.3
-0.0318 -0.1
-0.03156 1.0
-0.03131 2.1
-0.03107 3.3
-0.03083 4.4
-0.03058 5.4
-0.03034 6.5
-0.03009 7.4
-0.02985 8.3
-0.02961 9.2
-0.02936 9.9
-0.02912 10.6
-0.02887 11.1
-0.02863 11.6
-0.02839 11.9
-0.02814 12.2
-0.0279 12.3
-0.02765 12.3
-0.02741 12.1
-0.02716 11.9
-0.02692 11.5
-0.02668 11.0
-0.02643 10.3
-0.02619 9.6
-0.02594 8.7
-0.0257 7.8
-0.02546 6.8
-0.02521 5.7
-0.02497 4.5
-0.02472 3.2
-0.02448 1.9
-0.02423 0.6
-0.02399 -0.7
-0.02375 -2.1
-0.0235 -3.4
-0.02326 -4.7
-0.02301 -6.0
-0.02277 -7.2
-0.02253 -8.3
-0.02228 -9.4
-0.02204 -10.3
-0.02179 -11.1
-0.02155 -11.8
-0.02131 -12.4
-0.02106 -12.8
-0.02082 -13.1
-0.02057 -13.2
-0.02033 -13.1
-0.02008 -12.9
-0.01984 -12.5
-0.0196 -12.0
-0.01935 -11.2
-0.01911 -10.4
-0.01886 -9.3
-0.01862 -8.2
-0.01838 -6.9
-0.01813 -5.5
-0.01789 -4.0
-0.01764 -2.4
-0.0174 -0.8
-0.01715 0.8
-0.01691 2.5
-0.01667 4.1
-0.01642 5.7
-0.01618 7.2
-0.01593 8.7
-0.01569 10.0
-0.01545 11.2
-0.0152 12.2
-0.01496 13.1
-0.01471 13.7
-0.01447 14.2
-0.01423 14.4
-0.01398 14.4
-0.01374 14.1
-0.01349 13.6
-0.01325 12.9
-0.013 11.9
-0.01276 10.7
-0.01252 9.3
-0.01227 7.7
-0.01203 5.9
-0.01178 4.0
-0.01154 2.0
-0.0113 0.0
-0.01105 -2.2
-0.01081 -4.3
-0.01056 -6.4
-0.01032 -8.4
-0.01007 -10.2
-0.00983 -11.9
-0.00959 -13.3
-0.00934 -14.5
-0.0091 -15.4
-0.00885 -15.9
-0.00861 -16.1
-0.00837 -15.9
-0.00812 -15.3
-0.00788 -14.3
-0.00763 -13.0
-0.00739 -11.2
-0.00714 -9.2
-0.0069 -6.8
-0.00666 -4.2
-0.00641 -1.4
-0.00617 1.5
-0.00592 4.5
-0.00568 7.3
-0.00544 10.1
-0.00519 12.6
-0.00495 14.7
-0.0047 16.5
-0.00446 17.7
-0.00422 18.3
-0.00397 18.2
-0.00373 17.4
-0.00348 16.0
-0.00324 13.8
-0.00299 10.9
-0.00275 7.5
-0.00251 3.5
-0.00226 -0.7
-0.00202 -5.1
-0.00177 -9.4
-0.00153 -13.4
-0.00129 -16.8
-0.00104 -19.3
-0.0008 -20.6
-0.00055 -20.6
-0.00031 -19.0
-6e-05 -15.7
0.00018 -11.1
0.00042 -5.3
0.00067 1.2
0.00091 7.6
0.00116 13.2
0.0014 17.3
0.00164 19.3
0.00189 18.8
0.00213 15.9
0.00238 11.0
0.00262 4.8
0.00286 -1.7
0.00311 -7.6
0.00335 -11.9
0.0036 -14.0
0.00384 -13.7
0.00409 -11.3
0.00433 -7.4
0.00457 -2.6
0.00482 2.1
0.00506 5.9
0.00531 8.3
0.00555 8.9
0.00579 8.0
0.00604 5.8
0.00628 2.8
0.00653 -0.3
0.00677 -2.9
0.00702 -4.7
0.00726 -5.4
0.0075 -5.0
0.00775 -3.8
0.00799 -2.0
0.00824 -0.1
0.00848 1.5
0.00872 2.7
0.00897 3.2
0.00921 3.0
0.00946 2.3
0.0097 1.3
0.00994 0.1
0.01019 -0.9
0.01043 -1.6
0.01068 -1.9
0.01092 -1.8
0.01117 -1.4
0.01141 -0.8
0.01165 0.0
0.0119 0.5
0.01214 1.0
0.01239 1.2
0.01263 1.1
0.01287 0.9
0.01312 0.5
0.01336 0.0
0.01361 -0.3
0.01385 -0.6
0.0141 -0.7
0.01434 -0.7
0.01458 -0.5
0.01483 -0.3
0.01507 0.0
0.01532 0.2
0.01556 0.4
0.0158 0.4
0.01605 0.4
0.01629 0.3
0.01654 0.2
0.01678 0.0
0.01702 -0.1
0.01727 -0.2
0.01751 -0.3
0.01776 -0.3
0.018 -0.2
0.01825 -0.1
0.01849 0.0
0.01873 0.0
0.01898 0.1
0.01922 0.2
0.01947 0.2
0.01971 0.1
0.01995 0.0
0.0202 0.0
0.02044 0.0
0.02069 0.0
0.02093 0.0
0.02118 0.0
0.02142 0.0
0.02166 0.0
0.02191 0.0
0.02215 0.0
0.0224 0.0
0.02264 0.0
0.02288 0.0
0.02313 0.0
0.02337 0.0
0.02362 0.0
0.02386 0.0
0.02411 0.0
0.02435 0.0
0.02459 0.0
0.02484 0.0
0.02508 0.0
0.02533 0.0
0.02557 0.0
0.02581 0.0
0.02606 0.0
0.0263 0.0
0.02655 0.0
0.02679 0.0
0.02703 0.0
0.02728 0.0
0.02752 0.0
0.02777 0.0
0.02801 0.0
0.02826 0.0
0.0285 0.0
0.02874 0.0
0.02899 0.0
0.02923 0.0
0.02948 0.0
0.02972 0.0
0.02996 0.0
0.03021 0.0
0.03045 0.0
0.0307 0.0
0.03094 0.0
0.03119 0.0
0.03143 0.0
0.03167 0.0
0.03192 0.0
0.03216 0.0
0.03241 0.0
0.03265 0.0
0.03289 0.0
0.03314 0.0
0.03338 0.0
0.03363 0.0
0.03387 0.0
0.03411 0.0
0.03436 0.0
0.0346 0.0
0.03485 0.0
0.03509 0.0
0.03534 0.0
0.03558 0.0
0.03582 0.0
0.03607 0.0
0.03631 0.0
0.03656 0.0
0.0368 0.0
0.03704 0.0
0.03729 0.0
0.03753 0.0
0.03778 0.0
0.03802 0.0
0.03827 0.0
0.03851 0.0
0.03875 0.0
0.039 0.0
0.03924 0.0
0.03949 0.0
0.03973 0.0
0.03997 0.0
0.04022 0.0
0.04046 0.0
0.04071 0.0
0.04095 0.0
0.04119 0.0
0.04144 0.0
0.04168 0.0
0.04193 0.0
0.04217 0.0
0.04242 0.0
0.04266 0.0
0.0429 0.0
0.04315 0.0
0.04339 0.0
0.04364 0.0
0.04388 0.0
0.04412 0.0
0.04437 0.0
0.04461 0.0
0.04486 0.0
0.0451 0.0
0.04535 0.0
0.04559 0.0
0.04583 0.0
0.04608 0.0
0.04632 0.0
0.04657 0.0
0.04681 0.0
0.04705 0.0
0.0473 0.0
0.04754 0.0
0.04779 0.0
0.04803 0.0
0.04827 0.0
0.04852 0.0
0.04876 0.0
0.04901 0.0
0.04925 0.0
0.0495 0.0
0.04974 0.0
0.04998 0.0
0.05023 0.0
0.05047 0.0
0.05072 0.0
0.05096 0.0
0.0512 0.0
0.05145 0.0
0.05169 0.0
0.05194 0.0
0.05218 0.0
0.05243 0.0
0.05267 0.0
0.05291 0.0
0.05316 0.0
0.0534 0.0
0.05365 0.0
0.05389 0.0
0.05413 0.0
0.05438 0.0
0.05462 0.0
0.05487 0.0
0.05511 0.0
0.05536 0.0
0.0556 0.0
0.05584 0.0
0.05609 0.0
0.05633 0.0
0.05658 0.0
0.05682 0.0
0.05706 0.0
0.05731 0.0
0.05755 0.0
0.0578 0.0
0.05804 0.0
0.05828 0.0
0.05853 0.0
0.05877 0.0
0.05902 0.0
0.05926 0.0
0.05951 0.0
0.05975 0.0
0.05999 0.0
0.06024 0.0
0.06048 0.0
0.06073 0.0
0.06097 0.0
0.06121 0.0
0.06146 0.0
0.0617 0.0
0.06195 0.0
0.06219 0.0
0.06244 0.0
0.06268 0.0
0.06292 0.0
0.06317 0.0
0.06341 0.0
0.06366 0.0
0.0639 0.0
0.06414 0.0
0.06439 0.0
0.06463 0.0
0.06488 0.0
0.06512 0.0
0.06536 0.0
0.06561 0.0
0.06585 0.0
0.0661 0.0
0.06634 0.0
0.06659 0.0
0.06683 0.0
0.06707 0.0
0.06732 0.0
0.06756 0.0
0.06781 0.0
0.06805 0.0
0.06829 0.0
0.06854 0.0
0.06878 0.0
0.06903 0.0
0.06927 0.0
0.06952 0.0
0.06976 0.0
0.07 0.0
0.07025 0.0
0.07049 0.0
0.07074 0.0
0.07098 0.0
0.07122 0.0
0.07147 0.0
0.07171 0.0
0.07196 0.0
0.0722 0.0
0.07244 0.0
0.07269 0.0
0.07293 0.0
0.07318 0.0
0.07342 0.0
0.07367 0.0
0.07391 0.0
0.07415 0.0
0.0744 0.0
0.07464 0.0
0.07489 0.0
0.07513 0.0
0.07537 0.0
0.07562 0.0
0.07586 0.0
0.07611 0.0
0.07635 0.0
0.0766 0.0
0.07684 0.0
0.07708 0.0
0.07733 0.0
0.07757 0.0
0.07782 0.0
0.07806 0.0
0.0783 0.0
0.07855 0.0
0.07879 0.0
0.07904 0.0
0.07928 0.0
0.07952 0.0
0.07977 0.0
0.08001 0.0
0.08026 0.0
0.0805 0.0
0.08075 0.0
0.08099 0.0
0.08123 0.0
0.08148 0.0
0.08172 0.0
0.08197 0.0
0.08221 0.0
0.08245 0.0
0.0827 0.0
0.08294 0.0
0.08319 0.0
0.08343 0.0
0.08368 0.0
0.08392 0.0
0.08416 0.0
0.08441 0.0
0.08465 0.0
0.0849 0.0
0.08514 0.0
0.08538 0.0
0.08563 0.0
0.08587 0.0
0.08612 0.0
0.08636 0.0
0.08661 0.0
0.08685 0.0
0.08709 0.0
0.08734 0.0
0.08758 0.0
0.08783 0.0
0.08807 0.0
0.08831 0.0
0.08856 0.0
0.0888 0.0
0.08905 0.0
0.08929 0.0
0.08953 0.0
0.08978 0.0
0.09002 0.0
0.09027 0.0
0.09051 0.0
0.09076 0.0
0.091 0.0
0.09124 0.0
0.09149 0.0
0.09173 0.0
0.09198 0.0
0.09222 0.0
0.09246 0.0
0.09271 0.0
0.09295 0.0
0.0932 0.0
0.09344 0.0
0.09369 0.0
0.09393 0.0
0.09417 0.0
0.09442 0.0
0.09466 0.0
0.09491 0.0
0.09515 0.0
0.09539 0.0
0.09564 0.0
0.09588 0.0
0.09613 0.0
0.09637 0.0
0.09661 0.0
0.09686 0.0
0.0971 0.0
0.09735 0.0
0.09759 0.0
0.09784 0.0
0.09808 0.0
0.09832 0.0
0.09857 0.0
0.09881 0.0
0.09906 0.0
0.0993 0.0
0.09954 0.0
0.09979 0.0
0.10003 0.0
0.10028 0.0
0.10052 0.0
0.10077 0.0
0.10101 0.0
0.10125 0.0
0.1015 0.0
0.10174 0.0
0.10199 0.0
0.10223 0.0
0.10247 0.0
0.10272 0.0
0.10296 0.0
0.10321 0.0
0.10345 0.0
0.10369 0.0
0.10394 0.0
0.10418 0.0
0.10443 0.0
0.10467 0.0
0.10492 0.0
0.10516 0.0
0.1054 0.0
0.10565 0.0
0.10589 0.0
0.10614 0.0
0.10638 0.0
0.10662 0.0
0.10687 0.0
0.10711 0.0
0.10736 0.0
0.1076 0.0
0.10785 0.0
0.10809 0.0
0.10833 0.0
0.10858 0.0
0.10882 0.0
0.10907 0.0
0.10931 0.0
0.10955 0.0
0.1098 0.0
0.11004 0.0
0.11029 0.0
0.11053 0.0
0.11077 0.0
0.11102 0.0
0.11126 0.0
0.11151 0.0
0.11175 0.0
0.112 0.0
0.11224 0.0
0.11248 0.0
0.11273 0.0
0.11297 0.0
0.11322 0.0
0.11346 0.0
0.1137 0.0
0.11395 0.0
0.11419 0.0
0.11444 0.0
0.11468 0.0
0.11493 0.0
0.11517 0.0
0.11541 0.0
0.11566 0.0
0.1159 0.0
0.11615 0.0
0.11639 0.0
0.11663 0.0
0.11688 0.0
0.11712 0.0
0.11737 0.0
0.11761 0.0
0.11786 0.0
0.1181 0.0
0.11834 0.0
0.11859 0.0
0.11883 0.0
0.11908 0.0
0.11932 0.0
0.11956 0.0
0.11981 0.0
0.12005 0.0
0.1203 0.0
0.12054 0.0
0.12078 0.0
0.12103 0.0
0.12127 0.0
0.12152 0.0
0.12176 0.0
0.12201 0.0
0.12225 0.0
0.12249 0.0
0.12274 0.0
0.12298 0.0
0.12323 0.0
0.12347 0.0
0.12371 0.0
0.12396 0.0
0.1242 0.0
0.12445 0.0
0.12469 0.0
0.12494 0.0
0.12518 0.0
0.12542 0.0
0.12567 0.0
0.12591 0.0
0.12616 0.0
0.1264 0.0
0.12664 0.0
0.12689 0.0
0.12713 0.0
0.12738 0.0
0.12762 0.0
0.12786 0.0
0.12811 0.0
0.12835 0.0
0.1286 0.0
0.12884 0.0
0.12909 0.0
0.12933 0.0
0.12957 0.0
0.12982 0.0
0.13006 0.0
0.13031 0.0
0.13055 0.0
0.13079 0.0
0.13104 0.0
0.13128 0.0
0.13153 0.0
0.13177 0.0
0.13202 0.0
0.13226 0.0
0.1325 0.0
0.13275 0.0
0.13299 0.0
0.13324 0.0
0.13348 0.0
0.13372 0.0
0.13397 0.0
0.13421 0.0
0.13446 0.0
0.1347 0.0
0.13494 0.0
0.13519 0.0
0.13543 0.0
0.13568 0.0
0.13592 0.0
0.13617 0.0
0.13641 0.0
0.13665 0.0
0.1369 0.0
0.13714 0.0
0.13739 0.0
0.13763 0.0
0.13787 0.0
0.13812 0.0
0.13836 0.0
0.13861 0.0
