t strain*1e23
-1.6478 -3.0
-1.64755 -3.0
-1.64731 -3.0
-1.64707 -3.0
-1.64682 -2.9
-1.64658 -2.9
-1.64633 -2.9
-1.64609 -2.8
-1.64585 -2.8
-1.6456 -2.7
-1.64536 -2.6
-1.64511 -2.6
-1.64487 -2.5
-1.64462 -2.4
-1.64438 -2.4
-1.64414 -2.3
-1.64389 -2.2
-1.64365 -2.1
-1.6434 -2.0
-1.64316 -2.0
-1.64292 -1.9
-1.64267 -1.8
-1.64243 -1.7
-1.64218 -1.6
-1.64194 -1.5
-1.6417 -1.4
-1.64145 -1.2
-1.64121 -1.1
-1.64096 -1.0
-1.64072 -0.9
-1.64047 -0.8
-1.64023 -0.7
-1.63999 -0.6
-1.63974 -0.5
-1.6395 -0.3
-1.63925 -0.2
-1.63901 -0.1
-1.63877 0.0
-1.63852 0.1
-1.63828 0.3
-1.63803 0.4
-1.63779 0.5
-1.63754 0.6
-1.6373 0.7
-1.63706 0.8
-1.63681 0.9
-1.63657 1.1
-1.63632 1.2
-1.63608 1.3
-1.63584 1.4
-1.63559 1.5
-1.63535 1.6
-1.6351 1.7
-1.63486 1.8
-1.63461 1.9
-1.63437 2.0
-1.63413 2.1
-1.63388 2.2
-1.63364 2.2
-1.63339 2.3
-1.63315 2.4
-1.63291 2.5
-1.63266 2.5
-1.63242 2.6
-1.63217 2.7
-1.63193 2.7
-1.63169 2.8
-1.63144 2.8
-1.6312 2.9
-1.63095 2.9
-1.63071 3.0
-1.63046 3.0
-1.63022 3.0
-1.62998 3.0
-1.62973 3.1
-1.62949 3.1
-1.62924 3.1
-1.629 3.1
-1.62876 3.1
-1.62851 3.1
-1.62827 3.1
-1.62802 3.1
-1.62778 3.0
-1.62753 3.0
-1.62729 3.0
-1.62705 3.0
-1.6268 2.9
-1.62656 2.9
-1.62631 2.8
-1.62607 2.8
-1.62583 2.7
-1.62558 2.7
-1.62534 2.6
-1.62509 2.6
-1.62485 2.5
-1.62461 2.4
-1.62436 2.4
-1.62412 2.3
-1.62387 2.2
-1.62363 2.1
-1.62338 2.0
-1.62314 1.9
-1.6229 1.8
-1.62265 1.7
-1.62241 1.6
-1.62216 1.5
-1.62192 1.4
-1.62168 1.3
-1.62143 1.2
-1.62119 1.1
-1.62094 1.0
-1.6207 0.9
-1.62045 0.8
-1.62021 0.6
-1.61997 0.5
-1.61972 0.4
-1.61948 0.3
-1.61923 0.2
-1.61899 0.0
-1.61875 0.0
-1.6185 -0.2
-1.61826 -0.3
-1.61801 -0.4
-1.61777 -0.5
-1.61753 -0.7
-1.61728 -0.8
-1.61704 -0.9
-1.61679 -1.0
-1.61655 -1.1
-1.6163 -1.2
-1.61606 -1.3
-1.61582 -1.4
-1.61557 -1.5
-1.61533 -1.6
-1.61508 -1.7
-1.61484 -1.8
-1.6146 -1.9
-1.61435 -2.0
-1.61411 -2.1
-1.61386 -2.2
-1.61362 -2.3
-1.61337 -2.4
-1.61313 -2.4
-1.61289 -2.5
-1.61264 -2.6
-1.6124 -2.6
-1.61215 -2.7
-1.61191 -2.8
-1.61167 -2.8
-1.61142 -2.9
-1.61118 -2.9
-1.61093 -2.9
-1.61069 -3.0
-1.61045 -3.0
-1.6102 -3.0
-1.60996 -3.1
-1.60971 -3.1
-1.60947 -3.1
-1.60922 -3.1
-1.60898 -3.1
-1.60874 -3.1
-1.60849 -3.1
-1.60825 -3.1
-1.608 -3.1
-1.60776 -3.0
-1.60752 -3.0
-1.60727 -3.0
-1.60703 -3.0
-1.60678 -2.9
-1.60654 -2.9
-1.60629 -2.8
-1.60605 -2.8
-1.60581 -2.7
-1.60556 -2.7
-1.60532 -2.6
-1.60507 -2.5
-1.60483 -2.5
-1.60459 -2.4
-1.60434 -2.3
-1.6041 -2.2
-1.60385 -2.1
-1.60361 -2.0
-1.60336 -2.0
-1.60312 -1.9
-1.60288 -1.8
-1.60263 -1.7
-1.60239 -1.6
-1.60214 -1.5
-1.6019 -1.4
-1.60166 -1.2
-1.60141 -1.1
-1.60117 -1.0
-1.60092 -0.9
-1.60068 -0.8
-1.60044 -0.7
-1.60019 -0.6
-1.59995 -0.4
-1.5997 -0.3
-1.59946 -0.2
-1.59921 0.0
-1.59897 0.0
-1.59873 0.2
-1.59848 0.3
-1.59824 0.4
-1.59799 0.5
-1.59775 0.6
-1.59751 0.8
-1.59726 0.9
-1.59702 1.0
-1.59677 1.1
-1.59653 1.2
-1.59628 1.3
-1.59604 1.4
-1.5958 1.5
-1.59555 1.6
-1.59531 1.7
-1.59506 1.8
-1.59482 1.9
-1.59458 2.0
-1.59433 2.1
-1.59409 2.2
-1.59384 2.3
-1.5936 2.4
-1.59336 2.4
-1.59311 2.5
-1.59287 2.6
-1.59262 2.6
-1.59238 2.7
-1.59213 2.8
-1.59189 2.8
-1.59165 2.9
-1.5914 2.9
-1.59116 3.0
-1.59091 3.0
-1.59067 3.0
-1.59043 3.0
-1.59018 3.1
-1.58994 3.1
-1.58969 3.1
-1.58945 3.1
-1.5892 3.1
-1.58896 3.1
-1.58872 3.1
-1.58847 3.1
-1.58823 3.1
-1.58798 3.1
-1.58774 3.0
-1.5875 3.0
-1.58725 3.0
-1.58701 2.9
-1.58676 2.9
-1.58652 2.8
-1.58628 2.8
-1.58603 2.7
-1.58579 2.7
-1.58554 2.6
-1.5853 2.5
-1.58505 2.5
-1.58481 2.4
-1.58457 2.3
-1.58432 2.2
-1.58408 2.1
-1.58383 2.1
-1.58359 2.0
-1.58335 1.9
-1.5831 1.8
-1.58286 1.7
-1.58261 1.6
-1.58237 1.5
-1.58212 1.3
-1.58188 1.2
-1.58164 1.1
-1.58139 1.0
-1.58115 0.9
-1.5809 0.8
-1.58066 0.7
-1.58042 0.5
-1.58017 0.4
-1.57993 0.3
-1.57968 0.2
-1.57944 0.0
-1.5792 0.0
-1.57895 -0.2
-1.57871 -0.3
-1.57846 -0.4
-1.57822 -0.5
-1.57797 -0.7
-1.57773 -0.8
-1.57749 -0.9
-1.57724 -1.0
-1.577 -1.1
-1.57675 -1.2
-1.57651 -1.3
-1.57627 -1.5
-1.57602 -1.6
-1.57578 -1.7
-1.57553 -1.8
-1.57529 -1.9
-1.57504 -2.0
-1.5748 -2.1
-1.57456 -2.1
-1.57431 -2.2
-1.57407 -2.3
-1.57382 -2.4
-1.57358 -2.5
-1.57334 -2.5
-1.57309 -2.6
-1.57285 -2.7
-1.5726 -2.7
-1.57236 -2.8
-1.57211 -2.8
-1.57187 -2.9
-1.57163 -2.9
-1.57138 -3.0
-1.57114 -3.0
-1.57089 -3.0
-1.57065 -3.1
-1.57041 -3.1
-1.57016 -3.1
-1.56992 -3.1
-1.56967 -3.1
-1.56943 -3.1
-1.56919 -3.1
-1.56894 -3.1
-1.5687 -3.1
-1.56845 -3.1
-1.56821 -3.1
-1.56796 -3.0
-1.56772 -3.0
-1.56748 -3.0
-1.56723 -2.9
-1.56699 -2.9
-1.56674 -2.8
-1.5665 -2.8
-1.56626 -2.7
-1.56601 -2.6
-1.56577 -2.6
-1.56552 -2.5
-1.56528 -2.4
-1.56503 -2.4
-1.56479 -2.3
-1.56455 -2.2
-1.5643 -2.1
-1.56406 -2.0
-1.56381 -1.9
-1.56357 -1.8
-1.56333 -1.7
-1.56308 -1.6
-1.56284 -1.5
-1.56259 -1.4
-1.56235 -1.3
-1.56211 -1.2
-1.56186 -1.1
-1.56162 -1.0
-1.56137 -0.8
-1.56113 -0.7
-1.56088 -0.6
-1.56064 -0.5
-1.5604 -0.4
-1.56015 -0.2
-1.55991 -0.1
-1.55966 0.0
-1.55942 0.1
-1.55918 0.2
-1.55893 0.4
-1.55869 0.5
-1.55844 0.6
-1.5582 0.7
-1.55795 0.8
-1.55771 1.0
-1.55747 1.1
-1.55722 1.2
-1.55698 1.3
-1.55673 1.4
-1.55649 1.5
-1.55625 1.6
-1.556 1.7
-1.55576 1.8
-1.55551 1.9
-1.55527 2.0
-1.55503 2.1
-1.55478 2.2
-1.55454 2.3
-1.55429 2.4
-1.55405 2.4
-1.5538 2.5
-1.55356 2.6
-1.55332 2.7
-1.55307 2.7
-1.55283 2.8
-1.55258 2.8
-1.55234 2.9
-1.5521 2.9
-1.55185 3.0
-1.55161 3.0
-1.55136 3.0
-1.55112 3.1
-1.55087 3.1
-1.55063 3.1
-1.55039 3.1
-1.55014 3.1
-1.5499 3.1
-1.54965 3.1
-1.54941 3.1
-1.54917 3.1
-1.54892 3.1
-1.54868 3.1
-1.54843 3.0
-1.54819 3.0
-1.54795 3.0
-1.5477 2.9
-1.54746 2.9
-1.54721 2.8
-1.54697 2.8
-1.54672 2.7
-1.54648 2.7
-1.54624 2.6
-1.54599 2.5
-1.54575 2.5
-1.5455 2.4
-1.54526 2.3
-1.54502 2.2
-1.54477 2.1
-1.54453 2.0
-1.54428 1.9
-1.54404 1.9
-1.54379 1.8
-1.54355 1.6
-1.54331 1.5
-1.54306 1.4
-1.54282 1.3
-1.54257 1.2
-1.54233 1.1
-1.54209 1.0
-1.54184 0.9
-1.5416 0.7
-1.54135 0.6
-1.54111 0.5
-1.54086 0.4
-1.54062 0.3
-1.54038 0.1
-1.54013 0.0
-1.53989 -0.1
-1.53964 -0.2
-1.5394 -0.4
-1.53916 -0.5
-1.53891 -0.6
-1.53867 -0.7
-1.53842 -0.8
-1.53818 -1.0
-1.53794 -1.1
-1.53769 -1.2
-1.53745 -1.3
-1.5372 -1.4
-1.53696 -1.5
-1.53671 -1.6
-1.53647 -1.7
-1.53623 -1.8
-1.53598 -1.9
-1.53574 -2.0
-1.53549 -2.1
-1.53525 -2.2
-1.53501 -2.3
-1.53476 -2.4
-1.53452 -2.4
-1.53427 -2.5
-1.53403 -2.6
-1.53378 -2.7
-1.53354 -2.7
-1.5333 -2.8
-1.53305 -2.8
-1.53281 -2.9
-1.53256 -2.9
-1.53232 -3.0
-1.53208 -3.0
-1.53183 -3.0
-1.53159 -3.1
-1.53134 -3.1
-1.5311 -3.1
-1.53086 -3.1
-1.53061 -3.1
-1.53037 -3.1
-1.53012 -3.1
-1.52988 -3.1
-1.52963 -3.1
-1.52939 -3.1
-1.52915 -3.1
-1.5289 -3.0
-1.52866 -3.0
-1.52841 -3.0
-1.52817 -2.9
-1.52793 -2.9
-1.52768 -2.8
-1.52744 -2.8
-1.52719 -2.7
-1.52695 -2.7
-1.5267 -2.6
-1.52646 -2.5
-1.52622 -2.5
-1.52597 -2.4
-1.52573 -2.3
-1.52548 -2.2
-1.52524 -2.1
-1.525 -2.0
-1.52475 -1.9
-1.52451 -1.8
-1.52426 -1.7
-1.52402 -1.6
-1.52378 -1.5
-1.52353 -1.4
-1.52329 -1.3
-1.52304 -1.2
-1.5228 -1.1
-1.52255 -1.0
-1.52231 -0.8
-1.52207 -0.7
-1.52182 -0.6
-1.52158 -0.5
-1.52133 -0.4
-1.52109 -0.2
-1.52085 -0.1
-1.5206 0.0
-1.52036 0.1
-1.52011 0.3
-1.51987 0.4
-1.51962 0.5
-1.51938 0.6
-1.51914 0.7
-1.51889 0.9
-1.51865 1.0
-1.5184 1.1
-1.51816 1.2
-1.51792 1.3
-1.51767 1.4
-1.51743 1.6
-1.51718 1.7
-1.51694 1.8
-1.5167 1.9
-1.51645 2.0
-1.51621 2.1
-1.51596 2.1
-1.51572 2.2
-1.51547 2.3
-1.51523 2.4
-1.51499 2.5
-1.51474 2.6
-1.5145 2.6
-1.51425 2.7
-1.51401 2.8
-1.51377 2.8
-1.51352 2.9
-1.51328 2.9
-1.51303 3.0
-1.51279 3.0
-1.51254 3.0
-1.5123 3.1
-1.51206 3.1
-1.51181 3.1
-1.51157 3.1
-1.51132 3.1
-1.51108 3.1
-1.51084 3.1
-1.51059 3.1
-1.51035 3.1
-1.5101 3.1
-1.50986 3.1
-1.50961 3.1
-1.50937 3.0
-1.50913 3.0
-1.50888 3.0
-1.50864 2.9
-1.50839 2.9
-1.50815 2.8
-1.50791 2.8
-1.50766 2.7
-1.50742 2.7
-1.50717 2.6
-1.50693 2.5
-1.50669 2.4
-1.50644 2.4
-1.5062 2.3
-1.50595 2.2
-1.50571 2.1
-1.50546 2.0
-1.50522 1.9
-1.50498 1.8
-1.50473 1.7
-1.50449 1.6
-1.50424 1.5
-1.504 1.4
-1.50376 1.3
-1.50351 1.1
-1.50327 1.0
-1.50302 0.9
-1.50278 0.8
-1.50253 0.7
-1.50229 0.5
-1.50205 0.4
-1.5018 0.3
-1.50156 0.2
-1.50131 0.0
-1.50107 0.0
-1.50083 -0.2
-1.50058 -0.3
-1.50034 -0.5
-1.50009 -0.6
-1.49985 -0.7
-1.49961 -0.8
-1.49936 -0.9
-1.49912 -1.1
-1.49887 -1.2
-1.49863 -1.3
-1.49838 -1.4
-1.49814 -1.5
-1.4979 -1.6
-1.49765 -1.7
-1.49741 -1.8
-1.49716 -1.9
-1.49692 -2.0
-1.49668 -2.1
-1.49643 -2.2
-1.49619 -2.3
-1.49594 -2.4
-1.4957 -2.5
-1.49545 -2.5
-1.49521 -2.6
-1.49497 -2.7
-1.49472 -2.7
-1.49448 -2.8
-1.49423 -2.9
-1.49399 -2.9
-1.49375 -3.0
-1.4935 -3.0
-1.49326 -3.0
-1.49301 -3.1
-1.49277 -3.1
-1.49253 -3.1
-1.49228 -3.1
-1.49204 -3.1
-1.49179 -3.1
-1.49155 -3.2
-1.4913 -3.1
-1.49106 -3.1
-1.49082 -3.1
-1.49057 -3.1
-1.49033 -3.1
-1.49008 -3.1
-1.48984 -3.0
-1.4896 -3.0
-1.48935 -2.9
-1.48911 -2.9
-1.48886 -2.9
-1.48862 -2.8
-1.48837 -2.7
-1.48813 -2.7
-1.48789 -2.6
-1.48764 -2.5
-1.4874 -2.5
-1.48715 -2.4
-1.48691 -2.3
-1.48667 -2.2
-1.48642 -2.1
-1.48618 -2.0
-1.48593 -1.9
-1.48569 -1.8
-1.48545 -1.7
-1.4852 -1.6
-1.48496 -1.5
-1.48471 -1.4
-1.48447 -1.3
-1.48422 -1.2
-1.48398 -1.0
-1.48374 -0.9
-1.48349 -0.8
-1.48325 -0.7
-1.483 -0.5
-1.48276 -0.4
-1.48252 -0.3
-1.48227 -0.2
-1.48203 0.0
-1.48178 0.0
-1.48154 0.2
-1.48129 0.3
-1.48105 0.5
-1.48081 0.6
-1.48056 0.7
-1.48032 0.8
-1.48007 0.9
-1.47983 1.1
-1.47959 1.2
-1.47934 1.3
-1.4791 1.4
-1.47885 1.5
-1.47861 1.6
-1.47836 1.7
-1.47812 1.8
-1.47788 1.9
-1.47763 2.0
-1.47739 2.1
-1.47714 2.2
-1.4769 2.3
-1.47666 2.4
-1.47641 2.5
-1.47617 2.6
-1.47592 2.6
-1.47568 2.7
-1.47544 2.8
-1.47519 2.8
-1.47495 2.9
-1.4747 2.9
-1.47446 3.0
-1.47421 3.0
-1.47397 3.0
-1.47373 3.1
-1.47348 3.1
-1.47324 3.1
-1.47299 3.1
-1.47275 3.2
-1.47251 3.2
-1.47226 3.2
-1.47202 3.2
-1.47177 3.1
-1.47153 3.1
-1.47128 3.1
-1.47104 3.1
-1.4708 3.1
-1.47055 3.0
-1.47031 3.0
-1.47006 2.9
-1.46982 2.9
-1.46958 2.8
-1.46933 2.8
-1.46909 2.7
-1.46884 2.7
-1.4686 2.6
-1.46836 2.5
-1.46811 2.4
-1.46787 2.4
-1.46762 2.3
-1.46738 2.2
-1.46713 2.1
-1.46689 2.0
-1.46665 1.9
-1.4664 1.8
-1.46616 1.7
-1.46591 1.6
-1.46567 1.5
-1.46543 1.4
-1.46518 1.2
-1.46494 1.1
-1.46469 1.0
-1.46445 0.9
-1.4642 0.8
-1.46396 0.6
-1.46372 0.5
-1.46347 0.4
-1.46323 0.3
-1.46298 0.1
-1.46274 0.0
-1.4625 -0.1
-1.46225 -0.2
-1.46201 -0.4
-1.46176 -0.5
-1.46152 -0.6
-1.46128 -0.7
-1.46103 -0.9
-1.46079 -1.0
-1.46054 -1.1
-1.4603 -1.2
-1.46005 -1.3
-1.45981 -1.5
-1.45957 -1.6
-1.45932 -1.7
-1.45908 -1.8
-1.45883 -1.9
-1.45859 -2.0
-1.45835 -2.1
-1.4581 -2.2
-1.45786 -2.3
-1.45761 -2.4
-1.45737 -2.4
-1.45712 -2.5
-1.45688 -2.6
-1.45664 -2.7
-1.45639 -2.7
-1.45615 -2.8
-1.4559 -2.9
-1.45566 -2.9
-1.45542 -3.0
-1.45517 -3.0
-1.45493 -3.0
-1.45468 -3.1
-1.45444 -3.1
-1.4542 -3.1
-1.45395 -3.1
-1.45371 -3.2
-1.45346 -3.2
-1.45322 -3.2
-1.45297 -3.2
-1.45273 -3.2
-1.45249 -3.2
-1.45224 -3.1
-1.452 -3.1
-1.45175 -3.1
-1.45151 -3.1
-1.45127 -3.0
-1.45102 -3.0
-1.45078 -2.9
-1.45053 -2.9
-1.45029 -2.8
-1.45004 -2.8
-1.4498 -2.7
-1.44956 -2.6
-1.44931 -2.6
-1.44907 -2.5
-1.44882 -2.4
-1.44858 -2.3
-1.44834 -2.2
-1.44809 -2.1
-1.44785 -2.0
-1.4476 -1.9
-1.44736 -1.8
-1.44711 -1.7
-1.44687 -1.6
-1.44663 -1.5
-1.44638 -1.4
-1.44614 -1.3
-1.44589 -1.2
-1.44565 -1.0
-1.44541 -0.9
-1.44516 -0.8
-1.44492 -0.7
-1.44467 -0.6
-1.44443 -0.4
-1.44419 -0.3
-1.44394 -0.2
-1.4437 0.0
-1.44345 0.0
-1.44321 0.2
-1.44296 0.3
-1.44272 0.5
-1.44248 0.6
-1.44223 0.7
-1.44199 0.8
-1.44174 1.0
-1.4415 1.1
-1.44126 1.2
-1.44101 1.3
-1.44077 1.4
-1.44052 1.5
-1.44028 1.7
-1.44003 1.8
-1.43979 1.9
-1.43955 2.0
-1.4393 2.1
-1.43906 2.2
-1.43881 2.3
-1.43857 2.3
-1.43833 2.4
-1.43808 2.5
-1.43784 2.6
-1.43759 2.7
-1.43735 2.7
-1.43711 2.8
-1.43686 2.8
-1.43662 2.9
-1.43637 3.0
-1.43613 3.0
-1.43588 3.0
-1.43564 3.1
-1.4354 3.1
-1.43515 3.1
-1.43491 3.1
-1.43466 3.2
-1.43442 3.2
-1.43418 3.2
-1.43393 3.2
-1.43369 3.2
-1.43344 3.2
-1.4332 3.1
-1.43295 3.1
-1.43271 3.1
-1.43247 3.1
-1.43222 3.0
-1.43198 3.0
-1.43173 2.9
-1.43149 2.9
-1.43125 2.8
-1.431 2.8
-1.43076 2.7
-1.43051 2.6
-1.43027 2.6
-1.43003 2.5
-1.42978 2.4
-1.42954 2.3
-1.42929 2.2
-1.42905 2.1
-1.4288 2.0
-1.42856 1.9
-1.42832 1.8
-1.42807 1.7
-1.42783 1.6
-1.42758 1.5
-1.42734 1.4
-1.4271 1.3
-1.42685 1.2
-1.42661 1.0
-1.42636 0.9
-1.42612 0.8
-1.42587 0.7
-1.42563 0.6
-1.42539 0.4
-1.42514 0.3
-1.4249 0.2
-1.42465 0.0
-1.42441 0.0
-1.42417 -0.2
-1.42392 -0.3
-1.42368 -0.5
-1.42343 -0.6
-1.42319 -0.7
-1.42295 -0.9
-1.4227 -1.0
-1.42246 -1.1
-1.42221 -1.2
-1.42197 -1.3
-1.42172 -1.4
-1.42148 -1.6
-1.42124 -1.7
-1.42099 -1.8
-1.42075 -1.9
-1.4205 -2.0
-1.42026 -2.1
-1.42002 -2.2
-1.41977 -2.3
-1.41953 -2.4
-1.41928 -2.5
-1.41904 -2.5
-1.41879 -2.6
-1.41855 -2.7
-1.41831 -2.7
-1.41806 -2.8
-1.41782 -2.9
-1.41757 -2.9
-1.41733 -3.0
-1.41709 -3.0
-1.41684 -3.1
-1.4166 -3.1
-1.41635 -3.1
-1.41611 -3.1
-1.41586 -3.2
-1.41562 -3.2
-1.41538 -3.2
-1.41513 -3.2
-1.41489 -3.2
-1.41464 -3.2
-1.4144 -3.2
-1.41416 -3.2
-1.41391 -3.1
-1.41367 -3.1
-1.41342 -3.1
-1.41318 -3.0
-1.41294 -3.0
-1.41269 -2.9
-1.41245 -2.9
-1.4122 -2.8
-1.41196 -2.8
-1.41171 -2.7
-1.41147 -2.6
-1.41123 -2.6
-1.41098 -2.5
-1.41074 -2.4
-1.41049 -2.3
-1.41025 -2.2
-1.41001 -2.1
-1.40976 -2.0
-1.40952 -1.9
-1.40927 -1.8
-1.40903 -1.7
-1.40878 -1.6
-1.40854 -1.5
-1.4083 -1.4
-1.40805 -1.2
-1.40781 -1.1
-1.40756 -1.0
-1.40732 -0.9
-1.40708 -0.8
-1.40683 -0.6
-1.40659 -0.5
-1.40634 -0.4
-1.4061 -0.2
-1.40586 -0.1
-1.40561 0.0
-1.40537 0.1
-1.40512 0.3
-1.40488 0.4
-1.40463 0.5
-1.40439 0.7
-1.40415 0.8
-1.4039 0.9
-1.40366 1.0
-1.40341 1.2
-1.40317 1.3
-1.40293 1.4
-1.40268 1.5
-1.40244 1.6
-1.40219 1.7
-1.40195 1.8
-1.4017 1.9
-1.40146 2.0
-1.40122 2.1
-1.40097 2.2
-1.40073 2.3
-1.40048 2.4
-1.40024 2.5
-1.4 2.6
-1.39975 2.7
-1.39951 2.7
-1.39926 2.8
-1.39902 2.9
-1.39878 2.9
-1.39853 3.0
-1.39829 3.0
-1.39804 3.0
-1.3978 3.1
-1.39755 3.1
-1.39731 3.1
-1.39707 3.2
-1.39682 3.2
-1.39658 3.2
-1.39633 3.2
-1.39609 3.2
-1.39585 3.2
-1.3956 3.2
-1.39536 3.2
-1.39511 3.1
-1.39487 3.1
-1.39462 3.1
-1.39438 3.1
-1.39414 3.0
-1.39389 3.0
-1.39365 2.9
-1.3934 2.9
-1.39316 2.8
-1.39292 2.7
-1.39267 2.7
-1.39243 2.6
-1.39218 2.5
-1.39194 2.4
-1.3917 2.3
-1.39145 2.2
-1.39121 2.2
-1.39096 2.1
-1.39072 2.0
-1.39047 1.8
-1.39023 1.7
-1.38999 1.6
-1.38974 1.5
-1.3895 1.4
-1.38925 1.3
-1.38901 1.2
-1.38877 1.0
-1.38852 0.9
-1.38828 0.8
-1.38803 0.7
-1.38779 0.5
-1.38754 0.4
-1.3873 0.3
-1.38706 0.1
-1.38681 0.0
-1.38657 -0.1
-1.38632 -0.2
-1.38608 -0.4
-1.38584 -0.5
-1.38559 -0.6
-1.38535 -0.8
-1.3851 -0.9
-1.38486 -1.0
-1.38461 -1.1
-1.38437 -1.3
-1.38413 -1.4
-1.38388 -1.5
-1.38364 -1.6
-1.38339 -1.7
-1.38315 -1.8
-1.38291 -1.9
-1.38266 -2.0
-1.38242 -2.1
-1.38217 -2.2
-1.38193 -2.3
-1.38169 -2.4
-1.38144 -2.5
-1.3812 -2.6
-1.38095 -2.7
-1.38071 -2.7
-1.38046 -2.8
-1.38022 -2.9
-1.37998 -2.9
-1.37973 -3.0
-1.37949 -3.0
-1.37924 -3.1
-1.379 -3.1
-1.37876 -3.1
-1.37851 -3.2
-1.37827 -3.2
-1.37802 -3.2
-1.37778 -3.2
-1.37753 -3.2
-1.37729 -3.2
-1.37705 -3.2
-1.3768 -3.2
-1.37656 -3.2
-1.37631 -3.2
-1.37607 -3.1
-1.37583 -3.1
-1.37558 -3.1
-1.37534 -3.0
-1.37509 -3.0
-1.37485 -2.9
-1.37461 -2.9
-1.37436 -2.8
-1.37412 -2.7
-1.37387 -2.7
-1.37363 -2.6
-1.37338 -2.5
-1.37314 -2.4
-1.3729 -2.3
-1.37265 -2.2
-1.37241 -2.2
-1.37216 -2.1
-1.37192 -2.0
-1.37168 -1.8
-1.37143 -1.7
-1.37119 -1.6
-1.37094 -1.5
-1.3707 -1.4
-1.37045 -1.3
-1.37021 -1.1
-1.36997 -1.0
-1.36972 -0.9
-1.36948 -0.8
-1.36923 -0.6
-1.36899 -0.5
-1.36875 -0.4
-1.3685 -0.3
-1.36826 -0.1
-1.36801 0.0
-1.36777 0.1
-1.36753 0.3
-1.36728 0.4
-1.36704 0.5
-1.36679 0.7
-1.36655 0.8
-1.3663 0.9
-1.36606 1.0
-1.36582 1.2
-1.36557 1.3
-1.36533 1.4
-1.36508 1.5
-1.36484 1.6
-1.3646 1.8
-1.36435 1.9
-1.36411 2.0
-1.36386 2.1
-1.36362 2.2
-1.36337 2.3
-1.36313 2.4
-1.36289 2.4
-1.36264 2.5
-1.3624 2.6
-1.36215 2.7
-1.36191 2.8
-1.36167 2.8
-1.36142 2.9
-1.36118 2.9
-1.36093 3.0
-1.36069 3.0
-1.36045 3.1
-1.3602 3.1
-1.35996 3.1
-1.35971 3.2
-1.35947 3.2
-1.35922 3.2
-1.35898 3.2
-1.35874 3.2
-1.35849 3.2
-1.35825 3.2
-1.358 3.2
-1.35776 3.2
-1.35752 3.2
-1.35727 3.1
-1.35703 3.1
-1.35678 3.1
-1.35654 3.0
-1.35629 3.0
-1.35605 2.9
-1.35581 2.8
-1.35556 2.8
-1.35532 2.7
-1.35507 2.6
-1.35483 2.6
-1.35459 2.5
-1.35434 2.4
-1.3541 2.3
-1.35385 2.2
-1.35361 2.1
-1.35336 2.0
-1.35312 1.9
-1.35288 1.8
-1.35263 1.7
-1.35239 1.6
-1.35214 1.5
-1.3519 1.3
-1.35166 1.2
-1.35141 1.1
-1.35117 1.0
-1.35092 0.8
-1.35068 0.7
-1.35044 0.6
-1.35019 0.4
-1.34995 0.3
-1.3497 0.2
-1.34946 0.0
-1.34921 0.0
-1.34897 -0.2
-1.34873 -0.3
-1.34848 -0.5
-1.34824 -0.6
-1.34799 -0.7
-1.34775 -0.9
-1.34751 -1.0
-1.34726 -1.1
-1.34702 -1.2
-1.34677 -1.4
-1.34653 -1.5
-1.34628 -1.6
-1.34604 -1.7
-1.3458 -1.8
-1.34555 -1.9
-1.34531 -2.0
-1.34506 -2.1
-1.34482 -2.2
-1.34458 -2.3
-1.34433 -2.4
-1.34409 -2.5
-1.34384 -2.6
-1.3436 -2.7
-1.34336 -2.7
-1.34311 -2.8
-1.34287 -2.9
-1.34262 -2.9
-1.34238 -3.0
-1.34213 -3.0
-1.34189 -3.1
-1.34165 -3.1
-1.3414 -3.1
-1.34116 -3.2
-1.34091 -3.2
-1.34067 -3.2
-1.34043 -3.2
-1.34018 -3.2
-1.33994 -3.2
-1.33969 -3.2
-1.33945 -3.2
-1.3392 -3.2
-1.33896 -3.2
-1.33872 -3.1
-1.33847 -3.1
-1.33823 -3.1
-1.33798 -3.0
-1.33774 -3.0
-1.3375 -2.9
-1.33725 -2.9
-1.33701 -2.8
-1.33676 -2.7
-1.33652 -2.7
-1.33628 -2.6
-1.33603 -2.5
-1.33579 -2.4
-1.33554 -2.3
-1.3353 -2.2
-1.33505 -2.1
-1.33481 -2.0
-1.33457 -1.9
-1.33432 -1.8
-1.33408 -1.7
-1.33383 -1.6
-1.33359 -1.5
-1.33335 -1.4
-1.3331 -1.2
-1.33286 -1.1
-1.33261 -1.0
-1.33237 -0.9
-1.33212 -0.7
-1.33188 -0.6
-1.33164 -0.5
-1.33139 -0.3
-1.33115 -0.2
-1.3309 0.0
-1.33066 0.0
-1.33042 0.2
-1.33017 0.3
-1.32993 0.5
-1.32968 0.6
-1.32944 0.7
-1.3292 0.9
-1.32895 1.0
-1.32871 1.1
-1.32846 1.2
-1.32822 1.4
-1.32797 1.5
-1.32773 1.6
-1.32749 1.7
-1.32724 1.8
-1.327 1.9
-1.32675 2.0
-1.32651 2.1
-1.32627 2.2
-1.32602 2.3
-1.32578 2.4
-1.32553 2.5
-1.32529 2.6
-1.32504 2.7
-1.3248 2.8
-1.32456 2.8
-1.32431 2.9
-1.32407 2.9
-1.32382 3.0
-1.32358 3.0
-1.32334 3.1
-1.32309 3.1
-1.32285 3.2
-1.3226 3.2
-1.32236 3.2
-1.32211 3.2
-1.32187 3.2
-1.32163 3.2
-1.32138 3.2
-1.32114 3.2
-1.32089 3.2
-1.32065 3.2
-1.32041 3.2
-1.32016 3.2
-1.31992 3.1
-1.31967 3.1
-1.31943 3.0
-1.31919 3.0
-1.31894 2.9
-1.3187 2.9
-1.31845 2.8
-1.31821 2.7
-1.31796 2.7
-1.31772 2.6
-1.31748 2.5
-1.31723 2.4
-1.31699 2.3
-1.31674 2.2
-1.3165 2.1
-1.31626 2.0
-1.31601 1.9
-1.31577 1.8
-1.31552 1.7
-1.31528 1.6
-1.31503 1.5
-1.31479 1.3
-1.31455 1.2
-1.3143 1.1
-1.31406 1.0
-1.31381 0.8
-1.31357 0.7
-1.31333 0.6
-1.31308 0.4
-1.31284 0.3
-1.31259 0.2
-1.31235 0.0
-1.31211 -0.1
-1.31186 -0.2
-1.31162 -0.4
-1.31137 -0.5
-1.31113 -0.6
-1.31088 -0.8
-1.31064 -0.9
-1.3104 -1.0
-1.31015 -1.2
-1.30991 -1.3
-1.30966 -1.4
-1.30942 -1.5
-1.30918 -1.7
-1.30893 -1.8
-1.30869 -1.9
-1.30844 -2.0
-1.3082 -2.1
-1.30795 -2.2
-1.30771 -2.3
-1.30747 -2.4
-1.30722 -2.5
-1.30698 -2.6
-1.30673 -2.6
-1.30649 -2.7
-1.30625 -2.8
-1.306 -2.9
-1.30576 -2.9
-1.30551 -3.0
-1.30527 -3.0
-1.30503 -3.1
-1.30478 -3.1
-1.30454 -3.2
-1.30429 -3.2
-1.30405 -3.2
-1.3038 -3.2
-1.30356 -3.2
-1.30332 -3.2
-1.30307 -3.3
-1.30283 -3.2
-1.30258 -3.2
-1.30234 -3.2
-1.3021 -3.2
-1.30185 -3.2
-1.30161 -3.1
-1.30136 -3.1
-1.30112 -3.1
-1.30087 -3.0
-1.30063 -3.0
-1.30039 -2.9
-1.30014 -2.8
-1.2999 -2.8
-1.29965 -2.7
-1.29941 -2.6
-1.29917 -2.5
-1.29892 -2.5
-1.29868 -2.4
-1.29843 -2.3
-1.29819 -2.2
-1.29795 -2.1
-1.2977 -2.0
-1.29746 -1.9
-1.29721 -1.7
-1.29697 -1.6
-1.29672 -1.5
-1.29648 -1.4
-1.29624 -1.3
-1.29599 -1.1
-1.29575 -1.0
-1.2955 -0.9
-1.29526 -0.7
-1.29502 -0.6
-1.29477 -0.5
-1.29453 -0.3
-1.29428 -0.2
-1.29404 0.0
-1.29379 0.0
-1.29355 0.2
-1.29331 0.3
-1.29306 0.5
-1.29282 0.6
-1.29257 0.7
-1.29233 0.9
-1.29209 1.0
-1.29184 1.1
-1.2916 1.3
-1.29135 1.4
-1.29111 1.5
-1.29086 1.6
-1.29062 1.7
-1.29038 1.9
-1.29013 2.0
-1.28989 2.1
-1.28964 2.2
-1.2894 2.3
-1.28916 2.4
-1.28891 2.5
-1.28867 2.6
-1.28842 2.6
-1.28818 2.7
-1.28794 2.8
-1.28769 2.9
-1.28745 2.9
-1.2872 3.0
-1.28696 3.0
-1.28671 3.1
-1.28647 3.1
-1.28623 3.2
-1.28598 3.2
-1.28574 3.2
-1.28549 3.2
-1.28525 3.2
-1.28501 3.3
-1.28476 3.3
-1.28452 3.3
-1.28427 3.3
-1.28403 3.2
-1.28378 3.2
-1.28354 3.2
-1.2833 3.2
-1.28305 3.1
-1.28281 3.1
-1.28256 3.0
-1.28232 3.0
-1.28208 2.9
-1.28183 2.9
-1.28159 2.8
-1.28134 2.7
-1.2811 2.6
-1.28086 2.6
-1.28061 2.5
-1.28037 2.4
-1.28012 2.3
-1.27988 2.2
-1.27963 2.1
-1.27939 2.0
-1.27915 1.9
-1.2789 1.7
-1.27866 1.6
-1.27841 1.5
-1.27817 1.4
-1.27793 1.3
-1.27768 1.1
-1.27744 1.0
-1.27719 0.9
-1.27695 0.7
-1.2767 0.6
-1.27646 0.5
-1.27622 0.3
-1.27597 0.2
-1.27573 0.0
-1.27548 0.0
-1.27524 -0.2
-1.275 -0.3
-1.27475 -0.5
-1.27451 -0.6
-1.27426 -0.8
-1.27402 -0.9
-1.27378 -1.0
-1.27353 -1.1
-1.27329 -1.3
-1.27304 -1.4
-1.2728 -1.5
-1.27255 -1.6
-1.27231 -1.8
-1.27207 -1.9
-1.27182 -2.0
-1.27158 -2.1
-1.27133 -2.2
-1.27109 -2.3
-1.27085 -2.4
-1.2706 -2.5
-1.27036 -2.6
-1.27011 -2.7
-1.26987 -2.7
-1.26962 -2.8
-1.26938 -2.9
-1.26914 -2.9
-1.26889 -3.0
-1.26865 -3.0
-1.2684 -3.1
-1.26816 -3.1
-1.26792 -3.2
-1.26767 -3.2
-1.26743 -3.2
-1.26718 -3.2
-1.26694 -3.3
-1.2667 -3.3
-1.26645 -3.3
-1.26621 -3.3
-1.26596 -3.3
-1.26572 -3.2
-1.26547 -3.2
-1.26523 -3.2
-1.26499 -3.2
-1.26474 -3.1
-1.2645 -3.1
-1.26425 -3.0
-1.26401 -3.0
-1.26377 -2.9
-1.26352 -2.9
-1.26328 -2.8
-1.26303 -2.7
-1.26279 -2.6
-1.26254 -2.5
-1.2623 -2.5
-1.26206 -2.4
-1.26181 -2.3
-1.26157 -2.2
-1.26132 -2.1
-1.26108 -1.9
-1.26084 -1.8
-1.26059 -1.7
-1.26035 -1.6
-1.2601 -1.5
-1.25986 -1.3
-1.25961 -1.2
-1.25937 -1.1
-1.25913 -1.0
-1.25888 -0.8
-1.25864 -0.7
-1.25839 -0.6
-1.25815 -0.4
-1.25791 -0.3
-1.25766 -0.1
-1.25742 0.0
-1.25717 0.1
-1.25693 0.3
-1.25669 0.4
-1.25644 0.5
-1.2562 0.7
-1.25595 0.8
-1.25571 1.0
-1.25546 1.1
-1.25522 1.2
-1.25498 1.3
-1.25473 1.5
-1.25449 1.6
-1.25424 1.7
-1.254 1.8
-1.25376 1.9
-1.25351 2.0
-1.25327 2.2
-1.25302 2.3
-1.25278 2.4
-1.25253 2.5
-1.25229 2.5
-1.25205 2.6
-1.2518 2.7
-1.25156 2.8
-1.25131 2.9
-1.25107 2.9
-1.25083 3.0
-1.25058 3.0
-1.25034 3.1
-1.25009 3.1
-1.24985 3.2
-1.24961 3.2
-1.24936 3.2
-1.24912 3.3
-1.24887 3.3
-1.24863 3.3
-1.24838 3.3
-1.24814 3.3
-1.2479 3.3
-1.24765 3.3
-1.24741 3.2
-1.24716 3.2
-1.24692 3.2
-1.24668 3.1
-1.24643 3.1
-1.24619 3.1
-1.24594 3.0
-1.2457 2.9
-1.24545 2.9
-1.24521 2.8
-1.24497 2.7
-1.24472 2.7
-1.24448 2.6
-1.24423 2.5
-1.24399 2.4
-1.24375 2.3
-1.2435 2.2
-1.24326 2.1
-1.24301 2.0
-1.24277 1.9
-1.24253 1.7
-1.24228 1.6
-1.24204 1.5
-1.24179 1.4
-1.24155 1.3
-1.2413 1.1
-1.24106 1.0
-1.24082 0.9
-1.24057 0.7
-1.24033 0.6
-1.24008 0.4
-1.23984 0.3
-1.2396 0.2
-1.23935 0.0
-1.23911 -0.1
-1.23886 -0.2
-1.23862 -0.4
-1.23837 -0.5
-1.23813 -0.7
-1.23789 -0.8
-1.23764 -0.9
-1.2374 -1.1
-1.23715 -1.2
-1.23691 -1.3
-1.23667 -1.5
-1.23642 -1.6
-1.23618 -1.7
-1.23593 -1.8
-1.23569 -1.9
-1.23545 -2.0
-1.2352 -2.2
-1.23496 -2.3
-1.23471 -2.4
-1.23447 -2.5
-1.23422 -2.5
-1.23398 -2.6
-1.23374 -2.7
-1.23349 -2.8
-1.23325 -2.9
-1.233 -2.9
-1.23276 -3.0
-1.23252 -3.0
-1.23227 -3.1
-1.23203 -3.1
-1.23178 -3.2
-1.23154 -3.2
-1.23129 -3.2
-1.23105 -3.3
-1.23081 -3.3
-1.23056 -3.3
-1.23032 -3.3
-1.23007 -3.3
-1.22983 -3.3
-1.22959 -3.3
-1.22934 -3.3
-1.2291 -3.2
-1.22885 -3.2
-1.22861 -3.2
-1.22836 -3.1
-1.22812 -3.1
-1.22788 -3.0
-1.22763 -3.0
-1.22739 -2.9
-1.22714 -2.8
-1.2269 -2.7
-1.22666 -2.7
-1.22641 -2.6
-1.22617 -2.5
-1.22592 -2.4
-1.22568 -2.3
-1.22544 -2.2
-1.22519 -2.1
-1.22495 -2.0
-1.2247 -1.9
-1.22446 -1.7
-1.22421 -1.6
-1.22397 -1.5
-1.22373 -1.4
-1.22348 -1.2
-1.22324 -1.1
-1.22299 -1.0
-1.22275 -0.8
-1.22251 -0.7
-1.22226 -0.6
-1.22202 -0.4
-1.22177 -0.3
-1.22153 -0.1
-1.22128 0.0
-1.22104 0.1
-1.2208 0.3
-1.22055 0.4
-1.22031 0.6
-1.22006 0.7
-1.21982 0.8
-1.21958 1.0
-1.21933 1.1
-1.21909 1.2
-1.21884 1.4
-1.2186 1.5
-1.21836 1.6
-1.21811 1.7
-1.21787 1.9
-1.21762 2.0
-1.21738 2.1
-1.21713 2.2
-1.21689 2.3
-1.21665 2.4
-1.2164 2.5
-1.21616 2.6
-1.21591 2.7
-1.21567 2.7
-1.21543 2.8
-1.21518 2.9
-1.21494 3.0
-1.21469 3.0
-1.21445 3.1
-1.2142 3.1
-1.21396 3.2
-1.21372 3.2
-1.21347 3.2
-1.21323 3.3
-1.21298 3.3
-1.21274 3.3
-1.2125 3.3
-1.21225 3.3
-1.21201 3.3
-1.21176 3.3
-1.21152 3.3
-1.21128 3.3
-1.21103 3.2
-1.21079 3.2
-1.21054 3.2
-1.2103 3.1
-1.21005 3.1
-1.20981 3.0
-1.20957 2.9
-1.20932 2.9
-1.20908 2.8
-1.20883 2.7
-1.20859 2.6
-1.20835 2.5
-1.2081 2.5
-1.20786 2.4
-1.20761 2.3
-1.20737 2.1
-1.20712 2.0
-1.20688 1.9
-1.20664 1.8
-1.20639 1.7
-1.20615 1.6
-1.2059 1.4
-1.20566 1.3
-1.20542 1.2
-1.20517 1.0
-1.20493 0.9
-1.20468 0.8
-1.20444 0.6
-1.2042 0.5
-1.20395 0.3
-1.20371 0.2
-1.20346 0.0
-1.20322 0.0
-1.20297 -0.2
-1.20273 -0.4
-1.20249 -0.5
-1.20224 -0.6
-1.202 -0.8
-1.20175 -0.9
-1.20151 -1.1
-1.20127 -1.2
-1.20102 -1.3
-1.20078 -1.4
-1.20053 -1.6
-1.20029 -1.7
-1.20004 -1.8
-1.1998 -1.9
-1.19956 -2.1
-1.19931 -2.2
-1.19907 -2.3
-1.19882 -2.4
-1.19858 -2.5
-1.19834 -2.6
-1.19809 -2.6
-1.19785 -2.7
-1.1976 -2.8
-1.19736 -2.9
-1.19711 -2.9
-1.19687 -3.0
-1.19663 -3.1
-1.19638 -3.1
-1.19614 -3.2
-1.19589 -3.2
-1.19565 -3.2
-1.19541 -3.3
-1.19516 -3.3
-1.19492 -3.3
-1.19467 -3.3
-1.19443 -3.3
-1.19419 -3.3
-1.19394 -3.3
-1.1937 -3.3
-1.19345 -3.3
-1.19321 -3.2
-1.19296 -3.2
-1.19272 -3.2
-1.19248 -3.1
-1.19223 -3.1
-1.19199 -3.0
-1.19174 -3.0
-1.1915 -2.9
-1.19126 -2.8
-1.19101 -2.7
-1.19077 -2.7
-1.19052 -2.6
-1.19028 -2.5
-1.19003 -2.4
-1.18979 -2.3
-1.18955 -2.2
-1.1893 -2.1
-1.18906 -1.9
-1.18881 -1.8
-1.18857 -1.7
-1.18833 -1.6
-1.18808 -1.5
-1.18784 -1.3
-1.18759 -1.2
-1.18735 -1.1
-1.18711 -0.9
-1.18686 -0.8
-1.18662 -0.6
-1.18637 -0.5
-1.18613 -0.4
-1.18588 -0.2
-1.18564 0.0
-1.1854 0.0
-1.18515 0.2
-1.18491 0.4
-1.18466 0.5
-1.18442 0.6
-1.18418 0.8
-1.18393 0.9
-1.18369 1.1
-1.18344 1.2
-1.1832 1.3
-1.18295 1.5
-1.18271 1.6
-1.18247 1.7
-1.18222 1.8
-1.18198 1.9
-1.18173 2.1
-1.18149 2.2
-1.18125 2.3
-1.181 2.4
-1.18076 2.5
-1.18051 2.6
-1.18027 2.7
-1.18003 2.7
-1.17978 2.8
-1.17954 2.9
-1.17929 3.0
-1.17905 3.0
-1.1788 3.1
-1.17856 3.1
-1.17832 3.2
-1.17807 3.2
-1.17783 3.3
-1.17758 3.3
-1.17734 3.3
-1.1771 3.3
-1.17685 3.3
-1.17661 3.3
-1.17636 3.3
-1.17612 3.3
-1.17587 3.3
-1.17563 3.3
-1.17539 3.2
-1.17514 3.2
-1.1749 3.2
-1.17465 3.1
-1.17441 3.1
-1.17417 3.0
-1.17392 3.0
-1.17368 2.9
-1.17343 2.8
-1.17319 2.7
-1.17295 2.6
-1.1727 2.6
-1.17246 2.5
-1.17221 2.4
-1.17197 2.3
-1.17172 2.1
-1.17148 2.0
-1.17124 1.9
-1.17099 1.8
-1.17075 1.7
-1.1705 1.5
-1.17026 1.4
-1.17002 1.3
-1.16977 1.2
-1.16953 1.0
-1.16928 0.9
-1.16904 0.7
-1.16879 0.6
-1.16855 0.5
-1.16831 0.3
-1.16806 0.2
-1.16782 0.0
-1.16757 -0.1
-1.16733 -0.3
-1.16709 -0.4
-1.16684 -0.6
-1.1666 -0.7
-1.16635 -0.8
-1.16611 -1.0
-1.16586 -1.1
-1.16562 -1.3
-1.16538 -1.4
-1.16513 -1.5
-1.16489 -1.6
-1.16464 -1.8
-1.1644 -1.9
-1.16416 -2.0
-1.16391 -2.1
-1.16367 -2.2
-1.16342 -2.3
-1.16318 -2.4
-1.16294 -2.5
-1.16269 -2.6
-1.16245 -2.7
-1.1622 -2.8
-1.16196 -2.9
-1.16171 -2.9
-1.16147 -3.0
-1.16123 -3.1
-1.16098 -3.1
-1.16074 -3.2
-1.16049 -3.2
-1.16025 -3.3
-1.16001 -3.3
-1.15976 -3.3
-1.15952 -3.3
-1.15927 -3.3
-1.15903 -3.3
-1.15878 -3.3
-1.15854 -3.3
-1.1583 -3.3
-1.15805 -3.3
-1.15781 -3.3
-1.15756 -3.2
-1.15732 -3.2
-1.15708 -3.2
-1.15683 -3.1
-1.15659 -3.0
-1.15634 -3.0
-1.1561 -2.9
-1.15586 -2.8
-1.15561 -2.8
-1.15537 -2.7
-1.15512 -2.6
-1.15488 -2.5
-1.15463 -2.4
-1.15439 -2.3
-1.15415 -2.2
-1.1539 -2.1
-1.15366 -2.0
-1.15341 -1.8
-1.15317 -1.7
-1.15293 -1.6
-1.15268 -1.5
-1.15244 -1.3
-1.15219 -1.2
-1.15195 -1.1
-1.1517 -0.9
-1.15146 -0.8
-1.15122 -0.6
-1.15097 -0.5
-1.15073 -0.3
-1.15048 -0.2
-1.15024 0.0
-1.15 0.0
-1.14975 0.2
-1.14951 0.4
-1.14926 0.5
-1.14902 0.7
-1.14878 0.8
-1.14853 1.0
-1.14829 1.1
-1.14804 1.2
-1.1478 1.4
-1.14755 1.5
-1.14731 1.6
-1.14707 1.7
-1.14682 1.9
-1.14658 2.0
-1.14633 2.1
-1.14609 2.2
-1.14585 2.3
-1.1456 2.4
-1.14536 2.5
-1.14511 2.6
-1.14487 2.7
-1.14462 2.8
-1.14438 2.9
-1.14414 2.9
-1.14389 3.0
-1.14365 3.1
-1.1434 3.1
-1.14316 3.2
-1.14292 3.2
-1.14267 3.3
-1.14243 3.3
-1.14218 3.3
-1.14194 3.3
-1.1417 3.3
-1.14145 3.4
-1.14121 3.4
-1.14096 3.3
-1.14072 3.3
-1.14047 3.3
-1.14023 3.3
-1.13999 3.3
-1.13974 3.2
-1.1395 3.2
-1.13925 3.1
-1.13901 3.1
-1.13877 3.0
-1.13852 2.9
-1.13828 2.9
-1.13803 2.8
-1.13779 2.7
-1.13754 2.6
-1.1373 2.5
-1.13706 2.4
-1.13681 2.3
-1.13657 2.2
-1.13632 2.1
-1.13608 2.0
-1.13584 1.8
-1.13559 1.7
-1.13535 1.6
-1.1351 1.5
-1.13486 1.3
-1.13461 1.2
-1.13437 1.1
-1.13413 0.9
-1.13388 0.8
-1.13364 0.6
-1.13339 0.5
-1.13315 0.3
-1.13291 0.2
-1.13266 0.0
-1.13242 -0.1
-1.13217 -0.3
-1.13193 -0.4
-1.13169 -0.5
-1.13144 -0.7
-1.1312 -0.8
-1.13095 -1.0
-1.13071 -1.1
-1.13046 -1.3
-1.13022 -1.4
-1.12998 -1.5
-1.12973 -1.7
-1.12949 -1.8
-1.12924 -1.9
-1.129 -2.0
-1.12876 -2.1
-1.12851 -2.3
-1.12827 -2.4
-1.12802 -2.5
-1.12778 -2.6
-1.12753 -2.7
-1.12729 -2.7
-1.12705 -2.8
-1.1268 -2.9
-1.12656 -3.0
-1.12631 -3.0
-1.12607 -3.1
-1.12583 -3.2
-1.12558 -3.2
-1.12534 -3.2
-1.12509 -3.3
-1.12485 -3.3
-1.12461 -3.3
-1.12436 -3.3
-1.12412 -3.4
-1.12387 -3.4
-1.12363 -3.4
-1.12338 -3.4
-1.12314 -3.3
-1.1229 -3.3
-1.12265 -3.3
-1.12241 -3.3
-1.12216 -3.2
-1.12192 -3.2
-1.12168 -3.1
-1.12143 -3.0
-1.12119 -3.0
-1.12094 -2.9
-1.1207 -2.8
-1.12045 -2.8
-1.12021 -2.7
-1.11997 -2.6
-1.11972 -2.5
-1.11948 -2.4
-1.11923 -2.3
-1.11899 -2.2
-1.11875 -2.0
-1.1185 -1.9
-1.11826 -1.8
-1.11801 -1.7
-1.11777 -1.5
-1.11753 -1.4
-1.11728 -1.3
-1.11704 -1.1
-1.11679 -1.0
-1.11655 -0.8
-1.1163 -0.7
-1.11606 -0.6
-1.11582 -0.4
-1.11557 -0.3
-1.11533 -0.1
-1.11508 0.0
-1.11484 0.2
-1.1146 0.3
-1.11435 0.5
-1.11411 0.6
-1.11386 0.8
-1.11362 0.9
-1.11337 1.1
-1.11313 1.2
-1.11289 1.3
-1.11264 1.5
-1.1124 1.6
-1.11215 1.7
-1.11191 1.9
-1.11167 2.0
-1.11142 2.1
-1.11118 2.2
-1.11093 2.3
-1.11069 2.4
-1.11045 2.5
-1.1102 2.6
-1.10996 2.7
-1.10971 2.8
-1.10947 2.9
-1.10922 3.0
-1.10898 3.0
-1.10874 3.1
-1.10849 3.1
-1.10825 3.2
-1.108 3.2
-1.10776 3.3
-1.10752 3.3
-1.10727 3.3
-1.10703 3.4
-1.10678 3.4
-1.10654 3.4
-1.10629 3.4
-1.10605 3.4
-1.10581 3.4
-1.10556 3.3
-1.10532 3.3
-1.10507 3.3
-1.10483 3.2
-1.10459 3.2
-1.10434 3.1
-1.1041 3.1
-1.10385 3.0
-1.10361 2.9
-1.10336 2.9
-1.10312 2.8
-1.10288 2.7
-1.10263 2.6
-1.10239 2.5
-1.10214 2.4
-1.1019 2.3
-1.10166 2.2
-1.10141 2.1
-1.10117 1.9
-1.10092 1.8
-1.10068 1.7
-1.10044 1.6
-1.10019 1.4
-1.09995 1.3
-1.0997 1.1
-1.09946 1.0
-1.09921 0.9
-1.09897 0.7
-1.09873 0.6
-1.09848 0.4
-1.09824 0.3
-1.09799 0.1
-1.09775 0.0
-1.09751 -0.2
-1.09726 -0.3
-1.09702 -0.5
-1.09677 -0.6
-1.09653 -0.8
-1.09628 -0.9
-1.09604 -1.1
-1.0958 -1.2
-1.09555 -1.3
-1.09531 -1.5
-1.09506 -1.6
-1.09482 -1.7
-1.09458 -1.9
-1.09433 -2.0
-1.09409 -2.1
-1.09384 -2.2
-1.0936 -2.3
-1.09336 -2.4
-1.09311 -2.5
-1.09287 -2.6
-1.09262 -2.7
-1.09238 -2.8
-1.09213 -2.9
-1.09189 -3.0
-1.09165 -3.0
-1.0914 -3.1
-1.09116 -3.2
-1.09091 -3.2
-1.09067 -3.3
-1.09043 -3.3
-1.09018 -3.3
-1.08994 -3.4
-1.08969 -3.4
-1.08945 -3.4
-1.0892 -3.4
-1.08896 -3.4
-1.08872 -3.4
-1.08847 -3.4
-1.08823 -3.3
-1.08798 -3.3
-1.08774 -3.3
-1.0875 -3.2
-1.08725 -3.2
-1.08701 -3.1
-1.08676 -3.1
-1.08652 -3.0
-1.08628 -2.9
-1.08603 -2.9
-1.08579 -2.8
-1.08554 -2.7
-1.0853 -2.6
-1.08505 -2.5
-1.08481 -2.4
-1.08457 -2.3
-1.08432 -2.2
-1.08408 -2.0
-1.08383 -1.9
-1.08359 -1.8
-1.08335 -1.7
-1.0831 -1.5
-1.08286 -1.4
-1.08261 -1.3
-1.08237 -1.1
-1.08212 -1.0
-1.08188 -0.8
-1.08164 -0.7
-1.08139 -0.5
-1.08115 -0.4
-1.0809 -0.2
-1.08066 0.0
-1.08042 0.0
-1.08017 0.2
-1.07993 0.4
-1.07968 0.5
-1.07944 0.7
-1.0792 0.8
-1.07895 1.0
-1.07871 1.1
-1.07846 1.3
-1.07822 1.4
-1.07797 1.5
-1.07773 1.7
-1.07749 1.8
-1.07724 1.9
-1.077 2.0
-1.07675 2.2
-1.07651 2.3
-1.07627 2.4
-1.07602 2.5
-1.07578 2.6
-1.07553 2.7
-1.07529 2.8
-1.07504 2.9
-1.0748 2.9
-1.07456 3.0
-1.07431 3.1
-1.07407 3.1
-1.07382 3.2
-1.07358 3.2
-1.07334 3.3
-1.07309 3.3
-1.07285 3.4
-1.0726 3.4
-1.07236 3.4
-1.07211 3.4
-1.07187 3.4
-1.07163 3.4
-1.07138 3.4
-1.07114 3.4
-1.07089 3.3
-1.07065 3.3
-1.07041 3.3
-1.07016 3.2
-1.06992 3.2
-1.06967 3.1
-1.06943 3.0
-1.06919 3.0
-1.06894 2.9
-1.0687 2.8
-1.06845 2.7
-1.06821 2.6
-1.06796 2.5
-1.06772 2.4
-1.06748 2.3
-1.06723 2.2
-1.06699 2.1
-1.06674 2.0
-1.0665 1.8
-1.06626 1.7
-1.06601 1.6
-1.06577 1.4
-1.06552 1.3
-1.06528 1.2
-1.06503 1.0
-1.06479 0.9
-1.06455 0.7
-1.0643 0.6
-1.06406 0.4
-1.06381 0.3
-1.06357 0.1
-1.06333 0.0
-1.06308 -0.2
-1.06284 -0.3
-1.06259 -0.5
-1.06235 -0.6
-1.06211 -0.8
-1.06186 -0.9
-1.06162 -1.1
-1.06137 -1.2
-1.06113 -1.4
-1.06088 -1.5
-1.06064 -1.6
-1.0604 -1.8
-1.06015 -1.9
-1.05991 -2.0
-1.05966 -2.1
-1.05942 -2.3
-1.05918 -2.4
-1.05893 -2.5
-1.05869 -2.6
-1.05844 -2.7
-1.0582 -2.8
-1.05795 -2.9
-1.05771 -2.9
-1.05747 -3.0
-1.05722 -3.1
-1.05698 -3.1
-1.05673 -3.2
-1.05649 -3.3
-1.05625 -3.3
-1.056 -3.3
-1.05576 -3.4
-1.05551 -3.4
-1.05527 -3.4
-1.05503 -3.4
-1.05478 -3.4
-1.05454 -3.4
-1.05429 -3.4
-1.05405 -3.4
-1.0538 -3.4
-1.05356 -3.3
-1.05332 -3.3
-1.05307 -3.2
-1.05283 -3.2
-1.05258 -3.1
-1.05234 -3.1
-1.0521 -3.0
-1.05185 -2.9
-1.05161 -2.8
-1.05136 -2.7
-1.05112 -2.6
-1.05087 -2.5
-1.05063 -2.4
-1.05039 -2.3
-1.05014 -2.2
-1.0499 -2.1
-1.04965 -2.0
-1.04941 -1.8
-1.04917 -1.7
-1.04892 -1.6
-1.04868 -1.4
-1.04843 -1.3
-1.04819 -1.2
-1.04795 -1.0
-1.0477 -0.9
-1.04746 -0.7
-1.04721 -0.6
-1.04697 -0.4
-1.04672 -0.3
-1.04648 -0.1
-1.04624 0.0
-1.04599 0.2
-1.04575 0.4
-1.0455 0.5
-1.04526 0.7
-1.04502 0.8
-1.04477 1.0
-1.04453 1.1
-1.04428 1.3
-1.04404 1.4
-1.04379 1.5
-1.04355 1.7
-1.04331 1.8
-1.04306 1.9
-1.04282 2.1
-1.04257 2.2
-1.04233 2.3
-1.04209 2.4
-1.04184 2.5
-1.0416 2.6
-1.04135 2.7
-1.04111 2.8
-1.04086 2.9
-1.04062 3.0
-1.04038 3.0
-1.04013 3.1
-1.03989 3.2
-1.03964 3.2
-1.0394 3.3
-1.03916 3.3
-1.03891 3.4
-1.03867 3.4
-1.03842 3.4
-1.03818 3.4
-1.03794 3.4
-1.03769 3.4
-1.03745 3.4
-1.0372 3.4
-1.03696 3.4
-1.03671 3.4
-1.03647 3.3
-1.03623 3.3
-1.03598 3.2
-1.03574 3.2
-1.03549 3.1
-1.03525 3.0
-1.03501 3.0
-1.03476 2.9
-1.03452 2.8
-1.03427 2.7
-1.03403 2.6
-1.03378 2.5
-1.03354 2.4
-1.0333 2.3
-1.03305 2.2
-1.03281 2.1
-1.03256 1.9
-1.03232 1.8
-1.03208 1.7
-1.03183 1.5
-1.03159 1.4
-1.03134 1.2
-1.0311 1.1
-1.03086 0.9
-1.03061 0.8
-1.03037 0.6
-1.03012 0.5
-1.02988 0.3
-1.02963 0.2
-1.02939 0.0
-1.02915 -0.1
-1.0289 -0.3
-1.02866 -0.4
-1.02841 -0.6
-1.02817 -0.7
-1.02793 -0.9
-1.02768 -1.0
-1.02744 -1.2
-1.02719 -1.3
-1.02695 -1.5
-1.0267 -1.6
-1.02646 -1.8
-1.02622 -1.9
-1.02597 -2.0
-1.02573 -2.1
-1.02548 -2.3
-1.02524 -2.4
-1.025 -2.5
-1.02475 -2.6
-1.02451 -2.7
-1.02426 -2.8
-1.02402 -2.9
-1.02378 -3.0
-1.02353 -3.0
-1.02329 -3.1
-1.02304 -3.2
-1.0228 -3.2
-1.02255 -3.3
-1.02231 -3.3
-1.02207 -3.4
-1.02182 -3.4
-1.02158 -3.4
-1.02133 -3.4
-1.02109 -3.4
-1.02085 -3.4
-1.0206 -3.4
-1.02036 -3.4
-1.02011 -3.4
-1.01987 -3.4
-1.01962 -3.3
-1.01938 -3.3
-1.01914 -3.3
-1.01889 -3.2
-1.01865 -3.1
-1.0184 -3.1
-1.01816 -3.0
-1.01792 -2.9
-1.01767 -2.8
-1.01743 -2.7
-1.01718 -2.6
-1.01694 -2.5
-1.0167 -2.4
-1.01645 -2.3
-1.01621 -2.2
-1.01596 -2.1
-1.01572 -2.0
-1.01547 -1.8
-1.01523 -1.7
-1.01499 -1.6
-1.01474 -1.4
-1.0145 -1.3
-1.01425 -1.1
-1.01401 -1.0
-1.01377 -0.8
-1.01352 -0.7
-1.01328 -0.5
-1.01303 -0.4
-1.01279 -0.2
-1.01254 0.0
-1.0123 0.1
-1.01206 0.3
-1.01181 0.4
-1.01157 0.6
-1.01132 0.7
-1.01108 0.9
-1.01084 1.0
-1.01059 1.2
-1.01035 1.3
-1.0101 1.5
-1.00986 1.6
-1.00961 1.8
-1.00937 1.9
-1.00913 2.0
-1.00888 2.1
-1.00864 2.3
-1.00839 2.4
-1.00815 2.5
-1.00791 2.6
-1.00766 2.7
-1.00742 2.8
-1.00717 2.9
-1.00693 3.0
-1.00669 3.0
-1.00644 3.1
-1.0062 3.2
-1.00595 3.2
-1.00571 3.3
-1.00546 3.3
-1.00522 3.4
-1.00498 3.4
-1.00473 3.4
-1.00449 3.4
-1.00424 3.5
-1.004 3.5
-1.00376 3.4
-1.00351 3.4
-1.00327 3.4
-1.00302 3.4
-1.00278 3.3
-1.00253 3.3
-1.00229 3.3
-1.00205 3.2
-1.0018 3.1
-1.00156 3.1
-1.00131 3.0
-1.00107 2.9
-1.00083 2.8
-1.00058 2.7
-1.00034 2.6
-1.00009 2.5
-0.99985 2.4
-0.99961 2.3
-0.99936 2.2
-0.99912 2.1
-0.99887 1.9
-0.99863 1.8
-0.99838 1.7
-0.99814 1.5
-0.9979 1.4
-0.99765 1.2
-0.99741 1.1
-0.99716 0.9
-0.99692 0.8
-0.99668 0.6
-0.99643 0.5
-0.99619 0.3
-0.99594 0.1
-0.9957 0.0
-0.99545 -0.2
-0.99521 -0.3
-0.99497 -0.5
-0.99472 -0.6
-0.99448 -0.8
-0.99423 -1.0
-0.99399 -1.1
-0.99375 -1.3
-0.9935 -1.4
-0.99326 -1.5
-0.99301 -1.7
-0.99277 -1.8
-0.99253 -2.0
-0.99228 -2.1
-0.99204 -2.2
-0.99179 -2.3
-0.99155 -2.4
-0.9913 -2.6
-0.99106 -2.7
-0.99082 -2.8
-0.99057 -2.9
-0.99033 -2.9
-0.99008 -3.0
-0.98984 -3.1
-0.9896 -3.2
-0.98935 -3.2
-0.98911 -3.3
-0.98886 -3.3
-0.98862 -3.4
-0.98837 -3.4
-0.98813 -3.4
-0.98789 -3.4
-0.98764 -3.5
-0.9874 -3.5
-0.98715 -3.5
-0.98691 -3.5
-0.98667 -3.4
-0.98642 -3.4
-0.98618 -3.4
-0.98593 -3.3
-0.98569 -3.3
-0.98545 -3.2
-0.9852 -3.2
-0.98496 -3.1
-0.98471 -3.0
-0.98447 -3.0
-0.98422 -2.9
-0.98398 -2.8
-0.98374 -2.7
-0.98349 -2.6
-0.98325 -2.5
-0.983 -2.4
-0.98276 -2.2
-0.98252 -2.1
-0.98227 -2.0
-0.98203 -1.9
-0.98178 -1.7
-0.98154 -1.6
-0.98129 -1.4
-0.98105 -1.3
-0.98081 -1.1
-0.98056 -1.0
-0.98032 -0.8
-0.98007 -0.7
-0.97983 -0.5
-0.97959 -0.4
-0.97934 -0.2
-0.9791 0.0
-0.97885 0.1
-0.97861 0.3
-0.97836 0.4
-0.97812 0.6
-0.97788 0.8
-0.97763 0.9
-0.97739 1.1
-0.97714 1.2
-0.9769 1.4
-0.97666 1.5
-0.97641 1.7
-0.97617 1.8
-0.97592 1.9
-0.97568 2.1
-0.97544 2.2
-0.97519 2.3
-0.97495 2.4
-0.9747 2.5
-0.97446 2.7
-0.97421 2.8
-0.97397 2.8
-0.97373 2.9
-0.97348 3.0
-0.97324 3.1
-0.97299 3.2
-0.97275 3.2
-0.97251 3.3
-0.97226 3.3
-0.97202 3.4
-0.97177 3.4
-0.97153 3.4
-0.97128 3.5
-0.97104 3.5
-0.9708 3.5
-0.97055 3.5
-0.97031 3.5
-0.97006 3.4
-0.96982 3.4
-0.96958 3.4
-0.96933 3.4
-0.96909 3.3
-0.96884 3.3
-0.9686 3.2
-0.96836 3.1
-0.96811 3.1
-0.96787 3.0
-0.96762 2.9
-0.96738 2.8
-0.96713 2.7
-0.96689 2.6
-0.96665 2.5
-0.9664 2.4
-0.96616 2.2
-0.96591 2.1
-0.96567 2.0
-0.96543 1.9
-0.96518 1.7
-0.96494 1.6
-0.96469 1.4
-0.96445 1.3
-0.9642 1.1
-0.96396 1.0
-0.96372 0.8
-0.96347 0.7
-0.96323 0.5
-0.96298 0.3
-0.96274 0.2
-0.9625 0.0
-0.96225 -0.2
-0.96201 -0.3
-0.96176 -0.5
-0.96152 -0.6
-0.96128 -0.8
-0.96103 -0.9
-0.96079 -1.1
-0.96054 -1.3
-0.9603 -1.4
-0.96005 -1.6
-0.95981 -1.7
-0.95957 -1.8
-0.95932 -2.0
-0.95908 -2.1
-0.95883 -2.2
-0.95859 -2.4
-0.95835 -2.5
-0.9581 -2.6
-0.95786 -2.7
-0.95761 -2.8
-0.95737 -2.9
-0.95712 -3.0
-0.95688 -3.1
-0.95664 -3.1
-0.95639 -3.2
-0.95615 -3.3
-0.9559 -3.3
-0.95566 -3.4
-0.95542 -3.4
-0.95517 -3.4
-0.95493 -3.5
-0.95468 -3.5
-0.95444 -3.5
-0.9542 -3.5
-0.95395 -3.5
-0.95371 -3.5
-0.95346 -3.5
-0.95322 -3.4
-0.95297 -3.4
-0.95273 -3.4
-0.95249 -3.3
-0.95224 -3.2
-0.952 -3.2
-0.95175 -3.1
-0.95151 -3.0
-0.95127 -2.9
-0.95102 -2.9
-0.95078 -2.8
-0.95053 -2.7
-0.95029 -2.6
-0.95004 -2.4
-0.9498 -2.3
-0.94956 -2.2
-0.94931 -2.1
-0.94907 -1.9
-0.94882 -1.8
-0.94858 -1.7
-0.94834 -1.5
-0.94809 -1.4
-0.94785 -1.2
-0.9476 -1.0
-0.94736 -0.9
-0.94711 -0.7
-0.94687 -0.6
-0.94663 -0.4
-0.94638 -0.2
-0.94614 0.0
-0.94589 0.0
-0.94565 0.2
-0.94541 0.4
-0.94516 0.6
-0.94492 0.7
-0.94467 0.9
-0.94443 1.0
-0.94419 1.2
-0.94394 1.4
-0.9437 1.5
-0.94345 1.6
-0.94321 1.8
-0.94296 1.9
-0.94272 2.1
-0.94248 2.2
-0.94223 2.3
-0.94199 2.4
-0.94174 2.6
-0.9415 2.7
-0.94126 2.8
-0.94101 2.9
-0.94077 3.0
-0.94052 3.0
-0.94028 3.1
-0.94003 3.2
-0.93979 3.3
-0.93955 3.3
-0.9393 3.4
-0.93906 3.4
-0.93881 3.4
-0.93857 3.5
-0.93833 3.5
-0.93808 3.5
-0.93784 3.5
-0.93759 3.5
-0.93735 3.5
-0.93711 3.5
-0.93686 3.4
-0.93662 3.4
-0.93637 3.4
-0.93613 3.3
-0.93588 3.3
-0.93564 3.2
-0.9354 3.1
-0.93515 3.1
-0.93491 3.0
-0.93466 2.9
-0.93442 2.8
-0.93418 2.7
-0.93393 2.6
-0.93369 2.5
-0.93344 2.3
-0.9332 2.2
-0.93295 2.1
-0.93271 2.0
-0.93247 1.8
-0.93222 1.7
-0.93198 1.5
-0.93173 1.4
-0.93149 1.2
-0.93125 1.1
-0.931 0.9
-0.93076 0.7
-0.93051 0.6
-0.93027 0.4
-0.93003 0.3
-0.92978 0.0
-0.92954 0.0
-0.92929 -0.2
-0.92905 -0.4
-0.9288 -0.6
-0.92856 -0.7
-0.92832 -0.9
-0.92807 -1.0
-0.92783 -1.2
-0.92758 -1.4
-0.92734 -1.5
-0.9271 -1.7
-0.92685 -1.8
-0.92661 -1.9
-0.92636 -2.1
-0.92612 -2.2
-0.92587 -2.3
-0.92563 -2.5
-0.92539 -2.6
-0.92514 -2.7
-0.9249 -2.8
-0.92465 -2.9
-0.92441 -3.0
-0.92417 -3.1
-0.92392 -3.1
-0.92368 -3.2
-0.92343 -3.3
-0.92319 -3.3
-0.92295 -3.4
-0.9227 -3.4
-0.92246 -3.5
-0.92221 -3.5
-0.92197 -3.5
-0.92172 -3.5
-0.92148 -3.5
-0.92124 -3.5
-0.92099 -3.5
-0.92075 -3.5
-0.9205 -3.5
-0.92026 -3.4
-0.92002 -3.4
-0.91977 -3.3
-0.91953 -3.3
-0.91928 -3.2
-0.91904 -3.1
-0.91879 -3.1
-0.91855 -3.0
-0.91831 -2.9
-0.91806 -2.8
-0.91782 -2.7
-0.91757 -2.6
-0.91733 -2.4
-0.91709 -2.3
-0.91684 -2.2
-0.9166 -2.1
-0.91635 -1.9
-0.91611 -1.8
-0.91586 -1.6
-0.91562 -1.5
-0.91538 -1.3
-0.91513 -1.2
-0.91489 -1.0
-0.91464 -0.9
-0.9144 -0.7
-0.91416 -0.5
-0.91391 -0.4
-0.91367 -0.2
-0.91342 0.0
-0.91318 0.1
-0.91294 0.3
-0.91269 0.5
-0.91245 0.6
-0.9122 0.8
-0.91196 1.0
-0.91171 1.1
-0.91147 1.3
-0.91123 1.4
-0.91098 1.6
-0.91074 1.7
-0.91049 1.9
-0.91025 2.0
-0.91001 2.1
-0.90976 2.3
-0.90952 2.4
-0.90927 2.5
-0.90903 2.6
-0.90878 2.7
-0.90854 2.8
-0.9083 2.9
-0.90805 3.0
-0.90781 3.1
-0.90756 3.2
-0.90732 3.3
-0.90708 3.3
-0.90683 3.4
-0.90659 3.4
-0.90634 3.5
-0.9061 3.5
-0.90586 3.5
-0.90561 3.5
-0.90537 3.5
-0.90512 3.5
-0.90488 3.5
-0.90463 3.5
-0.90439 3.5
-0.90415 3.5
-0.9039 3.4
-0.90366 3.4
-0.90341 3.3
-0.90317 3.2
-0.90293 3.2
-0.90268 3.1
-0.90244 3.0
-0.90219 2.9
-0.90195 2.8
-0.9017 2.7
-0.90146 2.6
-0.90122 2.5
-0.90097 2.4
-0.90073 2.2
-0.90048 2.1
-0.90024 2.0
-0.9 1.8
-0.89975 1.7
-0.89951 1.5
-0.89926 1.4
-0.89902 1.2
-0.89878 1.1
-0.89853 0.9
-0.89829 0.7
-0.89804 0.6
-0.8978 0.4
-0.89755 0.2
-0.89731 0.0
-0.89707 0.0
-0.89682 -0.3
-0.89658 -0.4
-0.89633 -0.6
-0.89609 -0.8
-0.89585 -0.9
-0.8956 -1.1
-0.89536 -1.3
-0.89511 -1.4
-0.89487 -1.6
-0.89462 -1.7
-0.89438 -1.9
-0.89414 -2.0
-0.89389 -2.1
-0.89365 -2.3
-0.8934 -2.4
-0.89316 -2.5
-0.89292 -2.6
-0.89267 -2.7
-0.89243 -2.8
-0.89218 -2.9
-0.89194 -3.0
-0.8917 -3.1
-0.89145 -3.2
-0.89121 -3.3
-0.89096 -3.3
-0.89072 -3.4
-0.89047 -3.4
-0.89023 -3.5
-0.88999 -3.5
-0.88974 -3.5
-0.8895 -3.5
-0.88925 -3.5
-0.88901 -3.5
-0.88877 -3.5
-0.88852 -3.5
-0.88828 -3.5
-0.88803 -3.5
-0.88779 -3.4
-0.88754 -3.4
-0.8873 -3.3
-0.88706 -3.3
-0.88681 -3.2
-0.88657 -3.1
-0.88632 -3.0
-0.88608 -2.9
-0.88584 -2.8
-0.88559 -2.7
-0.88535 -2.6
-0.8851 -2.5
-0.88486 -2.4
-0.88461 -2.2
-0.88437 -2.1
-0.88413 -2.0
-0.88388 -1.8
-0.88364 -1.7
-0.88339 -1.5
-0.88315 -1.4
-0.88291 -1.2
-0.88266 -1.0
-0.88242 -0.9
-0.88217 -0.7
-0.88193 -0.5
-0.88169 -0.4
-0.88144 -0.2
-0.8812 0.0
-0.88095 0.1
-0.88071 0.3
-0.88046 0.5
-0.88022 0.6
-0.87998 0.8
-0.87973 1.0
-0.87949 1.1
-0.87924 1.3
-0.879 1.5
-0.87876 1.6
-0.87851 1.8
-0.87827 1.9
-0.87802 2.0
-0.87778 2.2
-0.87753 2.3
-0.87729 2.4
-0.87705 2.6
-0.8768 2.7
-0.87656 2.8
-0.87631 2.9
-0.87607 3.0
-0.87583 3.1
-0.87558 3.2
-0.87534 3.2
-0.87509 3.3
-0.87485 3.4
-0.87461 3.4
-0.87436 3.5
-0.87412 3.5
-0.87387 3.5
-0.87363 3.5
-0.87338 3.6
-0.87314 3.6
-0.8729 3.6
-0.87265 3.5
-0.87241 3.5
-0.87216 3.5
-0.87192 3.5
-0.87168 3.4
-0.87143 3.4
-0.87119 3.3
-0.87094 3.2
-0.8707 3.2
-0.87045 3.1
-0.87021 3.0
-0.86997 2.9
-0.86972 2.8
-0.86948 2.7
-0.86923 2.6
-0.86899 2.4
-0.86875 2.3
-0.8685 2.2
-0.86826 2.0
-0.86801 1.9
-0.86777 1.7
-0.86753 1.6
-0.86728 1.4
-0.86704 1.3
-0.86679 1.1
-0.86655 0.9
-0.8663 0.8
-0.86606 0.6
-0.86582 0.4
-0.86557 0.3
-0.86533 0.1
-0.86508 0.0
-0.86484 -0.2
-0.8646 -0.4
-0.86435 -0.6
-0.86411 -0.8
-0.86386 -0.9
-0.86362 -1.1
-0.86337 -1.3
-0.86313 -1.4
-0.86289 -1.6
-0.86264 -1.7
-0.8624 -1.9
-0.86215 -2.0
-0.86191 -2.2
-0.86167 -2.3
-0.86142 -2.4
-0.86118 -2.5
-0.86093 -2.7
-0.86069 -2.8
-0.86045 -2.9
-0.8602 -3.0
-0.85996 -3.1
-0.85971 -3.2
-0.85947 -3.2
-0.85922 -3.3
-0.85898 -3.4
-0.85874 -3.4
-0.85849 -3.5
-0.85825 -3.5
-0.858 -3.5
-0.85776 -3.6
-0.85752 -3.6
-0.85727 -3.6
-0.85703 -3.6
-0.85678 -3.6
-0.85654 -3.5
-0.85629 -3.5
-0.85605 -3.5
-0.85581 -3.4
-0.85556 -3.4
-0.85532 -3.3
-0.85507 -3.3
-0.85483 -3.2
-0.85459 -3.1
-0.85434 -3.0
-0.8541 -2.9
-0.85385 -2.8
-0.85361 -2.7
-0.85336 -2.6
-0.85312 -2.5
-0.85288 -2.3
-0.85263 -2.2
-0.85239 -2.0
-0.85214 -1.9
-0.8519 -1.8
-0.85166 -1.6
-0.85141 -1.4
-0.85117 -1.3
-0.85092 -1.1
-0.85068 -1.0
-0.85044 -0.8
-0.85019 -0.6
-0.84995 -0.4
-0.8497 -0.3
-0.84946 0.0
-0.84921 0.0
-0.84897 0.3
-0.84873 0.4
-0.84848 0.6
-0.84824 0.8
-0.84799 0.9
-0.84775 1.1
-0.84751 1.3
-0.84726 1.4
-0.84702 1.6
-0.84677 1.7
-0.84653 1.9
-0.84628 2.0
-0.84604 2.2
-0.8458 2.3
-0.84555 2.4
-0.84531 2.6
-0.84506 2.7
-0.84482 2.8
-0.84458 2.9
-0.84433 3.0
-0.84409 3.1
-0.84384 3.2
-0.8436 3.3
-0.84336 3.3
-0.84311 3.4
-0.84287 3.4
-0.84262 3.5
-0.84238 3.5
-0.84213 3.6
-0.84189 3.6
-0.84165 3.6
-0.8414 3.6
-0.84116 3.6
-0.84091 3.6
-0.84067 3.6
-0.84043 3.5
-0.84018 3.5
-0.83994 3.4
-0.83969 3.4
-0.83945 3.3
-0.8392 3.2
-0.83896 3.2
-0.83872 3.1
-0.83847 3.0
-0.83823 2.9
-0.83798 2.8
-0.83774 2.7
-0.8375 2.5
-0.83725 2.4
-0.83701 2.3
-0.83676 2.1
-0.83652 2.0
-0.83628 1.9
-0.83603 1.7
-0.83579 1.5
-0.83554 1.4
-0.8353 1.2
-0.83505 1.1
-0.83481 0.9
-0.83457 0.7
-0.83432 0.5
-0.83408 0.4
-0.83383 0.2
-0.83359 0.0
-0.83335 -0.2
-0.8331 -0.3
-0.83286 -0.5
-0.83261 -0.7
-0.83237 -0.9
-0.83212 -1.0
-0.83188 -1.2
-0.83164 -1.4
-0.83139 -1.5
-0.83115 -1.7
-0.8309 -1.8
-0.83066 -2.0
-0.83042 -2.1
-0.83017 -2.3
-0.82993 -2.4
-0.82968 -2.5
-0.82944 -2.7
-0.8292 -2.8
-0.82895 -2.9
-0.82871 -3.0
-0.82846 -3.1
-0.82822 -3.2
-0.82797 -3.2
-0.82773 -3.3
-0.82749 -3.4
-0.82724 -3.4
-0.827 -3.5
-0.82675 -3.5
-0.82651 -3.6
-0.82627 -3.6
-0.82602 -3.6
-0.82578 -3.6
-0.82553 -3.6
-0.82529 -3.6
-0.82504 -3.6
-0.8248 -3.5
-0.82456 -3.5
-0.82431 -3.5
-0.82407 -3.4
-0.82382 -3.3
-0.82358 -3.3
-0.82334 -3.2
-0.82309 -3.1
-0.82285 -3.0
-0.8226 -2.9
-0.82236 -2.8
-0.82211 -2.7
-0.82187 -2.6
-0.82163 -2.5
-0.82138 -2.3
-0.82114 -2.2
-0.82089 -2.0
-0.82065 -1.9
-0.82041 -1.7
-0.82016 -1.6
-0.81992 -1.4
-0.81967 -1.2
-0.81943 -1.1
-0.81919 -0.9
-0.81894 -0.7
-0.8187 -0.6
-0.81845 -0.4
-0.81821 -0.2
-0.81796 0.0
-0.81772 0.1
-0.81748 0.3
-0.81723 0.5
-0.81699 0.7
-0.81674 0.9
-0.8165 1.0
-0.81626 1.2
-0.81601 1.4
-0.81577 1.5
-0.81552 1.7
-0.81528 1.8
-0.81503 2.0
-0.81479 2.1
-0.81455 2.3
-0.8143 2.4
-0.81406 2.5
-0.81381 2.7
-0.81357 2.8
-0.81333 2.9
-0.81308 3.0
-0.81284 3.1
-0.81259 3.2
-0.81235 3.3
-0.81211 3.3
-0.81186 3.4
-0.81162 3.5
-0.81137 3.5
-0.81113 3.6
-0.81088 3.6
-0.81064 3.6
-0.8104 3.6
-0.81015 3.6
-0.80991 3.6
-0.80966 3.6
-0.80942 3.6
-0.80918 3.6
-0.80893 3.5
-0.80869 3.5
-0.80844 3.4
-0.8082 3.4
-0.80795 3.3
-0.80771 3.2
-0.80747 3.1
-0.80722 3.0
-0.80698 2.9
-0.80673 2.8
-0.80649 2.7
-0.80625 2.6
-0.806 2.4
-0.80576 2.3
-0.80551 2.2
-0.80527 2.0
-0.80503 1.9
-0.80478 1.7
-0.80454 1.5
-0.80429 1.4
-0.80405 1.2
-0.8038 1.0
-0.80356 0.9
-0.80332 0.7
-0.80307 0.5
-0.80283 0.3
-0.80258 0.2
-0.80234 0.0
-0.8021 -0.2
-0.80185 -0.4
-0.80161 -0.6
-0.80136 -0.7
-0.80112 -0.9
-0.80087 -1.1
-0.80063 -1.3
-0.80039 -1.4
-0.80014 -1.6
-0.7999 -1.8
-0.79965 -1.9
-0.79941 -2.1
-0.79917 -2.2
-0.79892 -2.3
-0.79868 -2.5
-0.79843 -2.6
-0.79819 -2.7
-0.79795 -2.8
-0.7977 -3.0
-0.79746 -3.1
-0.79721 -3.2
-0.79697 -3.2
-0.79672 -3.3
-0.79648 -3.4
-0.79624 -3.5
-0.79599 -3.5
-0.79575 -3.5
-0.7955 -3.6
-0.79526 -3.6
-0.79502 -3.6
-0.79477 -3.6
-0.79453 -3.6
-0.79428 -3.6
-0.79404 -3.6
-0.79379 -3.6
-0.79355 -3.6
-0.79331 -3.5
-0.79306 -3.5
-0.79282 -3.4
-0.79257 -3.3
-0.79233 -3.2
-0.79209 -3.2
-0.79184 -3.1
-0.7916 -3.0
-0.79135 -2.9
-0.79111 -2.7
-0.79086 -2.6
-0.79062 -2.5
-0.79038 -2.4
-0.79013 -2.2
-0.78989 -2.1
-0.78964 -1.9
-0.7894 -1.8
-0.78916 -1.6
-0.78891 -1.4
-0.78867 -1.3
-0.78842 -1.1
-0.78818 -0.9
-0.78794 -0.7
-0.78769 -0.6
-0.78745 -0.4
-0.7872 -0.2
-0.78696 0.0
-0.78671 0.2
-0.78647 0.3
-0.78623 0.5
-0.78598 0.7
-0.78574 0.9
-0.78549 1.1
-0.78525 1.2
-0.78501 1.4
-0.78476 1.6
-0.78452 1.7
-0.78427 1.9
-0.78403 2.0
-0.78378 2.2
-0.78354 2.3
-0.7833 2.5
-0.78305 2.6
-0.78281 2.7
-0.78256 2.8
-0.78232 3.0
-0.78208 3.1
-0.78183 3.2
-0.78159 3.2
-0.78134 3.3
-0.7811 3.4
-0.78086 3.5
-0.78061 3.5
-0.78037 3.6
-0.78012 3.6
-0.77988 3.6
-0.77963 3.6
-0.77939 3.7
-0.77915 3.7
-0.7789 3.6
-0.77866 3.6
-0.77841 3.6
-0.77817 3.6
-0.77793 3.5
-0.77768 3.5
-0.77744 3.4
-0.77719 3.3
-0.77695 3.3
-0.7767 3.2
-0.77646 3.1
-0.77622 3.0
-0.77597 2.9
-0.77573 2.7
-0.77548 2.6
-0.77524 2.5
-0.775 2.4
-0.77475 2.2
-0.77451 2.1
-0.77426 1.9
-0.77402 1.7
-0.77378 1.6
-0.77353 1.4
-0.77329 1.2
-0.77304 1.1
-0.7728 0.9
-0.77255 0.7
-0.77231 0.5
-0.77207 0.3
-0.77182 0.2
-0.77158 0.0
-0.77133 -0.2
-0.77109 -0.4
-0.77085 -0.6
-0.7706 -0.7
-0.77036 -0.9
-0.77011 -1.1
-0.76987 -1.3
-0.76962 -1.5
-0.76938 -1.6
-0.76914 -1.8
-0.76889 -1.9
-0.76865 -2.1
-0.7684 -2.2
-0.76816 -2.4
-0.76792 -2.5
-0.76767 -2.7
-0.76743 -2.8
-0.76718 -2.9
-0.76694 -3.0
-0.7667 -3.1
-0.76645 -3.2
-0.76621 -3.3
-0.76596 -3.4
-0.76572 -3.4
-0.76547 -3.5
-0.76523 -3.6
-0.76499 -3.6
-0.76474 -3.6
-0.7645 -3.7
-0.76425 -3.7
-0.76401 -3.7
-0.76377 -3.7
-0.76352 -3.7
-0.76328 -3.6
-0.76303 -3.6
-0.76279 -3.6
-0.76254 -3.5
-0.7623 -3.5
-0.76206 -3.4
-0.76181 -3.3
-0.76157 -3.2
-0.76132 -3.1
-0.76108 -3.0
-0.76084 -2.9
-0.76059 -2.8
-0.76035 -2.7
-0.7601 -2.6
-0.75986 -2.4
-0.75961 -2.3
-0.75937 -2.1
-0.75913 -2.0
-0.75888 -1.8
-0.75864 -1.7
-0.75839 -1.5
-0.75815 -1.3
-0.75791 -1.1
-0.75766 -1.0
-0.75742 -0.8
-0.75717 -0.6
-0.75693 -0.4
-0.75669 -0.2
-0.75644 0.0
-0.7562 0.1
-0.75595 0.3
-0.75571 0.5
-0.75546 0.7
-0.75522 0.9
-0.75498 1.1
-0.75473 1.2
-0.75449 1.4
-0.75424 1.6
-0.754 1.7
-0.75376 1.9
-0.75351 2.1
-0.75327 2.2
-0.75302 2.4
-0.75278 2.5
-0.75253 2.6
-0.75229 2.8
-0.75205 2.9
-0.7518 3.0
-0.75156 3.1
-0.75131 3.2
-0.75107 3.3
-0.75083 3.4
-0.75058 3.4
-0.75034 3.5
-0.75009 3.6
-0.74985 3.6
-0.74961 3.6
-0.74936 3.7
-0.74912 3.7
-0.74887 3.7
-0.74863 3.7
-0.74838 3.7
-0.74814 3.7
-0.7479 3.6
-0.74765 3.6
-0.74741 3.5
-0.74716 3.5
-0.74692 3.4
-0.74668 3.3
-0.74643 3.3
-0.74619 3.2
-0.74594 3.1
-0.7457 3.0
-0.74545 2.8
-0.74521 2.7
-0.74497 2.6
-0.74472 2.4
-0.74448 2.3
-0.74423 2.2
-0.74399 2.0
-0.74375 1.8
-0.7435 1.7
-0.74326 1.5
-0.74301 1.3
-0.74277 1.2
-0.74253 1.0
-0.74228 0.8
-0.74204 0.6
-0.74179 0.4
-0.74155 0.2
-0.7413 0.0
-0.74106 -0.1
-0.74082 -0.3
-0.74057 -0.5
-0.74033 -0.7
-0.74008 -0.9
-0.73984 -1.1
-0.7396 -1.3
-0.73935 -1.4
-0.73911 -1.6
-0.73886 -1.8
-0.73862 -1.9
-0.73837 -2.1
-0.73813 -2.2
-0.73789 -2.4
-0.73764 -2.5
-0.7374 -2.7
-0.73715 -2.8
-0.73691 -2.9
-0.73667 -3.0
-0.73642 -3.1
-0.73618 -3.2
-0.73593 -3.3
-0.73569 -3.4
-0.73545 -3.5
-0.7352 -3.5
-0.73496 -3.6
-0.73471 -3.6
-0.73447 -3.7
-0.73422 -3.7
-0.73398 -3.7
-0.73374 -3.7
-0.73349 -3.7
-0.73325 -3.7
-0.733 -3.7
-0.73276 -3.6
-0.73252 -3.6
-0.73227 -3.5
-0.73203 -3.5
-0.73178 -3.4
-0.73154 -3.3
-0.73129 -3.2
-0.73105 -3.1
-0.73081 -3.0
-0.73056 -2.9
-0.73032 -2.8
-0.73007 -2.7
-0.72983 -2.5
-0.72959 -2.4
-0.72934 -2.3
-0.7291 -2.1
-0.72885 -1.9
-0.72861 -1.8
-0.72836 -1.6
-0.72812 -1.4
-0.72788 -1.3
-0.72763 -1.1
-0.72739 -0.9
-0.72714 -0.7
-0.7269 -0.5
-0.72666 -0.3
-0.72641 -0.1
-0.72617 0.0
-0.72592 0.2
-0.72568 0.4
-0.72544 0.6
-0.72519 0.8
-0.72495 1.0
-0.7247 1.2
-0.72446 1.4
-0.72421 1.5
-0.72397 1.7
-0.72373 1.9
-0.72348 2.0
-0.72324 2.2
-0.72299 2.3
-0.72275 2.5
-0.72251 2.6
-0.72226 2.8
-0.72202 2.9
-0.72177 3.0
-0.72153 3.1
-0.72128 3.2
-0.72104 3.3
-0.7208 3.4
-0.72055 3.5
-0.72031 3.5
-0.72006 3.6
-0.71982 3.6
-0.71958 3.7
-0.71933 3.7
-0.71909 3.7
-0.71884 3.7
-0.7186 3.7
-0.71836 3.7
-0.71811 3.7
-0.71787 3.7
-0.71762 3.6
-0.71738 3.6
-0.71713 3.5
-0.71689 3.4
-0.71665 3.4
-0.7164 3.3
-0.71616 3.2
-0.71591 3.1
-0.71567 3.0
-0.71543 2.8
-0.71518 2.7
-0.71494 2.6
-0.71469 2.4
-0.71445 2.3
-0.7142 2.1
-0.71396 2.0
-0.71372 1.8
-0.71347 1.6
-0.71323 1.5
-0.71298 1.3
-0.71274 1.1
-0.7125 0.9
-0.71225 0.7
-0.71201 0.5
-0.71176 0.3
-0.71152 0.2
-0.71128 0.0
-0.71103 -0.2
-0.71079 -0.4
-0.71054 -0.6
-0.7103 -0.8
-0.71005 -1.0
-0.70981 -1.2
-0.70957 -1.4
-0.70932 -1.5
-0.70908 -1.7
-0.70883 -1.9
-0.70859 -2.0
-0.70835 -2.2
-0.7081 -2.4
-0.70786 -2.5
-0.70761 -2.6
-0.70737 -2.8
-0.70712 -2.9
-0.70688 -3.0
-0.70664 -3.1
-0.70639 -3.2
-0.70615 -3.3
-0.7059 -3.4
-0.70566 -3.5
-0.70542 -3.6
-0.70517 -3.6
-0.70493 -3.7
-0.70468 -3.7
-0.70444 -3.7
-0.7042 -3.7
-0.70395 -3.7
-0.70371 -3.7
-0.70346 -3.7
-0.70322 -3.7
-0.70297 -3.7
-0.70273 -3.6
-0.70249 -3.6
-0.70224 -3.5
-0.702 -3.4
-0.70175 -3.4
-0.70151 -3.3
-0.70127 -3.2
-0.70102 -3.1
-0.70078 -2.9
-0.70053 -2.8
-0.70029 -2.7
-0.70004 -2.5
-0.6998 -2.4
-0.69956 -2.3
-0.69931 -2.1
-0.69907 -1.9
-0.69882 -1.8
-0.69858 -1.6
-0.69834 -1.4
-0.69809 -1.2
-0.69785 -1.0
-0.6976 -0.8
-0.69736 -0.7
-0.69711 -0.5
-0.69687 -0.3
-0.69663 0.0
-0.69638 0.1
-0.69614 0.3
-0.69589 0.5
-0.69565 0.7
-0.69541 0.9
-0.69516 1.1
-0.69492 1.3
-0.69467 1.4
-0.69443 1.6
-0.69419 1.8
-0.69394 2.0
-0.6937 2.1
-0.69345 2.3
-0.69321 2.4
-0.69296 2.6
-0.69272 2.7
-0.69248 2.9
-0.69223 3.0
-0.69199 3.1
-0.69174 3.2
-0.6915 3.3
-0.69126 3.4
-0.69101 3.5
-0.69077 3.5
-0.69052 3.6
-0.69028 3.7
-0.69003 3.7
-0.68979 3.7
-0.68955 3.7
-0.6893 3.8
-0.68906 3.8
-0.68881 3.8
-0.68857 3.7
-0.68833 3.7
-0.68808 3.7
-0.68784 3.6
-0.68759 3.6
-0.68735 3.5
-0.68711 3.4
-0.68686 3.3
-0.68662 3.2
-0.68637 3.1
-0.68613 3.0
-0.68588 2.9
-0.68564 2.7
-0.6854 2.6
-0.68515 2.5
-0.68491 2.3
-0.68466 2.1
-0.68442 2.0
-0.68418 1.8
-0.68393 1.6
-0.68369 1.5
-0.68344 1.3
-0.6832 1.1
-0.68295 0.9
-0.68271 0.7
-0.68247 0.5
-0.68222 0.3
-0.68198 0.1
-0.68173 0.0
-0.68149 -0.3
-0.68125 -0.5
-0.681 -0.7
-0.68076 -0.9
-0.68051 -1.1
-0.68027 -1.3
-0.68003 -1.4
-0.67978 -1.6
-0.67954 -1.8
-0.67929 -2.0
-0.67905 -2.1
-0.6788 -2.3
-0.67856 -2.4
-0.67832 -2.6
-0.67807 -2.7
-0.67783 -2.9
-0.67758 -3.0
-0.67734 -3.1
-0.6771 -3.2
-0.67685 -3.3
-0.67661 -3.4
-0.67636 -3.5
-0.67612 -3.6
-0.67587 -3.6
-0.67563 -3.7
-0.67539 -3.7
-0.67514 -3.7
-0.6749 -3.8
-0.67465 -3.8
-0.67441 -3.8
-0.67417 -3.8
-0.67392 -3.7
-0.67368 -3.7
-0.67343 -3.7
-0.67319 -3.6
-0.67295 -3.6
-0.6727 -3.5
-0.67246 -3.4
-0.67221 -3.3
-0.67197 -3.2
-0.67172 -3.1
-0.67148 -3.0
-0.67124 -2.9
-0.67099 -2.7
-0.67075 -2.6
-0.6705 -2.4
-0.67026 -2.3
-0.67002 -2.1
-0.66977 -2.0
-0.66953 -1.8
-0.66928 -1.6
-0.66904 -1.4
-0.66879 -1.2
-0.66855 -1.0
-0.66831 -0.8
-0.66806 -0.7
-0.66782 -0.5
-0.66757 -0.3
-0.66733 0.0
-0.66709 0.1
-0.66684 0.3
-0.6666 0.5
-0.66635 0.7
-0.66611 0.9
-0.66586 1.1
-0.66562 1.3
-0.66538 1.5
-0.66513 1.7
-0.66489 1.9
-0.66464 2.0
-0.6644 2.2
-0.66416 2.4
-0.66391 2.5
-0.66367 2.7
-0.66342 2.8
-0.66318 2.9
-0.66294 3.1
-0.66269 3.2
-0.66245 3.3
-0.6622 3.4
-0.66196 3.5
-0.66171 3.5
-0.66147 3.6
-0.66123 3.7
-0.66098 3.7
-0.66074 3.8
-0.66049 3.8
-0.66025 3.8
-0.66001 3.8
-0.65976 3.8
-0.65952 3.8
-0.65927 3.8
-0.65903 3.7
-0.65878 3.7
-0.65854 3.6
-0.6583 3.5
-0.65805 3.5
-0.65781 3.4
-0.65756 3.3
-0.65732 3.2
-0.65708 3.1
-0.65683 2.9
-0.65659 2.8
-0.65634 2.7
-0.6561 2.5
-0.65586 2.4
-0.65561 2.2
-0.65537 2.0
-0.65512 1.8
-0.65488 1.7
-0.65463 1.5
-0.65439 1.3
-0.65415 1.1
-0.6539 0.9
-0.65366 0.7
-0.65341 0.5
-0.65317 0.3
-0.65293 0.1
-0.65268 0.0
-0.65244 -0.3
-0.65219 -0.5
-0.65195 -0.7
-0.6517 -0.9
-0.65146 -1.1
-0.65122 -1.3
-0.65097 -1.5
-0.65073 -1.7
-0.65048 -1.8
-0.65024 -2.0
-0.65 -2.2
-0.64975 -2.3
-0.64951 -2.5
-0.64926 -2.7
-0.64902 -2.8
-0.64878 -2.9
-0.64853 -3.1
-0.64829 -3.2
-0.64804 -3.3
-0.6478 -3.4
-0.64755 -3.5
-0.64731 -3.6
-0.64707 -3.6
-0.64682 -3.7
-0.64658 -3.7
-0.64633 -3.8
-0.64609 -3.8
-0.64585 -3.8
-0.6456 -3.8
-0.64536 -3.8
-0.64511 -3.8
-0.64487 -3.8
-0.64462 -3.7
-0.64438 -3.7
-0.64414 -3.6
-0.64389 -3.6
-0.64365 -3.5
-0.6434 -3.4
-0.64316 -3.3
-0.64292 -3.2
-0.64267 -3.1
-0.64243 -2.9
-0.64218 -2.8
-0.64194 -2.7
-0.6417 -2.5
-0.64145 -2.3
-0.64121 -2.2
-0.64096 -2.0
-0.64072 -1.8
-0.64047 -1.7
-0.64023 -1.5
-0.63999 -1.3
-0.63974 -1.1
-0.6395 -0.9
-0.63925 -0.7
-0.63901 -0.5
-0.63877 -0.3
-0.63852 0.0
-0.63828 0.1
-0.63803 0.3
-0.63779 0.5
-0.63754 0.7
-0.6373 0.9
-0.63706 1.1
-0.63681 1.3
-0.63657 1.5
-0.63632 1.7
-0.63608 1.9
-0.63584 2.1
-0.63559 2.2
-0.63535 2.4
-0.6351 2.6
-0.63486 2.7
-0.63461 2.9
-0.63437 3.0
-0.63413 3.1
-0.63388 3.2
-0.63364 3.3
-0.63339 3.4
-0.63315 3.5
-0.63291 3.6
-0.63266 3.7
-0.63242 3.7
-0.63217 3.8
-0.63193 3.8
-0.63169 3.8
-0.63144 3.8
-0.6312 3.8
-0.63095 3.8
-0.63071 3.8
-0.63046 3.8
-0.63022 3.7
-0.62998 3.7
-0.62973 3.6
-0.62949 3.5
-0.62924 3.5
-0.629 3.4
-0.62876 3.3
-0.62851 3.1
-0.62827 3.0
-0.62802 2.9
-0.62778 2.7
-0.62753 2.6
-0.62729 2.4
-0.62705 2.3
-0.6268 2.1
-0.62656 1.9
-0.62631 1.7
-0.62607 1.6
-0.62583 1.4
-0.62558 1.2
-0.62534 1.0
-0.62509 0.8
-0.62485 0.6
-0.62461 0.4
-0.62436 0.1
-0.62412 0.0
-0.62387 -0.3
-0.62363 -0.5
-0.62338 -0.7
-0.62314 -0.9
-0.6229 -1.1
-0.62265 -1.3
-0.62241 -1.5
-0.62216 -1.7
-0.62192 -1.9
-0.62168 -2.0
-0.62143 -2.2
-0.62119 -2.4
-0.62094 -2.5
-0.6207 -2.7
-0.62045 -2.8
-0.62021 -3.0
-0.61997 -3.1
-0.61972 -3.2
-0.61948 -3.3
-0.61923 -3.4
-0.61899 -3.5
-0.61875 -3.6
-0.6185 -3.7
-0.61826 -3.7
-0.61801 -3.8
-0.61777 -3.8
-0.61753 -3.8
-0.61728 -3.9
-0.61704 -3.9
-0.61679 -3.8
-0.61655 -3.8
-0.6163 -3.8
-0.61606 -3.8
-0.61582 -3.7
-0.61557 -3.6
-0.61533 -3.6
-0.61508 -3.5
-0.61484 -3.4
-0.6146 -3.3
-0.61435 -3.2
-0.61411 -3.0
-0.61386 -2.9
-0.61362 -2.8
-0.61337 -2.6
-0.61313 -2.4
-0.61289 -2.3
-0.61264 -2.1
-0.6124 -1.9
-0.61215 -1.7
-0.61191 -1.5
-0.61167 -1.4
-0.61142 -1.2
-0.61118 -1.0
-0.61093 -0.7
-0.61069 -0.5
-0.61045 -0.3
-0.6102 -0.1
-0.60996 0.0
-0.60971 0.3
-0.60947 0.5
-0.60922 0.7
-0.60898 0.9
-0.60874 1.1
-0.60849 1.3
-0.60825 1.5
-0.608 1.7
-0.60776 1.9
-0.60752 2.1
-0.60727 2.3
-0.60703 2.4
-0.60678 2.6
-0.60654 2.7
-0.60629 2.9
-0.60605 3.0
-0.60581 3.2
-0.60556 3.3
-0.60532 3.4
-0.60507 3.5
-0.60483 3.6
-0.60459 3.6
-0.60434 3.7
-0.6041 3.8
-0.60385 3.8
-0.60361 3.8
-0.60336 3.9
-0.60312 3.9
-0.60288 3.9
-0.60263 3.9
-0.60239 3.8
-0.60214 3.8
-0.6019 3.8
-0.60166 3.7
-0.60141 3.6
-0.60117 3.5
-0.60092 3.5
-0.60068 3.4
-0.60044 3.2
-0.60019 3.1
-0.59995 3.0
-0.5997 2.8
-0.59946 2.7
-0.59921 2.5
-0.59897 2.4
-0.59873 2.2
-0.59848 2.0
-0.59824 1.8
-0.59799 1.7
-0.59775 1.5
-0.59751 1.3
-0.59726 1.1
-0.59702 0.8
-0.59677 0.6
-0.59653 0.4
-0.59628 0.2
-0.59604 0.0
-0.5958 -0.2
-0.59555 -0.4
-0.59531 -0.6
-0.59506 -0.8
-0.59482 -1.1
-0.59458 -1.3
-0.59433 -1.5
-0.59409 -1.7
-0.59384 -1.8
-0.5936 -2.0
-0.59336 -2.2
-0.59311 -2.4
-0.59287 -2.6
-0.59262 -2.7
-0.59238 -2.9
-0.59213 -3.0
-0.59189 -3.1
-0.59165 -3.3
-0.5914 -3.4
-0.59116 -3.5
-0.59091 -3.6
-0.59067 -3.6
-0.59043 -3.7
-0.59018 -3.8
-0.58994 -3.8
-0.58969 -3.9
-0.58945 -3.9
-0.5892 -3.9
-0.58896 -3.9
-0.58872 -3.9
-0.58847 -3.9
-0.58823 -3.8
-0.58798 -3.8
-0.58774 -3.7
-0.5875 -3.7
-0.58725 -3.6
-0.58701 -3.5
-0.58676 -3.4
-0.58652 -3.3
-0.58628 -3.1
-0.58603 -3.0
-0.58579 -2.9
-0.58554 -2.7
-0.5853 -2.6
-0.58505 -2.4
-0.58481 -2.2
-0.58457 -2.0
-0.58432 -1.9
-0.58408 -1.7
-0.58383 -1.5
-0.58359 -1.3
-0.58335 -1.1
-0.5831 -0.8
-0.58286 -0.6
-0.58261 -0.4
-0.58237 -0.2
-0.58212 0.0
-0.58188 0.2
-0.58164 0.4
-0.58139 0.7
-0.58115 0.9
-0.5809 1.1
-0.58066 1.3
-0.58042 1.5
-0.58017 1.7
-0.57993 1.9
-0.57968 2.1
-0.57944 2.2
-0.5792 2.4
-0.57895 2.6
-0.57871 2.7
-0.57846 2.9
-0.57822 3.0
-0.57797 3.2
-0.57773 3.3
-0.57749 3.4
-0.57724 3.5
-0.577 3.6
-0.57675 3.7
-0.57651 3.8
-0.57627 3.8
-0.57602 3.9
-0.57578 3.9
-0.57553 3.9
-0.57529 3.9
-0.57504 3.9
-0.5748 3.9
-0.57456 3.9
-0.57431 3.8
-0.57407 3.8
-0.57382 3.7
-0.57358 3.6
-0.57334 3.6
-0.57309 3.5
-0.57285 3.4
-0.5726 3.2
-0.57236 3.1
-0.57211 3.0
-0.57187 2.8
-0.57163 2.7
-0.57138 2.5
-0.57114 2.3
-0.57089 2.2
-0.57065 2.0
-0.57041 1.8
-0.57016 1.6
-0.56992 1.4
-0.56967 1.2
-0.56943 1.0
-0.56919 0.8
-0.56894 0.5
-0.5687 0.3
-0.56845 0.0
-0.56821 -0.1
-0.56796 -0.3
-0.56772 -0.6
-0.56748 -0.8
-0.56723 -1.0
-0.56699 -1.2
-0.56674 -1.4
-0.5665 -1.6
-0.56626 -1.8
-0.56601 -2.0
-0.56577 -2.2
-0.56552 -2.4
-0.56528 -2.5
-0.56503 -2.7
-0.56479 -2.9
-0.56455 -3.0
-0.5643 -3.1
-0.56406 -3.3
-0.56381 -3.4
-0.56357 -3.5
-0.56333 -3.6
-0.56308 -3.7
-0.56284 -3.8
-0.56259 -3.8
-0.56235 -3.9
-0.56211 -3.9
-0.56186 -3.9
-0.56162 -3.9
-0.56137 -3.9
-0.56113 -3.9
-0.56088 -3.9
-0.56064 -3.9
-0.5604 -3.8
-0.56015 -3.8
-0.55991 -3.7
-0.55966 -3.6
-0.55942 -3.5
-0.55918 -3.4
-0.55893 -3.3
-0.55869 -3.2
-0.55844 -3.0
-0.5582 -2.9
-0.55795 -2.7
-0.55771 -2.5
-0.55747 -2.4
-0.55722 -2.2
-0.55698 -2.0
-0.55673 -1.8
-0.55649 -1.6
-0.55625 -1.4
-0.556 -1.2
-0.55576 -1.0
-0.55551 -0.8
-0.55527 -0.5
-0.55503 -0.3
-0.55478 -0.1
-0.55454 0.1
-0.55429 0.3
-0.55405 0.6
-0.5538 0.8
-0.55356 1.0
-0.55332 1.2
-0.55307 1.4
-0.55283 1.6
-0.55258 1.8
-0.55234 2.0
-0.5521 2.2
-0.55185 2.4
-0.55161 2.6
-0.55136 2.7
-0.55112 2.9
-0.55087 3.0
-0.55063 3.2
-0.55039 3.3
-0.55014 3.4
-0.5499 3.5
-0.54965 3.6
-0.54941 3.7
-0.54917 3.8
-0.54892 3.8
-0.54868 3.9
-0.54843 3.9
-0.54819 4.0
-0.54795 4.0
-0.5477 4.0
-0.54746 3.9
-0.54721 3.9
-0.54697 3.9
-0.54672 3.8
-0.54648 3.8
-0.54624 3.7
-0.54599 3.6
-0.54575 3.5
-0.5455 3.4
-0.54526 3.3
-0.54502 3.1
-0.54477 3.0
-0.54453 2.8
-0.54428 2.7
-0.54404 2.5
-0.54379 2.3
-0.54355 2.1
-0.54331 1.9
-0.54306 1.7
-0.54282 1.5
-0.54257 1.3
-0.54233 1.1
-0.54209 0.9
-0.54184 0.7
-0.5416 0.4
-0.54135 0.2
-0.54111 0.0
-0.54086 -0.2
-0.54062 -0.5
-0.54038 -0.7
-0.54013 -0.9
-0.53989 -1.1
-0.53964 -1.3
-0.5394 -1.5
-0.53916 -1.7
-0.53891 -1.9
-0.53867 -2.1
-0.53842 -2.3
-0.53818 -2.5
-0.53794 -2.7
-0.53769 -2.8
-0.53745 -3.0
-0.5372 -3.1
-0.53696 -3.3
-0.53671 -3.4
-0.53647 -3.5
-0.53623 -3.6
-0.53598 -3.7
-0.53574 -3.8
-0.53549 -3.8
-0.53525 -3.9
-0.53501 -3.9
-0.53476 -4.0
-0.53452 -4.0
-0.53427 -4.0
-0.53403 -4.0
-0.53378 -3.9
-0.53354 -3.9
-0.5333 -3.9
-0.53305 -3.8
-0.53281 -3.7
-0.53256 -3.6
-0.53232 -3.5
-0.53208 -3.4
-0.53183 -3.3
-0.53159 -3.2
-0.53134 -3.0
-0.5311 -2.9
-0.53086 -2.7
-0.53061 -2.5
-0.53037 -2.4
-0.53012 -2.2
-0.52988 -2.0
-0.52963 -1.8
-0.52939 -1.6
-0.52915 -1.4
-0.5289 -1.1
-0.52866 -0.9
-0.52841 -0.7
-0.52817 -0.5
-0.52793 -0.2
-0.52768 0.0
-0.52744 0.2
-0.52719 0.4
-0.52695 0.7
-0.5267 0.9
-0.52646 1.1
-0.52622 1.3
-0.52597 1.6
-0.52573 1.8
-0.52548 2.0
-0.52524 2.2
-0.525 2.3
-0.52475 2.5
-0.52451 2.7
-0.52426 2.9
-0.52402 3.0
-0.52378 3.2
-0.52353 3.3
-0.52329 3.4
-0.52304 3.5
-0.5228 3.6
-0.52255 3.7
-0.52231 3.8
-0.52207 3.9
-0.52182 3.9
-0.52158 4.0
-0.52133 4.0
-0.52109 4.0
-0.52085 4.0
-0.5206 4.0
-0.52036 4.0
-0.52011 3.9
-0.51987 3.9
-0.51962 3.8
-0.51938 3.7
-0.51914 3.6
-0.51889 3.5
-0.51865 3.4
-0.5184 3.3
-0.51816 3.1
-0.51792 3.0
-0.51767 2.8
-0.51743 2.7
-0.51718 2.5
-0.51694 2.3
-0.5167 2.1
-0.51645 1.9
-0.51621 1.7
-0.51596 1.5
-0.51572 1.3
-0.51547 1.1
-0.51523 0.8
-0.51499 0.6
-0.51474 0.4
-0.5145 0.1
-0.51425 0.0
-0.51401 -0.3
-0.51377 -0.5
-0.51352 -0.8
-0.51328 -1.0
-0.51303 -1.2
-0.51279 -1.4
-0.51254 -1.7
-0.5123 -1.9
-0.51206 -2.1
-0.51181 -2.3
-0.51157 -2.5
-0.51132 -2.6
-0.51108 -2.8
-0.51084 -3.0
-0.51059 -3.1
-0.51035 -3.3
-0.5101 -3.4
-0.50986 -3.5
-0.50961 -3.6
-0.50937 -3.7
-0.50913 -3.8
-0.50888 -3.9
-0.50864 -3.9
-0.50839 -4.0
-0.50815 -4.0
-0.50791 -4.0
-0.50766 -4.0
-0.50742 -4.0
-0.50717 -4.0
-0.50693 -4.0
-0.50669 -3.9
-0.50644 -3.8
-0.5062 -3.8
-0.50595 -3.7
-0.50571 -3.6
-0.50546 -3.5
-0.50522 -3.3
-0.50498 -3.2
-0.50473 -3.1
-0.50449 -2.9
-0.50424 -2.7
-0.504 -2.5
-0.50376 -2.4
-0.50351 -2.2
-0.50327 -2.0
-0.50302 -1.8
-0.50278 -1.5
-0.50253 -1.3
-0.50229 -1.1
-0.50205 -0.9
-0.5018 -0.6
-0.50156 -0.4
-0.50131 -0.2
-0.50107 0.0
-0.50083 0.3
-0.50058 0.5
-0.50034 0.8
-0.50009 1.0
-0.49985 1.2
-0.49961 1.5
-0.49936 1.7
-0.49912 1.9
-0.49887 2.1
-0.49863 2.3
-0.49838 2.5
-0.49814 2.7
-0.4979 2.8
-0.49765 3.0
-0.49741 3.2
-0.49716 3.3
-0.49692 3.4
-0.49668 3.6
-0.49643 3.7
-0.49619 3.8
-0.49594 3.8
-0.4957 3.9
-0.49545 4.0
-0.49521 4.0
-0.49497 4.0
-0.49472 4.1
-0.49448 4.1
-0.49423 4.0
-0.49399 4.0
-0.49375 4.0
-0.4935 3.9
-0.49326 3.9
-0.49301 3.8
-0.49277 3.7
-0.49253 3.6
-0.49228 3.5
-0.49204 3.3
-0.49179 3.2
-0.49155 3.0
-0.4913 2.9
-0.49106 2.7
-0.49082 2.5
-0.49057 2.3
-0.49033 2.1
-0.49008 1.9
-0.48984 1.7
-0.4896 1.5
-0.48935 1.3
-0.48911 1.0
-0.48886 0.8
-0.48862 0.6
-0.48837 0.3
-0.48813 0.0
-0.48789 -0.2
-0.48764 -0.4
-0.4874 -0.6
-0.48715 -0.9
-0.48691 -1.1
-0.48667 -1.3
-0.48642 -1.6
-0.48618 -1.8
-0.48593 -2.0
-0.48569 -2.2
-0.48545 -2.4
-0.4852 -2.6
-0.48496 -2.8
-0.48471 -2.9
-0.48447 -3.1
-0.48422 -3.3
-0.48398 -3.4
-0.48374 -3.5
-0.48349 -3.6
-0.48325 -3.7
-0.483 -3.8
-0.48276 -3.9
-0.48252 -4.0
-0.48227 -4.0
-0.48203 -4.1
-0.48178 -4.1
-0.48154 -4.1
-0.48129 -4.1
-0.48105 -4.1
-0.48081 -4.0
-0.48056 -4.0
-0.48032 -3.9
-0.48007 -3.8
-0.47983 -3.7
-0.47959 -3.6
-0.47934 -3.5
-0.4791 -3.4
-0.47885 -3.2
-0.47861 -3.1
-0.47836 -2.9
-0.47812 -2.7
-0.47788 -2.6
-0.47763 -2.4
-0.47739 -2.2
-0.47714 -2.0
-0.4769 -1.7
-0.47666 -1.5
-0.47641 -1.3
-0.47617 -1.1
-0.47592 -0.8
-0.47568 -0.6
-0.47544 -0.3
-0.47519 -0.1
-0.47495 0.1
-0.4747 0.4
-0.47446 0.6
-0.47421 0.9
-0.47397 1.1
-0.47373 1.3
-0.47348 1.6
-0.47324 1.8
-0.47299 2.0
-0.47275 2.2
-0.47251 2.4
-0.47226 2.6
-0.47202 2.8
-0.47177 3.0
-0.47153 3.1
-0.47128 3.3
-0.47104 3.4
-0.4708 3.5
-0.47055 3.7
-0.47031 3.8
-0.47006 3.9
-0.46982 3.9
-0.46958 4.0
-0.46933 4.0
-0.46909 4.1
-0.46884 4.1
-0.4686 4.1
-0.46836 4.1
-0.46811 4.1
-0.46787 4.0
-0.46762 4.0
-0.46738 3.9
-0.46713 3.8
-0.46689 3.7
-0.46665 3.6
-0.4664 3.5
-0.46616 3.4
-0.46591 3.2
-0.46567 3.1
-0.46543 2.9
-0.46518 2.7
-0.46494 2.5
-0.46469 2.3
-0.46445 2.1
-0.4642 1.9
-0.46396 1.7
-0.46372 1.5
-0.46347 1.2
-0.46323 1.0
-0.46298 0.7
-0.46274 0.5
-0.4625 0.3
-0.46225 0.0
-0.46201 -0.2
-0.46176 -0.5
-0.46152 -0.7
-0.46128 -1.0
-0.46103 -1.2
-0.46079 -1.4
-0.46054 -1.7
-0.4603 -1.9
-0.46005 -2.1
-0.45981 -2.3
-0.45957 -2.5
-0.45932 -2.7
-0.45908 -2.9
-0.45883 -3.1
-0.45859 -3.2
-0.45835 -3.4
-0.4581 -3.5
-0.45786 -3.6
-0.45761 -3.7
-0.45737 -3.8
-0.45712 -3.9
-0.45688 -4.0
-0.45664 -4.1
-0.45639 -4.1
-0.45615 -4.1
-0.4559 -4.1
-0.45566 -4.1
-0.45542 -4.1
-0.45517 -4.1
-0.45493 -4.0
-0.45468 -4.0
-0.45444 -3.9
-0.4542 -3.8
-0.45395 -3.7
-0.45371 -3.6
-0.45346 -3.4
-0.45322 -3.3
-0.45297 -3.1
-0.45273 -3.0
-0.45249 -2.8
-0.45224 -2.6
-0.452 -2.4
-0.45175 -2.2
-0.45151 -2.0
-0.45127 -1.7
-0.45102 -1.5
-0.45078 -1.3
-0.45053 -1.0
-0.45029 -0.8
-0.45004 -0.5
-0.4498 -0.3
-0.44956 0.0
-0.44931 0.2
-0.44907 0.5
-0.44882 0.7
-0.44858 1.0
-0.44834 1.2
-0.44809 1.4
-0.44785 1.7
-0.4476 1.9
-0.44736 2.1
-0.44711 2.3
-0.44687 2.5
-0.44663 2.7
-0.44638 2.9
-0.44614 3.1
-0.44589 3.3
-0.44565 3.4
-0.44541 3.5
-0.44516 3.7
-0.44492 3.8
-0.44467 3.9
-0.44443 4.0
-0.44419 4.0
-0.44394 4.1
-0.4437 4.1
-0.44345 4.1
-0.44321 4.2
-0.44296 4.1
-0.44272 4.1
-0.44248 4.1
-0.44223 4.0
-0.44199 4.0
-0.44174 3.9
-0.4415 3.8
-0.44126 3.7
-0.44101 3.6
-0.44077 3.4
-0.44052 3.3
-0.44028 3.1
-0.44003 2.9
-0.43979 2.7
-0.43955 2.5
-0.4393 2.3
-0.43906 2.1
-0.43881 1.9
-0.43857 1.7
-0.43833 1.4
-0.43808 1.2
-0.43784 0.9
-0.43759 0.7
-0.43735 0.4
-0.43711 0.2
-0.43686 0.0
-0.43662 -0.3
-0.43637 -0.6
-0.43613 -0.8
-0.43588 -1.1
-0.43564 -1.3
-0.4354 -1.6
-0.43515 -1.8
-0.43491 -2.0
-0.43466 -2.2
-0.43442 -2.5
-0.43418 -2.7
-0.43393 -2.8
-0.43369 -3.0
-0.43344 -3.2
-0.4332 -3.4
-0.43295 -3.5
-0.43271 -3.6
-0.43247 -3.8
-0.43222 -3.9
-0.43198 -4.0
-0.43173 -4.0
-0.43149 -4.1
-0.43125 -4.1
-0.431 -4.2
-0.43076 -4.2
-0.43051 -4.2
-0.43027 -4.2
-0.43003 -4.1
-0.42978 -4.1
-0.42954 -4.0
-0.42929 -3.9
-0.42905 -3.8
-0.4288 -3.7
-0.42856 -3.6
-0.42832 -3.5
-0.42807 -3.3
-0.42783 -3.2
-0.42758 -3.0
-0.42734 -2.8
-0.4271 -2.6
-0.42685 -2.4
-0.42661 -2.2
-0.42636 -2.0
-0.42612 -1.7
-0.42587 -1.5
-0.42563 -1.2
-0.42539 -1.0
-0.42514 -0.7
-0.4249 -0.5
-0.42465 -0.2
-0.42441 0.0
-0.42417 0.3
-0.42392 0.6
-0.42368 0.8
-0.42343 1.1
-0.42319 1.3
-0.42295 1.6
-0.4227 1.8
-0.42246 2.0
-0.42221 2.3
-0.42197 2.5
-0.42172 2.7
-0.42148 2.9
-0.42124 3.1
-0.42099 3.2
-0.42075 3.4
-0.4205 3.5
-0.42026 3.7
-0.42002 3.8
-0.41977 3.9
-0.41953 4.0
-0.41928 4.1
-0.41904 4.1
-0.41879 4.2
-0.41855 4.2
-0.41831 4.2
-0.41806 4.2
-0.41782 4.2
-0.41757 4.1
-0.41733 4.1
-0.41709 4.0
-0.41684 3.9
-0.4166 3.8
-0.41635 3.7
-0.41611 3.6
-0.41586 3.5
-0.41562 3.3
-0.41538 3.1
-0.41513 2.9
-0.41489 2.8
-0.41464 2.6
-0.4144 2.3
-0.41416 2.1
-0.41391 1.9
-0.41367 1.6
-0.41342 1.4
-0.41318 1.2
-0.41294 0.9
-0.41269 0.6
-0.41245 0.4
-0.4122 0.1
-0.41196 -0.2
-0.41171 -0.4
-0.41147 -0.7
-0.41123 -0.9
-0.41098 -1.2
-0.41074 -1.4
-0.41049 -1.7
-0.41025 -1.9
-0.41001 -2.2
-0.40976 -2.4
-0.40952 -2.6
-0.40927 -2.8
-0.40903 -3.0
-0.40878 -3.2
-0.40854 -3.3
-0.4083 -3.5
-0.40805 -3.6
-0.40781 -3.8
-0.40756 -3.9
-0.40732 -4.0
-0.40708 -4.1
-0.40683 -4.1
-0.40659 -4.2
-0.40634 -4.2
-0.4061 -4.2
-0.40586 -4.2
-0.40561 -4.2
-0.40537 -4.2
-0.40512 -4.1
-0.40488 -4.1
-0.40463 -4.0
-0.40439 -3.9
-0.40415 -3.8
-0.4039 -3.7
-0.40366 -3.5
-0.40341 -3.4
-0.40317 -3.2
-0.40293 -3.0
-0.40268 -2.8
-0.40244 -2.6
-0.40219 -2.4
-0.40195 -2.2
-0.4017 -1.9
-0.40146 -1.7
-0.40122 -1.4
-0.40097 -1.2
-0.40073 -0.9
-0.40048 -0.7
-0.40024 -0.4
-0.4 -0.1
-0.39975 0.1
-0.39951 0.4
-0.39926 0.7
-0.39902 0.9
-0.39878 1.2
-0.39853 1.5
-0.39829 1.7
-0.39804 1.9
-0.3978 2.2
-0.39755 2.4
-0.39731 2.6
-0.39707 2.8
-0.39682 3.0
-0.39658 3.2
-0.39633 3.4
-0.39609 3.5
-0.39585 3.7
-0.3956 3.8
-0.39536 3.9
-0.39511 4.0
-0.39487 4.1
-0.39462 4.2
-0.39438 4.2
-0.39414 4.3
-0.39389 4.3
-0.39365 4.3
-0.3934 4.2
-0.39316 4.2
-0.39292 4.2
-0.39267 4.1
-0.39243 4.0
-0.39218 3.9
-0.39194 3.8
-0.3917 3.6
-0.39145 3.5
-0.39121 3.3
-0.39096 3.2
-0.39072 3.0
-0.39047 2.8
-0.39023 2.5
-0.38999 2.3
-0.38974 2.1
-0.3895 1.9
-0.38925 1.6
-0.38901 1.3
-0.38877 1.1
-0.38852 0.8
-0.38828 0.6
-0.38803 0.3
-0.38779 0.0
-0.38754 -0.3
-0.3873 -0.5
-0.38706 -0.8
-0.38681 -1.1
-0.38657 -1.3
-0.38632 -1.6
-0.38608 -1.8
-0.38584 -2.1
-0.38559 -2.3
-0.38535 -2.5
-0.3851 -2.8
-0.38486 -3.0
-0.38461 -3.2
-0.38437 -3.3
-0.38413 -3.5
-0.38388 -3.7
-0.38364 -3.8
-0.38339 -3.9
-0.38315 -4.0
-0.38291 -4.1
-0.38266 -4.2
-0.38242 -4.2
-0.38217 -4.3
-0.38193 -4.3
-0.38169 -4.3
-0.38144 -4.3
-0.3812 -4.2
-0.38095 -4.2
-0.38071 -4.1
-0.38046 -4.0
-0.38022 -3.9
-0.37998 -3.8
-0.37973 -3.7
-0.37949 -3.5
-0.37924 -3.4
-0.379 -3.2
-0.37876 -3.0
-0.37851 -2.8
-0.37827 -2.6
-0.37802 -2.4
-0.37778 -2.1
-0.37753 -1.9
-0.37729 -1.6
-0.37705 -1.4
-0.3768 -1.1
-0.37656 -0.8
-0.37631 -0.6
-0.37607 -0.3
-0.37583 0.0
-0.37558 0.3
-0.37534 0.5
-0.37509 0.8
-0.37485 1.1
-0.37461 1.4
-0.37436 1.6
-0.37412 1.9
-0.37387 2.1
-0.37363 2.4
-0.37338 2.6
-0.37314 2.8
-0.3729 3.0
-0.37265 3.2
-0.37241 3.4
-0.37216 3.6
-0.37192 3.7
-0.37168 3.8
-0.37143 4.0
-0.37119 4.1
-0.37094 4.2
-0.3707 4.2
-0.37045 4.3
-0.37021 4.3
-0.36997 4.3
-0.36972 4.3
-0.36948 4.3
-0.36923 4.3
-0.36899 4.2
-0.36875 4.1
-0.3685 4.0
-0.36826 3.9
-0.36801 3.8
-0.36777 3.7
-0.36753 3.5
-0.36728 3.3
-0.36704 3.2
-0.36679 3.0
-0.36655 2.7
-0.3663 2.5
-0.36606 2.3
-0.36582 2.0
-0.36557 1.8
-0.36533 1.5
-0.36508 1.3
-0.36484 1.0
-0.3646 0.7
-0.36435 0.4
-0.36411 0.2
-0.36386 -0.1
-0.36362 -0.4
-0.36337 -0.7
-0.36313 -1.0
-0.36289 -1.2
-0.36264 -1.5
-0.3624 -1.8
-0.36215 -2.0
-0.36191 -2.3
-0.36167 -2.5
-0.36142 -2.7
-0.36118 -3.0
-0.36093 -3.2
-0.36069 -3.4
-0.36045 -3.5
-0.3602 -3.7
-0.35996 -3.8
-0.35971 -4.0
-0.35947 -4.1
-0.35922 -4.2
-0.35898 -4.2
-0.35874 -4.3
-0.35849 -4.3
-0.35825 -4.4
-0.358 -4.4
-0.35776 -4.3
-0.35752 -4.3
-0.35727 -4.3
-0.35703 -4.2
-0.35678 -4.1
-0.35654 -4.0
-0.35629 -3.9
-0.35605 -3.7
-0.35581 -3.6
-0.35556 -3.4
-0.35532 -3.2
-0.35507 -3.0
-0.35483 -2.8
-0.35459 -2.6
-0.35434 -2.3
-0.3541 -2.1
-0.35385 -1.8
-0.35361 -1.5
-0.35336 -1.3
-0.35312 -1.0
-0.35288 -0.7
-0.35263 -0.4
-0.35239 -0.1
-0.35214 0.1
-0.3519 0.4
-0.35166 0.7
-0.35141 1.0
-0.35117 1.3
-0.35092 1.6
-0.35068 1.8
-0.35044 2.1
-0.35019 2.3
-0.34995 2.6
-0.3497 2.8
-0.34946 3.0
-0.34921 3.2
-0.34897 3.4
-0.34873 3.6
-0.34848 3.7
-0.34824 3.9
-0.34799 4.0
-0.34775 4.1
-0.34751 4.2
-0.34726 4.3
-0.34702 4.3
-0.34677 4.4
-0.34653 4.4
-0.34628 4.4
-0.34604 4.4
-0.3458 4.3
-0.34555 4.3
-0.34531 4.2
-0.34506 4.1
-0.34482 4.0
-0.34458 3.8
-0.34433 3.7
-0.34409 3.5
-0.34384 3.3
-0.3436 3.1
-0.34336 2.9
-0.34311 2.7
-0.34287 2.5
-0.34262 2.2
-0.34238 2.0
-0.34213 1.7
-0.34189 1.4
-0.34165 1.1
-0.3414 0.8
-0.34116 0.6
-0.34091 0.3
-0.34067 0.0
-0.34043 -0.3
-0.34018 -0.6
-0.33994 -0.9
-0.33969 -1.2
-0.33945 -1.5
-0.3392 -1.7
-0.33896 -2.0
-0.33872 -2.3
-0.33847 -2.5
-0.33823 -2.8
-0.33798 -3.0
-0.33774 -3.2
-0.3375 -3.4
-0.33725 -3.6
-0.33701 -3.7
-0.33676 -3.9
-0.33652 -4.0
-0.33628 -4.1
-0.33603 -4.2
-0.33579 -4.3
-0.33554 -4.4
-0.3353 -4.4
-0.33505 -4.4
-0.33481 -4.4
-0.33457 -4.4
-0.33432 -4.4
-0.33408 -4.3
-0.33383 -4.2
-0.33359 -4.1
-0.33335 -4.0
-0.3331 -3.9
-0.33286 -3.7
-0.33261 -3.5
-0.33237 -3.4
-0.33212 -3.2
-0.33188 -2.9
-0.33164 -2.7
-0.33139 -2.5
-0.33115 -2.2
-0.3309 -2.0
-0.33066 -1.7
-0.33042 -1.4
-0.33017 -1.1
-0.32993 -0.8
-0.32968 -0.5
-0.32944 -0.2
-0.3292 0.0
-0.32895 0.4
-0.32871 0.7
-0.32846 1.0
-0.32822 1.3
-0.32797 1.5
-0.32773 1.8
-0.32749 2.1
-0.32724 2.4
-0.327 2.6
-0.32675 2.8
-0.32651 3.1
-0.32627 3.3
-0.32602 3.5
-0.32578 3.7
-0.32553 3.8
-0.32529 4.0
-0.32504 4.1
-0.3248 4.2
-0.32456 4.3
-0.32431 4.4
-0.32407 4.4
-0.32382 4.5
-0.32358 4.5
-0.32334 4.5
-0.32309 4.4
-0.32285 4.4
-0.3226 4.3
-0.32236 4.2
-0.32211 4.1
-0.32187 4.0
-0.32163 3.8
-0.32138 3.7
-0.32114 3.5
-0.32089 3.3
-0.32065 3.1
-0.32041 2.8
-0.32016 2.6
-0.31992 2.3
-0.31967 2.1
-0.31943 1.8
-0.31919 1.5
-0.31894 1.2
-0.3187 0.9
-0.31845 0.6
-0.31821 0.3
-0.31796 0.0
-0.31772 -0.3
-0.31748 -0.6
-0.31723 -0.9
-0.31699 -1.2
-0.31674 -1.5
-0.3165 -1.8
-0.31626 -2.0
-0.31601 -2.3
-0.31577 -2.6
-0.31552 -2.8
-0.31528 -3.0
-0.31503 -3.3
-0.31479 -3.5
-0.31455 -3.7
-0.3143 -3.8
-0.31406 -4.0
-0.31381 -4.1
-0.31357 -4.2
-0.31333 -4.3
-0.31308 -4.4
-0.31284 -4.5
-0.31259 -4.5
-0.31235 -4.5
-0.31211 -4.5
-0.31186 -4.5
-0.31162 -4.4
-0.31137 -4.3
-0.31113 -4.2
-0.31088 -4.1
-0.31064 -4.0
-0.3104 -3.8
-0.31015 -3.7
-0.30991 -3.5
-0.30966 -3.3
-0.30942 -3.1
-0.30918 -2.8
-0.30893 -2.6
-0.30869 -2.3
-0.30844 -2.0
-0.3082 -1.8
-0.30795 -1.5
-0.30771 -1.2
-0.30747 -0.9
-0.30722 -0.6
-0.30698 -0.3
-0.30673 0.0
-0.30649 0.4
-0.30625 0.7
-0.306 1.0
-0.30576 1.3
-0.30551 1.6
-0.30527 1.9
-0.30503 2.2
-0.30478 2.4
-0.30454 2.7
-0.30429 2.9
-0.30405 3.2
-0.3038 3.4
-0.30356 3.6
-0.30332 3.8
-0.30307 3.9
-0.30283 4.1
-0.30258 4.2
-0.30234 4.3
-0.3021 4.4
-0.30185 4.5
-0.30161 4.5
-0.30136 4.5
-0.30112 4.5
-0.30087 4.5
-0.30063 4.5
-0.30039 4.4
-0.30014 4.3
-0.2999 4.2
-0.29965 4.1
-0.29941 3.9
-0.29917 3.8
-0.29892 3.6
-0.29868 3.4
-0.29843 3.2
-0.29819 2.9
-0.29795 2.7
-0.2977 2.4
-0.29746 2.1
-0.29721 1.9
-0.29697 1.6
-0.29672 1.3
-0.29648 1.0
-0.29624 0.6
-0.29599 0.3
-0.29575 0.0
-0.2955 -0.3
-0.29526 -0.6
-0.29502 -0.9
-0.29477 -1.3
-0.29453 -1.6
-0.29428 -1.9
-0.29404 -2.1
-0.29379 -2.4
-0.29355 -2.7
-0.29331 -2.9
-0.29306 -3.2
-0.29282 -3.4
-0.29257 -3.6
-0.29233 -3.8
-0.29209 -4.0
-0.29184 -4.1
-0.2916 -4.2
-0.29135 -4.3
-0.29111 -4.4
-0.29086 -4.5
-0.29062 -4.5
-0.29038 -4.6
-0.29013 -4.6
-0.28989 -4.5
-0.28964 -4.5
-0.2894 -4.4
-0.28916 -4.3
-0.28891 -4.2
-0.28867 -4.1
-0.28842 -3.9
-0.28818 -3.8
-0.28794 -3.6
-0.28769 -3.4
-0.28745 -3.1
-0.2872 -2.9
-0.28696 -2.6
-0.28671 -2.4
-0.28647 -2.1
-0.28623 -1.8
-0.28598 -1.5
-0.28574 -1.2
-0.28549 -0.9
-0.28525 -0.5
-0.28501 -0.2
-0.28476 0.1
-0.28452 0.4
-0.28427 0.8
-0.28403 1.1
-0.28378 1.4
-0.28354 1.7
-0.2833 2.0
-0.28305 2.3
-0.28281 2.6
-0.28256 2.8
-0.28232 3.1
-0.28208 3.3
-0.28183 3.5
-0.28159 3.7
-0.28134 3.9
-0.2811 4.1
-0.28086 4.2
-0.28061 4.3
-0.28037 4.4
-0.28012 4.5
-0.27988 4.6
-0.27963 4.6
-0.27939 4.6
-0.27915 4.6
-0.2789 4.6
-0.27866 4.5
-0.27841 4.4
-0.27817 4.3
-0.27793 4.2
-0.27768 4.0
-0.27744 3.8
-0.27719 3.6
-0.27695 3.4
-0.2767 3.2
-0.27646 3.0
-0.27622 2.7
-0.27597 2.4
-0.27573 2.1
-0.27548 1.8
-0.27524 1.5
-0.275 1.2
-0.27475 0.9
-0.27451 0.6
-0.27426 0.2
-0.27402 -0.1
-0.27378 -0.4
-0.27353 -0.8
-0.27329 -1.1
-0.27304 -1.4
-0.2728 -1.7
-0.27255 -2.0
-0.27231 -2.3
-0.27207 -2.6
-0.27182 -2.9
-0.27158 -3.1
-0.27133 -3.4
-0.27109 -3.6
-0.27085 -3.8
-0.2706 -4.0
-0.27036 -4.1
-0.27011 -4.3
-0.26987 -4.4
-0.26962 -4.5
-0.26938 -4.6
-0.26914 -4.6
-0.26889 -4.6
-0.26865 -4.6
-0.2684 -4.6
-0.26816 -4.6
-0.26792 -4.5
-0.26767 -4.4
-0.26743 -4.3
-0.26718 -4.1
-0.26694 -4.0
-0.2667 -3.8
-0.26645 -3.6
-0.26621 -3.4
-0.26596 -3.1
-0.26572 -2.9
-0.26547 -2.6
-0.26523 -2.3
-0.26499 -2.0
-0.26474 -1.7
-0.2645 -1.4
-0.26425 -1.1
-0.26401 -0.7
-0.26377 -0.4
-0.26352 0.0
-0.26328 0.3
-0.26303 0.6
-0.26279 1.0
-0.26254 1.3
-0.2623 1.6
-0.26206 1.9
-0.26181 2.2
-0.26157 2.5
-0.26132 2.8
-0.26108 3.1
-0.26084 3.3
-0.26059 3.6
-0.26035 3.8
-0.2601 4.0
-0.25986 4.1
-0.25961 4.3
-0.25937 4.4
-0.25913 4.5
-0.25888 4.6
-0.25864 4.7
-0.25839 4.7
-0.25815 4.7
-0.25791 4.7
-0.25766 4.6
-0.25742 4.6
-0.25717 4.5
-0.25693 4.3
-0.25669 4.2
-0.25644 4.0
-0.2562 3.8
-0.25595 3.6
-0.25571 3.4
-0.25546 3.2
-0.25522 2.9
-0.25498 2.6
-0.25473 2.3
-0.25449 2.0
-0.25424 1.7
-0.254 1.4
-0.25376 1.0
-0.25351 0.7
-0.25327 0.4
-0.25302 0.0
-0.25278 -0.3
-0.25253 -0.7
-0.25229 -1.0
-0.25205 -1.4
-0.2518 -1.7
-0.25156 -2.0
-0.25131 -2.3
-0.25107 -2.6
-0.25083 -2.9
-0.25058 -3.2
-0.25034 -3.4
-0.25009 -3.7
-0.24985 -3.9
-0.24961 -4.1
-0.24936 -4.2
-0.24912 -4.4
-0.24887 -4.5
-0.24863 -4.6
-0.24838 -4.7
-0.24814 -4.7
-0.2479 -4.7
-0.24765 -4.7
-0.24741 -4.7
-0.24716 -4.6
-0.24692 -4.6
-0.24668 -4.4
-0.24643 -4.3
-0.24619 -4.2
-0.24594 -4.0
-0.2457 -3.8
-0.24545 -3.5
-0.24521 -3.3
-0.24497 -3.0
-0.24472 -2.8
-0.24448 -2.5
-0.24423 -2.2
-0.24399 -1.8
-0.24375 -1.5
-0.2435 -1.2
-0.24326 -0.8
-0.24301 -0.5
-0.24277 -0.1
-0.24253 0.2
-0.24228 0.6
-0.24204 0.9
-0.24179 1.3
-0.24155 1.6
-0.2413 2.0
-0.24106 2.3
-0.24082 2.6
-0.24057 2.9
-0.24033 3.2
-0.24008 3.4
-0.23984 3.7
-0.2396 3.9
-0.23935 4.1
-0.23911 4.3
-0.23886 4.4
-0.23862 4.5
-0.23837 4.6
-0.23813 4.7
-0.23789 4.8
-0.23764 4.8
-0.2374 4.8
-0.23715 4.7
-0.23691 4.7
-0.23667 4.6
-0.23642 4.5
-0.23618 4.3
-0.23593 4.2
-0.23569 4.0
-0.23545 3.8
-0.2352 3.5
-0.23496 3.3
-0.23471 3.0
-0.23447 2.7
-0.23422 2.4
-0.23398 2.1
-0.23374 1.8
-0.23349 1.4
-0.23325 1.1
-0.233 0.7
-0.23276 0.4
-0.23252 0.0
-0.23227 -0.4
-0.23203 -0.7
-0.23178 -1.1
-0.23154 -1.4
-0.23129 -1.8
-0.23105 -2.1
-0.23081 -2.4
-0.23056 -2.7
-0.23032 -3.0
-0.23007 -3.3
-0.22983 -3.6
-0.22959 -3.8
-0.22934 -4.0
-0.2291 -4.2
-0.22885 -4.4
-0.22861 -4.5
-0.22836 -4.6
-0.22812 -4.7
-0.22788 -4.8
-0.22763 -4.8
-0.22739 -4.8
-0.22714 -4.8
-0.2269 -4.7
-0.22666 -4.7
-0.22641 -4.6
-0.22617 -4.4
-0.22592 -4.3
-0.22568 -4.1
-0.22544 -3.9
-0.22519 -3.6
-0.22495 -3.4
-0.2247 -3.1
-0.22446 -2.8
-0.22421 -2.5
-0.22397 -2.2
-0.22373 -1.8
-0.22348 -1.5
-0.22324 -1.1
-0.22299 -0.8
-0.22275 -0.4
-0.22251 0.0
-0.22226 0.3
-0.22202 0.7
-0.22177 1.1
-0.22153 1.4
-0.22128 1.8
-0.22104 2.1
-0.2208 2.5
-0.22055 2.8
-0.22031 3.1
-0.22006 3.4
-0.21982 3.6
-0.21958 3.9
-0.21933 4.1
-0.21909 4.3
-0.21884 4.4
-0.2186 4.6
-0.21836 4.7
-0.21811 4.8
-0.21787 4.8
-0.21762 4.9
-0.21738 4.9
-0.21713 4.8
-0.21689 4.8
-0.21665 4.7
-0.2164 4.6
-0.21616 4.4
-0.21591 4.2
-0.21567 4.1
-0.21543 3.8
-0.21518 3.6
-0.21494 3.3
-0.21469 3.0
-0.21445 2.7
-0.2142 2.4
-0.21396 2.0
-0.21372 1.7
-0.21347 1.3
-0.21323 1.0
-0.21298 0.6
-0.21274 0.2
-0.2125 -0.2
-0.21225 -0.6
-0.21201 -0.9
-0.21176 -1.3
-0.21152 -1.7
-0.21128 -2.0
-0.21103 -2.4
-0.21079 -2.7
-0.21054 -3.0
-0.2103 -3.3
-0.21005 -3.6
-0.20981 -3.8
-0.20957 -4.1
-0.20932 -4.3
-0.20908 -4.5
-0.20883 -4.6
-0.20859 -4.7
-0.20835 -4.8
-0.2081 -4.9
-0.20786 -4.9
-0.20761 -4.9
-0.20737 -4.9
-0.20712 -4.8
-0.20688 -4.7
-0.20664 -4.6
-0.20639 -4.5
-0.20615 -4.3
-0.2059 -4.1
-0.20566 -3.9
-0.20542 -3.6
-0.20517 -3.3
-0.20493 -3.0
-0.20468 -2.7
-0.20444 -2.4
-0.2042 -2.0
-0.20395 -1.7
-0.20371 -1.3
-0.20346 -0.9
-0.20322 -0.5
-0.20297 -0.1
-0.20273 0.3
-0.20249 0.6
-0.20224 1.0
-0.202 1.4
-0.20175 1.8
-0.20151 2.2
-0.20127 2.5
-0.20102 2.8
-0.20078 3.2
-0.20053 3.4
-0.20029 3.7
-0.20004 4.0
-0.1998 4.2
-0.19956 4.4
-0.19931 4.6
-0.19907 4.7
-0.19882 4.8
-0.19858 4.9
-0.19834 5.0
-0.19809 5.0
-0.19785 5.0
-0.1976 4.9
-0.19736 4.8
-0.19711 4.7
-0.19687 4.6
-0.19663 4.4
-0.19638 4.2
-0.19614 4.0
-0.19589 3.8
-0.19565 3.5
-0.19541 3.2
-0.19516 2.9
-0.19492 2.5
-0.19467 2.2
-0.19443 1.8
-0.19419 1.4
-0.19394 1.0
-0.1937 0.6
-0.19345 0.2
-0.19321 -0.2
-0.19296 -0.6
-0.19272 -1.0
-0.19248 -1.4
-0.19223 -1.8
-0.19199 -2.1
-0.19174 -2.5
-0.1915 -2.8
-0.19126 -3.2
-0.19101 -3.5
-0.19077 -3.8
-0.19052 -4.0
-0.19028 -4.2
-0.19003 -4.5
-0.18979 -4.6
-0.18955 -4.8
-0.1893 -4.9
-0.18906 -5.0
-0.18881 -5.0
-0.18857 -5.0
-0.18833 -5.0
-0.18808 -5.0
-0.18784 -4.9
-0.18759 -4.8
-0.18735 -4.6
-0.18711 -4.4
-0.18686 -4.2
-0.18662 -4.0
-0.18637 -3.7
-0.18613 -3.4
-0.18588 -3.1
-0.18564 -2.8
-0.1854 -2.4
-0.18515 -2.1
-0.18491 -1.7
-0.18466 -1.3
-0.18442 -0.9
-0.18418 -0.5
-0.18393 0.0
-0.18369 0.4
-0.18344 0.8
-0.1832 1.2
-0.18295 1.6
-0.18271 2.0
-0.18247 2.4
-0.18222 2.7
-0.18198 3.1
-0.18173 3.4
-0.18149 3.7
-0.18125 4.0
-0.181 4.2
-0.18076 4.4
-0.18051 4.6
-0.18027 4.8
-0.18003 4.9
-0.17978 5.0
-0.17954 5.1
-0.17929 5.1
-0.17905 5.1
-0.1788 5.0
-0.17856 4.9
-0.17832 4.8
-0.17807 4.7
-0.17783 4.5
-0.17758 4.3
-0.17734 4.0
-0.1771 3.8
-0.17685 3.5
-0.17661 3.2
-0.17636 2.8
-0.17612 2.5
-0.17587 2.1
-0.17563 1.7
-0.17539 1.3
-0.17514 0.9
-0.1749 0.4
-0.17465 0.0
-0.17441 -0.4
-0.17417 -0.9
-0.17392 -1.3
-0.17368 -1.7
-0.17343 -2.1
-0.17319 -2.5
-0.17295 -2.8
-0.1727 -3.2
-0.17246 -3.5
-0.17221 -3.8
-0.17197 -4.1
-0.17172 -4.3
-0.17148 -4.6
-0.17124 -4.7
-0.17099 -4.9
-0.17075 -5.0
-0.1705 -5.1
-0.17026 -5.1
-0.17002 -5.1
-0.16977 -5.1
-0.16953 -5.1
-0.16928 -5.0
-0.16904 -4.8
-0.16879 -4.6
-0.16855 -4.4
-0.16831 -4.2
-0.16806 -3.9
-0.16782 -3.6
-0.16757 -3.3
-0.16733 -3.0
-0.16709 -2.6
-0.16684 -2.2
-0.1666 -1.8
-0.16635 -1.4
-0.16611 -1.0
-0.16586 -0.5
-0.16562 -0.1
-0.16538 0.3
-0.16513 0.8
-0.16489 1.2
-0.16464 1.6
-0.1644 2.0
-0.16416 2.4
-0.16391 2.8
-0.16367 3.2
-0.16342 3.5
-0.16318 3.8
-0.16294 4.1
-0.16269 4.4
-0.16245 4.6
-0.1622 4.8
-0.16196 5.0
-0.16171 5.1
-0.16147 5.2
-0.16123 5.2
-0.16098 5.2
-0.16074 5.2
-0.16049 5.1
-0.16025 5.0
-0.16001 4.8
-0.15976 4.7
-0.15952 4.4
-0.15927 4.2
-0.15903 3.9
-0.15878 3.6
-0.15854 3.3
-0.1583 2.9
-0.15805 2.5
-0.15781 2.1
-0.15756 1.7
-0.15732 1.3
-0.15708 0.8
-0.15683 0.4
-0.15659 0.0
-0.15634 -0.5
-0.1561 -1.0
-0.15586 -1.4
-0.15561 -1.9
-0.15537 -2.3
-0.15512 -2.7
-0.15488 -3.1
-0.15463 -3.4
-0.15439 -3.8
-0.15415 -4.1
-0.1539 -4.4
-0.15366 -4.6
-0.15341 -4.8
-0.15317 -5.0
-0.15293 -5.1
-0.15268 -5.2
-0.15244 -5.3
-0.15219 -5.3
-0.15195 -5.2
-0.1517 -5.2
-0.15146 -5.1
-0.15122 -4.9
-0.15097 -4.7
-0.15073 -4.5
-0.15048 -4.3
-0.15024 -4.0
-0.15 -3.7
-0.14975 -3.3
-0.14951 -2.9
-0.14926 -2.5
-0.14902 -2.1
-0.14878 -1.7
-0.14853 -1.2
-0.14829 -0.8
-0.14804 -0.3
-0.1478 0.2
-0.14755 0.6
-0.14731 1.1
-0.14707 1.5
-0.14682 2.0
-0.14658 2.4
-0.14633 2.8
-0.14609 3.2
-0.14585 3.6
-0.1456 3.9
-0.14536 4.2
-0.14511 4.5
-0.14487 4.7
-0.14462 4.9
-0.14438 5.1
-0.14414 5.2
-0.14389 5.3
-0.14365 5.3
-0.1434 5.3
-0.14316 5.3
-0.14292 5.2
-0.14267 5.1
-0.14243 4.9
-0.14218 4.7
-0.14194 4.4
-0.1417 4.1
-0.14145 3.8
-0.14121 3.5
-0.14096 3.1
-0.14072 2.7
-0.14047 2.3
-0.14023 1.8
-0.13999 1.4
-0.13974 0.9
-0.1395 0.4
-0.13925 0.0
-0.13901 -0.6
-0.13877 -1.0
-0.13852 -1.5
-0.13828 -2.0
-0.13803 -2.4
-0.13779 -2.9
-0.13754 -3.3
-0.1373 -3.6
-0.13706 -4.0
-0.13681 -4.3
-0.13657 -4.6
-0.13632 -4.8
-0.13608 -5.0
-0.13584 -5.2
-0.13559 -5.3
-0.13535 -5.4
-0.1351 -5.4
-0.13486 -5.4
-0.13461 -5.3
-0.13437 -5.2
-0.13413 -5.1
-0.13388 -4.9
-0.13364 -4.7
-0.13339 -4.4
-0.13315 -4.1
-0.13291 -3.8
-0.13266 -3.4
-0.13242 -3.0
-0.13217 -2.5
-0.13193 -2.1
-0.13169 -1.6
-0.13144 -1.1
-0.1312 -0.6
-0.13095 -0.1
-0.13071 0.4
-0.13046 0.9
-0.13022 1.4
-0.12998 1.8
-0.12973 2.3
-0.12949 2.7
-0.12924 3.2
-0.129 3.6
-0.12876 3.9
-0.12851 4.3
-0.12827 4.6
-0.12802 4.8
-0.12778 5.1
-0.12753 5.2
-0.12729 5.4
-0.12705 5.5
-0.1268 5.5
-0.12656 5.5
-0.12631 5.4
-0.12607 5.3
-0.12583 5.2
-0.12558 5.0
-0.12534 4.7
-0.12509 4.5
-0.12485 4.1
-0.12461 3.8
-0.12436 3.4
-0.12412 3.0
-0.12387 2.5
-0.12363 2.0
-0.12338 1.5
-0.12314 1.0
-0.1229 0.5
-0.12265 0.0
-0.12241 -0.5
-0.12216 -1.0
-0.12192 -1.5
-0.12168 -2.0
-0.12143 -2.5
-0.12119 -3.0
-0.12094 -3.4
-0.1207 -3.8
-0.12045 -4.2
-0.12021 -4.5
-0.11997 -4.8
-0.11972 -5.0
-0.11948 -5.2
-0.11923 -5.4
-0.11899 -5.5
-0.11875 -5.6
-0.1185 -5.6
-0.11826 -5.5
-0.11801 -5.4
-0.11777 -5.3
-0.11753 -5.1
-0.11728 -4.9
-0.11704 -4.6
-0.11679 -4.3
-0.11655 -3.9
-0.1163 -3.5
-0.11606 -3.1
-0.11582 -2.6
-0.11557 -2.1
-0.11533 -1.6
-0.11508 -1.1
-0.11484 -0.5
-0.1146 0.0
-0.11435 0.5
-0.11411 1.1
-0.11386 1.6
-0.11362 2.1
-0.11337 2.6
-0.11313 3.1
-0.11289 3.5
-0.11264 3.9
-0.1124 4.3
-0.11215 4.6
-0.11191 4.9
-0.11167 5.2
-0.11142 5.4
-0.11118 5.5
-0.11093 5.6
-0.11069 5.7
-0.11045 5.6
-0.1102 5.6
-0.10996 5.5
-0.10971 5.3
-0.10947 5.1
-0.10922 4.8
-0.10898 4.5
-0.10874 4.1
-0.10849 3.7
-0.10825 3.3
-0.108 2.8
-0.10776 2.3
-0.10752 1.8
-0.10727 1.3
-0.10703 0.7
-0.10678 0.1
-0.10654 -0.4
-0.10629 -1.0
-0.10605 -1.5
-0.10581 -2.1
-0.10556 -2.6
-0.10532 -3.1
-0.10507 -3.5
-0.10483 -4.0
-0.10459 -4.4
-0.10434 -4.7
-0.1041 -5.0
-0.10385 -5.3
-0.10361 -5.5
-0.10336 -5.6
-0.10312 -5.7
-0.10288 -5.8
-0.10263 -5.7
-0.10239 -5.7
-0.10214 -5.5
-0.1019 -5.3
-0.10166 -5.1
-0.10141 -4.8
-0.10117 -4.4
-0.10092 -4.1
-0.10068 -3.6
-0.10044 -3.1
-0.10019 -2.6
-0.09995 -2.1
-0.0997 -1.6
-0.09946 -1.0
-0.09921 -0.4
-0.09897 0.2
-0.09873 0.8
-0.09848 1.3
-0.09824 1.9
-0.09799 2.4
-0.09775 3.0
-0.09751 3.5
-0.09726 3.9
-0.09702 4.3
-0.09677 4.7
-0.09653 5.0
-0.09628 5.3
-0.09604 5.5
-0.0958 5.7
-0.09555 5.8
-0.09531 5.8
-0.09506 5.8
-0.09482 5.8
-0.09458 5.6
-0.09433 5.4
-0.09409 5.2
-0.09384 4.8
-0.0936 4.5
-0.09336 4.1
-0.09311 3.6
-0.09287 3.1
-0.09262 2.6
-0.09238 2.0
-0.09213 1.4
-0.09189 0.8
-0.09165 0.2
-0.0914 -0.4
-0.09116 -1.0
-0.09091 -1.6
-0.09067 -2.2
-0.09043 -2.7
-0.09018 -3.3
-0.08994 -3.8
-0.08969 -4.2
-0.08945 -4.6
-0.0892 -5.0
-0.08896 -5.3
-0.08872 -5.6
-0.08847 -5.8
-0.08823 -5.9
-0.08798 -5.9
-0.08774 -5.9
-0.0875 -5.9
-0.08725 -5.7
-0.08701 -5.5
-0.08676 -5.3
-0.08652 -5.0
-0.08628 -4.6
-0.08603 -4.2
-0.08579 -3.7
-0.08554 -3.2
-0.0853 -2.6
-0.08505 -2.0
-0.08481 -1.4
-0.08457 -0.8
-0.08432 -0.1
-0.08408 0.5
-0.08383 1.1
-0.08359 1.8
-0.08335 2.4
-0.0831 2.9
-0.08286 3.5
-0.08261 4.0
-0.08237 4.5
-0.08212 4.9
-0.08188 5.2
-0.08164 5.5
-0.08139 5.8
-0.08115 5.9
-0.0809 6.0
-0.08066 6.1
-0.08042 6.0
-0.08017 5.9
-0.07993 5.7
-0.07968 5.5
-0.07944 5.2
-0.0792 4.8
-0.07895 4.3
-0.07871 3.9
-0.07846 3.3
-0.07822 2.7
-0.07797 2.1
-0.07773 1.5
-0.07749 0.8
-0.07724 0.2
-0.077 -0.5
-0.07675 -1.2
-0.07651 -1.8
-0.07627 -2.5
-0.07602 -3.1
-0.07578 -3.6
-0.07553 -4.2
-0.07529 -4.7
-0.07504 -5.1
-0.0748 -5.4
-0.07456 -5.7
-0.07431 -6.0
-0.07407 -6.1
-0.07382 -6.2
-0.07358 -6.2
-0.07334 -6.1
-0.07309 -5.9
-0.07285 -5.7
-0.0726 -5.4
-0.07236 -5.0
-0.07211 -4.6
-0.07187 -4.1
-0.07163 -3.6
-0.07138 -3.0
-0.07114 -2.3
-0.07089 -1.7
-0.07065 -1.0
-0.07041 -0.3
-0.07016 0.4
-0.06992 1.1
-0.06967 1.8
-0.06943 2.5
-0.06919 3.1
-0.06894 3.7
-0.0687 4.3
-0.06845 4.8
-0.06821 5.2
-0.06796 5.6
-0.06772 5.9
-0.06748 6.1
-0.06723 6.3
-0.06699 6.3
-0.06674 6.3
-0.0665 6.2
-0.06626 6.0
-0.06601 5.7
-0.06577 5.4
-0.06552 5.0
-0.06528 4.5
-0.06503 3.9
-0.06479 3.3
-0.06455 2.6
-0.0643 2.0
-0.06406 1.2
-0.06381 0.5
-0.06357 -0.3
-0.06333 -1.0
-0.06308 -1.7
-0.06284 -2.4
-0.06259 -3.1
-0.06235 -3.8
-0.06211 -4.4
-0.06186 -4.9
-0.06162 -5.4
-0.06137 -5.7
-0.06113 -6.1
-0.06088 -6.3
-0.06064 -6.4
-0.0604 -6.5
-0.06015 -6.4
-0.05991 -6.3
-0.05966 -6.1
-0.05942 -5.7
-0.05918 -5.4
-0.05893 -4.9
-0.05869 -4.3
-0.05844 -3.7
-0.0582 -3.0
-0.05795 -2.3
-0.05771 -1.6
-0.05747 -0.8
-0.05722 0.0
-0.05698 0.8
-0.05673 1.6
-0.05649 2.3
-0.05625 3.1
-0.056 3.8
-0.05576 4.4
-0.05551 5.0
-0.05527 5.5
-0.05503 5.9
-0.05478 6.2
-0.05454 6.5
-0.05429 6.6
-0.05405 6.6
-0.0538 6.6
-0.05356 6.4
-0.05332 6.1
-0.05307 5.8
-0.05283 5.3
-0.05258 4.8
-0.05234 4.2
-0.0521 3.5
-0.05185 2.8
-0.05161 2.0
-0.05136 1.2
-0.05112 0.3
-0.05087 -0.5
-0.05063 -1.4
-0.05039 -2.2
-0.05014 -3.0
-0.0499 -3.7
-0.04965 -4.4
-0.04941 -5.0
-0.04917 -5.6
-0.04892 -6.0
-0.04868 -6.4
-0.04843 -6.6
-0.04819 -6.8
-0.04795 -6.8
-0.0477 -6.7
-0.04746 -6.5
-0.04721 -6.2
-0.04697 -5.8
-0.04672 -5.3
-0.04648 -4.7
-0.04624 -4.0
-0.04599 -3.3
-0.04575 -2.5
-0.0455 -1.6
-0.04526 -0.7
-0.04502 0.2
-0.04477 1.1
-0.04453 2.0
-0.04428 2.8
-0.04404 3.7
-0.04379 4.4
-0.04355 5.1
-0.04331 5.7
-0.04306 6.2
-0.04282 6.6
-0.04257 6.8
-0.04233 7.0
-0.04209 7.0
-0.04184 6.9
-0.0416 6.7
-0.04135 6.3
-0.04111 5.8
-0.04086 5.3
-0.04062 4.6
-0.04038 3.8
-0.04013 3.0
-0.03989 2.1
-0.03964 1.1
-0.0394 0.2
-0.03916 -0.8
-0.03891 -1.8
-0.03867 -2.7
-0.03842 -3.6
-0.03818 -4.5
-0.03794 -5.2
-0.03769 -5.8
-0.03745 -6.4
-0.0372 -6.8
-0.03696 -7.1
-0.03671 -7.2
-0.03647 -7.2
-0.03623 -7.1
-0.03598 -6.8
-0.03574 -6.4
-0.03549 -5.8
-0.03525 -5.1
-0.03501 -4.4
-0.03476 -3.5
-0.03452 -2.5
-0.03427 -1.5
-0.03403 -0.5
-0.03378 0.6
-0.03354 1.7
-0.0333 2.7
-0.03305 3.7
-0.03281 4.6
-0.03256 5.4
-0.03232 6.1
-0.03208 6.7
-0.03183 7.1
-0.03159 7.4
-0.03134 7.5
-0.0311 7.5
-0.03086 7.2
-0.03061 6.9
-0.03037 6.3
-0.03012 5.6
-0.02988 4.8
-0.02963 3.9
-0.02939 2.9
-0.02915 1.8
-0.0289 0.6
-0.02866 -0.5
-0.02841 -1.7
-0.02817 -2.8
-0.02793 -3.9
-0.02768 -4.9
-0.02744 -5.8
-0.02719 -6.5
-0.02695 -7.1
-0.0267 -7.5
-0.02646 -7.8
-0.02622 -7.8
-0.02597 -7.7
-0.02573 -7.3
-0.02548 -6.8
-0.02524 -6.1
-0.025 -5.2
-0.02475 -4.2
-0.02451 -3.1
-0.02426 -1.8
-0.02402 -0.6
-0.02378 0.7
-0.02353 2.0
-0.02329 3.3
-0.02304 4.5
-0.0228 5.5
-0.02255 6.4
-0.02231 7.2
-0.02207 7.7
-0.02182 8.1
-0.02158 8.2
-0.02133 8.1
-0.02109 7.7
-0.02085 7.1
-0.0206 6.3
-0.02036 5.3
-0.02011 4.2
-0.01987 2.9
-0.01962 1.5
-0.01938 0.0
-0.01914 -1.5
-0.01889 -2.9
-0.01865 -4.3
-0.0184 -5.5
-0.01816 -6.6
-0.01792 -7.5
-0.01767 -8.1
-0.01743 -8.5
-0.01718 -8.6
-0.01694 -8.4
-0.0167 -8.0
-0.01645 -7.2
-0.01621 -6.2
-0.01596 -5.0
-0.01572 -3.6
-0.01547 -2.0
-0.01523 -0.3
-0.01499 1.4
-0.01474 3.1
-0.0145 4.6
-0.01425 6.1
-0.01401 7.3
-0.01377 8.2
-0.01352 8.9
-0.01328 9.2
-0.01303 9.1
-0.01279 8.6
-0.01254 7.8
-0.0123 6.7
-0.01206 5.2
-0.01181 3.5
-0.01157 1.6
-0.01132 -0.4
-0.01108 -2.4
-0.01084 -4.4
-0.01059 -6.1
-0.01035 -7.7
-0.0101 -8.8
-0.00986 -9.6
-0.00961 -9.9
-0.00937 -9.7
-0.00913 -9.0
-0.00888 -7.8
-0.00864 -6.1
-0.00839 -4.1
-0.00815 -1.8
-0.00791 0.7
-0.00766 3.2
-0.00742 5.6
-0.00717 7.7
-0.00693 9.3
-0.00669 10.4
-0.00644 10.9
-0.0062 10.6
-0.00595 9.5
-0.00571 7.8
-0.00546 5.4
-0.00522 2.4
-0.00498 -0.8
-0.00473 -4.0
-0.00449 -7.1
-0.00424 -9.7
-0.004 -11.4
-0.00376 -12.2
-0.00351 -11.7
-0.00327 -10.1
-0.00302 -7.2
-0.00278 -3.3
-0.00253 1.2
-0.00229 5.8
-0.00205 9.8
-0.0018 12.8
-0.00156 13.9
-0.00131 12.8
-0.00107 9.4
-0.00083 3.8
-0.00058 -3.0
-0.00034 -9.7
-9e-05 -14.3
0.00015 -14.9
0.00039 -10.5
0.00064 -2.3
0.00088 6.7
0.00113 12.4
0.00137 12.0
0.00162 6.0
0.00186 -2.1
0.0021 -7.8
0.00235 -8.4
0.00259 -4.5
0.00284 1.1
0.00308 4.8
0.00332 5.0
0.00357 2.3
0.00381 -1.0
0.00406 -3.0
0.0043 -2.7
0.00455 -0.9
0.00479 1.0
0.00503 1.8
0.00528 1.4
0.00552 0.2
0.00577 -0.8
0.00601 -1.1
0.00625 -0.7
0.0065 0.0
0.00674 0.6
0.00699 0.6
0.00723 0.3
0.00747 -0.1
0.00772 -0.4
0.00796 -0.3
0.00821 0.0
0.00845 0.1
0.0087 0.2
0.00894 0.2
0.00918 0.0
0.00943 -0.1
0.00967 -0.1
0.00992 0.0
0.01016 0.0
0.0104 0.0
0.01065 0.0
0.01089 0.0
0.01114 0.0
0.01138 0.0
0.01163 0.0
0.01187 0.0
0.01211 0.0
0.01236 0.0
0.0126 0.0
0.01285 0.0
0.01309 0.0
0.01333 0.0
0.01358 0.0
0.01382 0.0
0.01407 0.0
0.01431 0.0
0.01455 0.0
0.0148 0.0
0.01504 0.0
0.01529 0.0
0.01553 0.0
0.01578 0.0
0.01602 0.0
0.01626 0.0
0.01651 0.0
0.01675 0.0
0.017 0.0
0.01724 0.0
0.01748 0.0
0.01773 0.0
0.01797 0.0
0.01822 0.0
0.01846 0.0
0.01871 0.0
0.01895 0.0
0.01919 0.0
0.01944 0.0
0.01968 0.0
0.01993 0.0
0.02017 0.0
0.02041 0.0
0.02066 0.0
0.0209 0.0
0.02115 0.0
0.02139 0.0
0.02164 0.0
0.02188 0.0
0.02212 0.0
0.02237 0.0
0.02261 0.0
0.02286 0.0
0.0231 0.0
0.02334 0.0
0.02359 0.0
0.02383 0.0
0.02408 0.0
0.02432 0.0
0.02456 0.0
0.02481 0.0
0.02505 0.0
0.0253 0.0
0.02554 0.0
0.02579 0.0
0.02603 0.0
0.02627 0.0
0.02652 0.0
0.02676 0.0
0.02701 0.0
0.02725 0.0
0.02749 0.0
0.02774 0.0
0.02798 0.0
0.02823 0.0
0.02847 0.0
0.02872 0.0
0.02896 0.0
0.0292 0.0
0.02945 0.0
0.02969 0.0
0.02994 0.0
0.03018 0.0
0.03042 0.0
0.03067 0.0
0.03091 0.0
0.03116 0.0
0.0314 0.0
0.03164 0.0
0.03189 0.0
0.03213 0.0
0.03238 0.0
0.03262 0.0
0.03287 0.0
0.03311 0.0
0.03335 0.0
0.0336 0.0
0.03384 0.0
0.03409 0.0
0.03433 0.0
0.03457 0.0
0.03482 0.0
0.03506 0.0
0.03531 0.0
0.03555 0.0
0.0358 0.0
0.03604 0.0
0.03628 0.0
0.03653 0.0
0.03677 0.0
0.03702 0.0
0.03726 0.0
0.0375 0.0
0.03775 0.0
0.03799 0.0
0.03824 0.0
0.03848 0.0
0.03872 0.0
0.03897 0.0
0.03921 0.0
0.03946 0.0
0.0397 0.0
0.03995 0.0
0.04019 0.0
0.04043 0.0
0.04068 0.0
0.04092 0.0
0.04117 0.0
0.04141 0.0
0.04165 0.0
0.0419 0.0
0.04214 0.0
0.04239 0.0
0.04263 0.0
0.04288 0.0
0.04312 0.0
0.04336 0.0
0.04361 0.0
0.04385 0.0
0.0441 0.0
0.04434 0.0
0.04458 0.0
0.04483 0.0
0.04507 0.0
0.04532 0.0
0.04556 0.0
0.0458 0.0
0.04605 0.0
0.04629 0.0
0.04654 0.0
0.04678 0.0
0.04703 0.0
0.04727 0.0
0.04751 0.0
0.04776 0.0
0.048 0.0
0.04825 0.0
0.04849 0.0
0.04873 0.0
0.04898 0.0
0.04922 0.0
0.04947 0.0
0.04971 0.0
0.04996 0.0
0.0502 0.0
0.05044 0.0
0.05069 0.0
0.05093 0.0
0.05118 0.0
0.05142 0.0
0.05166 0.0
0.05191 0.0
0.05215 0.0
0.0524 0.0
0.05264 0.0
0.05289 0.0
0.05313 0.0
0.05337 0.0
0.05362 0.0
0.05386 0.0
0.05411 0.0
0.05435 0.0
0.05459 0.0
0.05484 0.0
0.05508 0.0
0.05533 0.0
0.05557 0.0
0.05581 0.0
0.05606 0.0
0.0563 0.0
0.05655 0.0
0.05679 0.0
0.05704 0.0
0.05728 0.0
0.05752 0.0
0.05777 0.0
0.05801 0.0
0.05826 0.0
0.0585 0.0
0.05874 0.0
0.05899 0.0
0.05923 0.0
0.05948 0.0
0.05972 0.0
0.05997 0.0
0.06021 0.0
0.06045 0.0
0.0607 0.0
0.06094 0.0
0.06119 0.0
0.06143 0.0
0.06167 0.0
0.06192 0.0
0.06216 0.0
0.06241 0.0
0.06265 0.0
0.06289 0.0
0.06314 0.0
0.06338 0.0
0.06363 0.0
0.06387 0.0
0.06412 0.0
0.06436 0.0
0.0646 0.0
0.06485 0.0
0.06509 0.0
0.06534 0.0
0.06558 0.0
0.06582 0.0
0.06607 0.0
0.06631 0.0
0.06656 0.0
0.0668 0.0
0.06705 0.0
0.06729 0.0
0.06753 0.0
0.06778 0.0
0.06802 0.0
0.06827 0.0
0.06851 0.0
0.06875 0.0
0.069 0.0
0.06924 0.0
0.06949 0.0
0.06973 0.0
0.06997 0.0
0.07022 0.0
0.07046 0.0
0.07071 0.0
0.07095 0.0
