t strain*1e23
-0.33035 3.4
-0.33011 3.6
-0.32986 3.8
-0.32962 4.0
-0.32938 4.1
-0.32913 4.3
-0.32889 4.5
-0.32864 4.6
-0.3284 4.8
-0.32816 4.9
-0.32791 5.0
-0.32767 5.2
-0.32742 5.3
-0.32718 5.4
-0.32693 5.5
-0.32669 5.7
-0.32645 5.8
-0.3262 5.9
-0.32596 5.9
-0.32571 6.0
-0.32547 6.1
-0.32523 6.2
-0.32498 6.2
-0.32474 6.3
-0.32449 6.3
-0.32425 6.4
-0.32401 6.4
-0.32376 6.4
-0.32352 6.4
-0.32327 6.5
-0.32303 6.5
-0.32278 6.5
-0.32254 6.4
-0.3223 6.4
-0.32205 6.4
-0.32181 6.4
-0.32156 6.3
-0.32132 6.3
-0.32108 6.2
-0.32083 6.2
-0.32059 6.1
-0.32034 6.0
-0.3201 5.9
-0.31985 5.8
-0.31961 5.7
-0.31937 5.6
-0.31912 5.5
-0.31888 5.4
-0.31863 5.3
-0.31839 5.1
-0.31815 5.0
-0.3179 4.9
-0.31766 4.7
-0.31741 4.5
-0.31717 4.4
-0.31693 4.2
-0.31668 4.0
-0.31644 3.9
-0.31619 3.7
-0.31595 3.5
-0.3157 3.3
-0.31546 3.1
-0.31522 2.9
-0.31497 2.7
-0.31473 2.5
-0.31448 2.3
-0.31424 2.1
-0.314 1.9
-0.31375 1.7
-0.31351 1.5
-0.31326 1.2
-0.31302 1.0
-0.31277 0.8
-0.31253 0.6
-0.31229 0.4
-0.31204 0.1
-0.3118 0.0
-0.31155 -0.3
-0.31131 -0.5
-0.31107 -0.8
-0.31082 -1.0
-0.31058 -1.2
-0.31033 -1.4
-0.31009 -1.7
-0.30984 -1.9
-0.3096 -2.1
-0.30936 -2.3
-0.30911 -2.5
-0.30887 -2.7
-0.30862 -2.9
-0.30838 -3.1
-0.30814 -3.3
-0.30789 -3.5
-0.30765 -3.7
-0.3074 -3.9
-0.30716 -4.1
-0.30692 -4.2
-0.30667 -4.4
-0.30643 -4.6
-0.30618 -4.7
-0.30594 -4.9
-0.30569 -5.0
-0.30545 -5.2
-0.30521 -5.3
-0.30496 -5.5
-0.30472 -5.6
-0.30447 -5.7
-0.30423 -5.8
-0.30399 -5.9
-0.30374 -6.0
-0.3035 -6.1
-0.30325 -6.2
-0.30301 -6.2
-0.30276 -6.3
-0.30252 -6.4
-0.30228 -6.4
-0.30203 -6.5
-0.30179 -6.5
-0.30154 -6.5
-0.3013 -6.6
-0.30106 -6.6
-0.30081 -6.6
-0.30057 -6.6
-0.30032 -6.6
-0.30008 -6.5
-0.29984 -6.5
-0.29959 -6.5
-0.29935 -6.4
-0.2991 -6.4
-0.29886 -6.3
-0.29861 -6.2
-0.29837 -6.2
-0.29813 -6.1
-0.29788 -6.0
-0.29764 -5.9
-0.29739 -5.8
-0.29715 -5.7
-0.29691 -5.6
-0.29666 -5.4
-0.29642 -5.3
-0.29617 -5.2
-0.29593 -5.0
-0.29568 -4.9
-0.29544 -4.7
-0.2952 -4.5
-0.29495 -4.4
-0.29471 -4.2
-0.29446 -4.0
-0.29422 -3.8
-0.29398 -3.6
-0.29373 -3.4
-0.29349 -3.2
-0.29324 -3.0
-0.293 -2.8
-0.29276 -2.6
-0.29251 -2.4
-0.29227 -2.2
-0.29202 -2.0
-0.29178 -1.7
-0.29153 -1.5
-0.29129 -1.3
-0.29105 -1.1
-0.2908 -0.8
-0.29056 -0.6
-0.29031 -0.4
-0.29007 -0.1
-0.28983 0.1
-0.28958 0.3
-0.28934 0.6
-0.28909 0.8
-0.28885 1.0
-0.2886 1.3
-0.28836 1.5
-0.28812 1.7
-0.28787 2.0
-0.28763 2.2
-0.28738 2.4
-0.28714 2.6
-0.2869 2.8
-0.28665 3.0
-0.28641 3.3
-0.28616 3.5
-0.28592 3.7
-0.28568 3.9
-0.28543 4.0
-0.28519 4.2
-0.28494 4.4
-0.2847 4.6
-0.28445 4.8
-0.28421 4.9
-0.28397 5.1
-0.28372 5.2
-0.28348 5.4
-0.28323 5.5
-0.28299 5.6
-0.28275 5.8
-0.2825 5.9
-0.28226 6.0
-0.28201 6.1
-0.28177 6.2
-0.28152 6.3
-0.28128 6.3
-0.28104 6.4
-0.28079 6.5
-0.28055 6.5
-0.2803 6.6
-0.28006 6.6
-0.27982 6.6
-0.27957 6.7
-0.27933 6.7
-0.27908 6.7
-0.27884 6.7
-0.27859 6.7
-0.27835 6.6
-0.27811 6.6
-0.27786 6.6
-0.27762 6.5
-0.27737 6.5
-0.27713 6.4
-0.27689 6.3
-0.27664 6.2
-0.2764 6.1
-0.27615 6.1
-0.27591 5.9
-0.27567 5.8
-0.27542 5.7
-0.27518 5.6
-0.27493 5.4
-0.27469 5.3
-0.27444 5.2
-0.2742 5.0
-0.27396 4.8
-0.27371 4.7
-0.27347 4.5
-0.27322 4.3
-0.27298 4.1
-0.27274 3.9
-0.27249 3.7
-0.27225 3.5
-0.272 3.3
-0.27176 3.1
-0.27151 2.9
-0.27127 2.7
-0.27103 2.4
-0.27078 2.2
-0.27054 2.0
-0.27029 1.8
-0.27005 1.5
-0.26981 1.3
-0.26956 1.0
-0.26932 0.8
-0.26907 0.6
-0.26883 0.3
-0.26859 0.0
-0.26834 -0.2
-0.2681 -0.4
-0.26785 -0.7
-0.26761 -0.9
-0.26736 -1.1
-0.26712 -1.4
-0.26688 -1.6
-0.26663 -1.9
-0.26639 -2.1
-0.26614 -2.3
-0.2659 -2.6
-0.26566 -2.8
-0.26541 -3.0
-0.26517 -3.2
-0.26492 -3.4
-0.26468 -3.6
-0.26443 -3.9
-0.26419 -4.1
-0.26395 -4.3
-0.2637 -4.4
-0.26346 -4.6
-0.26321 -4.8
-0.26297 -5.0
-0.26273 -5.1
-0.26248 -5.3
-0.26224 -5.4
-0.26199 -5.6
-0.26175 -5.7
-0.26151 -5.9
-0.26126 -6.0
-0.26102 -6.1
-0.26077 -6.2
-0.26053 -6.3
-0.26028 -6.4
-0.26004 -6.5
-0.2598 -6.5
-0.25955 -6.6
-0.25931 -6.7
-0.25906 -6.7
-0.25882 -6.7
-0.25858 -6.8
-0.25833 -6.8
-0.25809 -6.8
-0.25784 -6.8
-0.2576 -6.8
-0.25735 -6.8
-0.25711 -6.7
-0.25687 -6.7
-0.25662 -6.7
-0.25638 -6.6
-0.25613 -6.5
-0.25589 -6.5
-0.25565 -6.4
-0.2554 -6.3
-0.25516 -6.2
-0.25491 -6.1
-0.25467 -6.0
-0.25443 -5.8
-0.25418 -5.7
-0.25394 -5.6
-0.25369 -5.4
-0.25345 -5.3
-0.2532 -5.1
-0.25296 -4.9
-0.25272 -4.8
-0.25247 -4.6
-0.25223 -4.4
-0.25198 -4.2
-0.25174 -4.0
-0.2515 -3.8
-0.25125 -3.6
-0.25101 -3.4
-0.25076 -3.1
-0.25052 -2.9
-0.25027 -2.7
-0.25003 -2.4
-0.24979 -2.2
-0.24954 -2.0
-0.2493 -1.7
-0.24905 -1.5
-0.24881 -1.2
-0.24857 -1.0
-0.24832 -0.7
-0.24808 -0.5
-0.24783 -0.2
-0.24759 0.0
-0.24734 0.3
-0.2471 0.6
-0.24686 0.8
-0.24661 1.1
-0.24637 1.3
-0.24612 1.6
-0.24588 1.8
-0.24564 2.1
-0.24539 2.3
-0.24515 2.6
-0.2449 2.8
-0.24466 3.0
-0.24442 3.3
-0.24417 3.5
-0.24393 3.7
-0.24368 3.9
-0.24344 4.1
-0.24319 4.3
-0.24295 4.5
-0.24271 4.7
-0.24246 4.9
-0.24222 5.1
-0.24197 5.3
-0.24173 5.4
-0.24149 5.6
-0.24124 5.7
-0.241 5.9
-0.24075 6.0
-0.24051 6.1
-0.24026 6.2
-0.24002 6.3
-0.23978 6.4
-0.23953 6.5
-0.23929 6.6
-0.23904 6.7
-0.2388 6.8
-0.23856 6.8
-0.23831 6.8
-0.23807 6.9
-0.23782 6.9
-0.23758 6.9
-0.23734 6.9
-0.23709 6.9
-0.23685 6.9
-0.2366 6.9
-0.23636 6.8
-0.23611 6.8
-0.23587 6.7
-0.23563 6.7
-0.23538 6.6
-0.23514 6.5
-0.23489 6.4
-0.23465 6.3
-0.23441 6.2
-0.23416 6.1
-0.23392 5.9
-0.23367 5.8
-0.23343 5.7
-0.23318 5.5
-0.23294 5.3
-0.2327 5.2
-0.23245 5.0
-0.23221 4.8
-0.23196 4.6
-0.23172 4.4
-0.23148 4.2
-0.23123 4.0
-0.23099 3.8
-0.23074 3.5
-0.2305 3.3
-0.23026 3.1
-0.23001 2.8
-0.22977 2.6
-0.22952 2.3
-0.22928 2.1
-0.22903 1.8
-0.22879 1.6
-0.22855 1.3
-0.2283 1.1
-0.22806 0.8
-0.22781 0.5
-0.22757 0.3
-0.22733 0.0
-0.22708 -0.3
-0.22684 -0.5
-0.22659 -0.8
-0.22635 -1.1
-0.2261 -1.3
-0.22586 -1.6
-0.22562 -1.9
-0.22537 -2.1
-0.22513 -2.4
-0.22488 -2.6
-0.22464 -2.9
-0.2244 -3.1
-0.22415 -3.4
-0.22391 -3.6
-0.22366 -3.8
-0.22342 -4.1
-0.22318 -4.3
-0.22293 -4.5
-0.22269 -4.7
-0.22244 -4.9
-0.2222 -5.1
-0.22195 -5.3
-0.22171 -5.4
-0.22147 -5.6
-0.22122 -5.8
-0.22098 -5.9
-0.22073 -6.1
-0.22049 -6.2
-0.22025 -6.3
-0.22 -6.4
-0.21976 -6.6
-0.21951 -6.7
-0.21927 -6.7
-0.21902 -6.8
-0.21878 -6.9
-0.21854 -6.9
-0.21829 -7.0
-0.21805 -7.0
-0.2178 -7.0
-0.21756 -7.1
-0.21732 -7.1
-0.21707 -7.1
-0.21683 -7.0
-0.21658 -7.0
-0.21634 -7.0
-0.21609 -6.9
-0.21585 -6.9
-0.21561 -6.8
-0.21536 -6.7
-0.21512 -6.6
-0.21487 -6.5
-0.21463 -6.4
-0.21439 -6.3
-0.21414 -6.1
-0.2139 -6.0
-0.21365 -5.8
-0.21341 -5.7
-0.21317 -5.5
-0.21292 -5.3
-0.21268 -5.2
-0.21243 -5.0
-0.21219 -4.8
-0.21194 -4.5
-0.2117 -4.3
-0.21146 -4.1
-0.21121 -3.9
-0.21097 -3.6
-0.21072 -3.4
-0.21048 -3.2
-0.21024 -2.9
-0.20999 -2.6
-0.20975 -2.4
-0.2095 -2.1
-0.20926 -1.8
-0.20901 -1.6
-0.20877 -1.3
-0.20853 -1.0
-0.20828 -0.7
-0.20804 -0.5
-0.20779 -0.2
-0.20755 0.1
-0.20731 0.4
-0.20706 0.7
-0.20682 0.9
-0.20657 1.2
-0.20633 1.5
-0.20609 1.8
-0.20584 2.1
-0.2056 2.3
-0.20535 2.6
-0.20511 2.9
-0.20486 3.1
-0.20462 3.4
-0.20438 3.6
-0.20413 3.9
-0.20389 4.1
-0.20364 4.3
-0.2034 4.6
-0.20316 4.8
-0.20291 5.0
-0.20267 5.2
-0.20242 5.4
-0.20218 5.6
-0.20193 5.7
-0.20169 5.9
-0.20145 6.1
-0.2012 6.2
-0.20096 6.4
-0.20071 6.5
-0.20047 6.6
-0.20023 6.7
-0.19998 6.8
-0.19974 6.9
-0.19949 7.0
-0.19925 7.1
-0.19901 7.1
-0.19876 7.2
-0.19852 7.2
-0.19827 7.2
-0.19803 7.2
-0.19778 7.2
-0.19754 7.2
-0.1973 7.2
-0.19705 7.1
-0.19681 7.1
-0.19656 7.0
-0.19632 6.9
-0.19608 6.9
-0.19583 6.8
-0.19559 6.7
-0.19534 6.5
-0.1951 6.4
-0.19485 6.3
-0.19461 6.1
-0.19437 6.0
-0.19412 5.8
-0.19388 5.6
-0.19363 5.4
-0.19339 5.2
-0.19315 5.0
-0.1929 4.8
-0.19266 4.6
-0.19241 4.4
-0.19217 4.1
-0.19193 3.9
-0.19168 3.6
-0.19144 3.4
-0.19119 3.1
-0.19095 2.8
-0.1907 2.6
-0.19046 2.3
-0.19022 2.0
-0.18997 1.7
-0.18973 1.4
-0.18948 1.1
-0.18924 0.8
-0.189 0.5
-0.18875 0.2
-0.18851 0.0
-0.18826 -0.4
-0.18802 -0.7
-0.18777 -1.0
-0.18753 -1.3
-0.18729 -1.5
-0.18704 -1.8
-0.1868 -2.1
-0.18655 -2.4
-0.18631 -2.7
-0.18607 -3.0
-0.18582 -3.2
-0.18558 -3.5
-0.18533 -3.8
-0.18509 -4.0
-0.18484 -4.3
-0.1846 -4.5
-0.18436 -4.8
-0.18411 -5.0
-0.18387 -5.2
-0.18362 -5.4
-0.18338 -5.6
-0.18314 -5.8
-0.18289 -6.0
-0.18265 -6.2
-0.1824 -6.3
-0.18216 -6.5
-0.18192 -6.6
-0.18167 -6.7
-0.18143 -6.9
-0.18118 -7.0
-0.18094 -7.1
-0.18069 -7.1
-0.18045 -7.2
-0.18021 -7.3
-0.17996 -7.3
-0.17972 -7.3
-0.17947 -7.4
-0.17923 -7.4
-0.17899 -7.4
-0.17874 -7.4
-0.1785 -7.3
-0.17825 -7.3
-0.17801 -7.2
-0.17776 -7.2
-0.17752 -7.1
-0.17728 -7.0
-0.17703 -6.9
-0.17679 -6.8
-0.17654 -6.6
-0.1763 -6.5
-0.17606 -6.3
-0.17581 -6.2
-0.17557 -6.0
-0.17532 -5.8
-0.17508 -5.6
-0.17484 -5.4
-0.17459 -5.2
-0.17435 -5.0
-0.1741 -4.7
-0.17386 -4.5
-0.17361 -4.2
-0.17337 -4.0
-0.17313 -3.7
-0.17288 -3.4
-0.17264 -3.1
-0.17239 -2.9
-0.17215 -2.6
-0.17191 -2.3
-0.17166 -2.0
-0.17142 -1.7
-0.17117 -1.4
-0.17093 -1.0
-0.17068 -0.7
-0.17044 -0.4
-0.1702 -0.1
-0.16995 0.2
-0.16971 0.5
-0.16946 0.8
-0.16922 1.2
-0.16898 1.5
-0.16873 1.8
-0.16849 2.1
-0.16824 2.4
-0.168 2.7
-0.16776 3.0
-0.16751 3.3
-0.16727 3.6
-0.16702 3.8
-0.16678 4.1
-0.16653 4.4
-0.16629 4.6
-0.16605 4.9
-0.1658 5.1
-0.16556 5.4
-0.16531 5.6
-0.16507 5.8
-0.16483 6.0
-0.16458 6.2
-0.16434 6.4
-0.16409 6.5
-0.16385 6.7
-0.1636 6.8
-0.16336 7.0
-0.16312 7.1
-0.16287 7.2
-0.16263 7.3
-0.16238 7.4
-0.16214 7.4
-0.1619 7.5
-0.16165 7.5
-0.16141 7.5
-0.16116 7.6
-0.16092 7.6
-0.16068 7.5
-0.16043 7.5
-0.16019 7.5
-0.15994 7.4
-0.1597 7.3
-0.15945 7.2
-0.15921 7.1
-0.15897 7.0
-0.15872 6.9
-0.15848 6.8
-0.15823 6.6
-0.15799 6.4
-0.15775 6.3
-0.1575 6.1
-0.15726 5.9
-0.15701 5.7
-0.15677 5.4
-0.15652 5.2
-0.15628 5.0
-0.15604 4.7
-0.15579 4.4
-0.15555 4.2
-0.1553 3.9
-0.15506 3.6
-0.15482 3.3
-0.15457 3.0
-0.15433 2.7
-0.15408 2.4
-0.15384 2.1
-0.15359 1.7
-0.15335 1.4
-0.15311 1.1
-0.15286 0.7
-0.15262 0.4
-0.15237 0.0
-0.15213 -0.3
-0.15189 -0.6
-0.15164 -0.9
-0.1514 -1.3
-0.15115 -1.6
-0.15091 -1.9
-0.15067 -2.3
-0.15042 -2.6
-0.15018 -2.9
-0.14993 -3.2
-0.14969 -3.5
-0.14944 -3.8
-0.1492 -4.1
-0.14896 -4.4
-0.14871 -4.7
-0.14847 -4.9
-0.14822 -5.2
-0.14798 -5.4
-0.14774 -5.7
-0.14749 -5.9
-0.14725 -6.1
-0.147 -6.3
-0.14676 -6.5
-0.14651 -6.7
-0.14627 -6.9
-0.14603 -7.0
-0.14578 -7.2
-0.14554 -7.3
-0.14529 -7.4
-0.14505 -7.5
-0.14481 -7.6
-0.14456 -7.6
-0.14432 -7.7
-0.14407 -7.7
-0.14383 -7.7
-0.14359 -7.7
-0.14334 -7.7
-0.1431 -7.7
-0.14285 -7.7
-0.14261 -7.6
-0.14236 -7.5
-0.14212 -7.5
-0.14188 -7.4
-0.14163 -7.2
-0.14139 -7.1
-0.14114 -7.0
-0.1409 -6.8
-0.14066 -6.6
-0.14041 -6.4
-0.14017 -6.2
-0.13992 -6.0
-0.13968 -5.8
-0.13943 -5.5
-0.13919 -5.3
-0.13895 -5.0
-0.1387 -4.7
-0.13846 -4.5
-0.13821 -4.2
-0.13797 -3.9
-0.13773 -3.6
-0.13748 -3.2
-0.13724 -2.9
-0.13699 -2.6
-0.13675 -2.2
-0.13651 -1.9
-0.13626 -1.5
-0.13602 -1.2
-0.13577 -0.8
-0.13553 -0.5
-0.13528 -0.1
-0.13504 0.2
-0.1348 0.6
-0.13455 0.9
-0.13431 1.3
-0.13406 1.7
-0.13382 2.0
-0.13358 2.4
-0.13333 2.7
-0.13309 3.0
-0.13284 3.4
-0.1326 3.7
-0.13235 4.0
-0.13211 4.3
-0.13187 4.6
-0.13162 4.9
-0.13138 5.2
-0.13113 5.5
-0.13089 5.7
-0.13065 6.0
-0.1304 6.2
-0.13016 6.4
-0.12991 6.7
-0.12967 6.8
-0.12943 7.0
-0.12918 7.2
-0.12894 7.3
-0.12869 7.5
-0.12845 7.6
-0.1282 7.7
-0.12796 7.8
-0.12772 7.9
-0.12747 7.9
-0.12723 7.9
-0.12698 8.0
-0.12674 8.0
-0.1265 8.0
-0.12625 7.9
-0.12601 7.9
-0.12576 7.8
-0.12552 7.7
-0.12527 7.6
-0.12503 7.5
-0.12479 7.4
-0.12454 7.2
-0.1243 7.0
-0.12405 6.8
-0.12381 6.6
-0.12357 6.4
-0.12332 6.2
-0.12308 6.0
-0.12283 5.7
-0.12259 5.4
-0.12234 5.1
-0.1221 4.8
-0.12186 4.5
-0.12161 4.2
-0.12137 3.9
-0.12112 3.6
-0.12088 3.2
-0.12064 2.9
-0.12039 2.5
-0.12015 2.1
-0.1199 1.8
-0.11966 1.4
-0.11942 1.0
-0.11917 0.6
-0.11893 0.2
-0.11868 -0.2
-0.11844 -0.5
-0.11819 -0.9
-0.11795 -1.3
-0.11771 -1.7
-0.11746 -2.1
-0.11722 -2.4
-0.11697 -2.8
-0.11673 -3.2
-0.11649 -3.5
-0.11624 -3.9
-0.116 -4.2
-0.11575 -4.6
-0.11551 -4.9
-0.11526 -5.2
-0.11502 -5.5
-0.11478 -5.8
-0.11453 -6.1
-0.11429 -6.3
-0.11404 -6.6
-0.1138 -6.8
-0.11356 -7.0
-0.11331 -7.2
-0.11307 -7.4
-0.11282 -7.6
-0.11258 -7.7
-0.11234 -7.8
-0.11209 -7.9
-0.11185 -8.0
-0.1116 -8.1
-0.11136 -8.2
-0.11111 -8.2
-0.11087 -8.2
-0.11063 -8.2
-0.11038 -8.2
-0.11014 -8.1
-0.10989 -8.1
-0.10965 -8.0
-0.10941 -7.9
-0.10916 -7.8
-0.10892 -7.6
-0.10867 -7.5
-0.10843 -7.3
-0.10818 -7.1
-0.10794 -6.9
-0.1077 -6.7
-0.10745 -6.4
-0.10721 -6.2
-0.10696 -5.9
-0.10672 -5.6
-0.10648 -5.3
-0.10623 -5.0
-0.10599 -4.6
-0.10574 -4.3
-0.1055 -3.9
-0.10526 -3.5
-0.10501 -3.2
-0.10477 -2.8
-0.10452 -2.4
-0.10428 -2.0
-0.10403 -1.6
-0.10379 -1.2
-0.10355 -0.8
-0.1033 -0.3
-0.10306 0.0
-0.10281 0.5
-0.10257 0.9
-0.10233 1.3
-0.10208 1.8
-0.10184 2.2
-0.10159 2.6
-0.10135 3.0
-0.1011 3.4
-0.10086 3.7
-0.10062 4.1
-0.10037 4.5
-0.10013 4.9
-0.09988 5.2
-0.09964 5.5
-0.0994 5.8
-0.09915 6.2
-0.09891 6.4
-0.09866 6.7
-0.09842 7.0
-0.09818 7.2
-0.09793 7.4
-0.09769 7.6
-0.09744 7.8
-0.0972 8.0
-0.09695 8.1
-0.09671 8.2
-0.09647 8.3
-0.09622 8.4
-0.09598 8.5
-0.09573 8.5
-0.09549 8.5
-0.09525 8.5
-0.095 8.5
-0.09476 8.4
-0.09451 8.3
-0.09427 8.2
-0.09402 8.1
-0.09378 7.9
-0.09354 7.8
-0.09329 7.6
-0.09305 7.4
-0.0928 7.1
-0.09256 6.9
-0.09232 6.6
-0.09207 6.3
-0.09183 6.0
-0.09158 5.7
-0.09134 5.4
-0.09109 5.0
-0.09085 4.6
-0.09061 4.3
-0.09036 3.9
-0.09012 3.5
-0.08987 3.0
-0.08963 2.6
-0.08939 2.2
-0.08914 1.7
-0.0889 1.3
-0.08865 0.8
-0.08841 0.4
-0.08817 0.0
-0.08792 -0.5
-0.08768 -1.0
-0.08743 -1.5
-0.08719 -1.9
-0.08694 -2.4
-0.0867 -2.8
-0.08646 -3.2
-0.08621 -3.7
-0.08597 -4.1
-0.08572 -4.5
-0.08548 -4.9
-0.08524 -5.3
-0.08499 -5.7
-0.08475 -6.0
-0.0845 -6.3
-0.08426 -6.7
-0.08401 -7.0
-0.08377 -7.2
-0.08353 -7.5
-0.08328 -7.7
-0.08304 -8.0
-0.08279 -8.2
-0.08255 -8.3
-0.08231 -8.5
-0.08206 -8.6
-0.08182 -8.7
-0.08157 -8.8
-0.08133 -8.8
-0.08109 -8.8
-0.08084 -8.8
-0.0806 -8.8
-0.08035 -8.7
-0.08011 -8.7
-0.07986 -8.5
-0.07962 -8.4
-0.07938 -8.2
-0.07913 -8.1
-0.07889 -7.8
-0.07864 -7.6
-0.0784 -7.3
-0.07816 -7.1
-0.07791 -6.8
-0.07767 -6.4
-0.07742 -6.1
-0.07718 -5.7
-0.07693 -5.3
-0.07669 -4.9
-0.07645 -4.5
-0.0762 -4.1
-0.07596 -3.6
-0.07571 -3.2
-0.07547 -2.7
-0.07523 -2.2
-0.07498 -1.7
-0.07474 -1.2
-0.07449 -0.7
-0.07425 -0.2
-0.07401 0.3
-0.07376 0.8
-0.07352 1.3
-0.07327 1.8
-0.07303 2.3
-0.07278 2.8
-0.07254 3.3
-0.0723 3.8
-0.07205 4.2
-0.07181 4.7
-0.07156 5.1
-0.07132 5.6
-0.07108 6.0
-0.07083 6.4
-0.07059 6.7
-0.07034 7.1
-0.0701 7.4
-0.06985 7.7
-0.06961 8.0
-0.06937 8.2
-0.06912 8.5
-0.06888 8.7
-0.06863 8.8
-0.06839 9.0
-0.06815 9.1
-0.0679 9.2
-0.06766 9.2
-0.06741 9.2
-0.06717 9.2
-0.06693 9.2
-0.06668 9.1
-0.06644 9.0
-0.06619 8.9
-0.06595 8.7
-0.0657 8.5
-0.06546 8.3
-0.06522 8.0
-0.06497 7.7
-0.06473 7.4
-0.06448 7.1
-0.06424 6.7
-0.064 6.3
-0.06375 5.9
-0.06351 5.5
-0.06326 5.0
-0.06302 4.5
-0.06277 4.0
-0.06253 3.5
-0.06229 3.0
-0.06204 2.5
-0.0618 1.9
-0.06155 1.4
-0.06131 0.8
-0.06107 0.2
-0.06082 -0.3
-0.06058 -0.9
-0.06033 -1.5
-0.06009 -2.0
-0.05984 -2.6
-0.0596 -3.1
-0.05936 -3.7
-0.05911 -4.2
-0.05887 -4.7
-0.05862 -5.2
-0.05838 -5.7
-0.05814 -6.2
-0.05789 -6.6
-0.05765 -7.0
-0.0574 -7.4
-0.05716 -7.8
-0.05692 -8.1
-0.05667 -8.4
-0.05643 -8.7
-0.05618 -9.0
-0.05594 -9.2
-0.05569 -9.4
-0.05545 -9.5
-0.05521 -9.6
-0.05496 -9.7
-0.05472 -9.7
-0.05447 -9.7
-0.05423 -9.6
-0.05399 -9.6
-0.05374 -9.4
-0.0535 -9.3
-0.05325 -9.1
-0.05301 -8.8
-0.05276 -8.6
-0.05252 -8.3
-0.05228 -7.9
-0.05203 -7.5
-0.05179 -7.1
-0.05154 -6.7
-0.0513 -6.2
-0.05106 -5.7
-0.05081 -5.2
-0.05057 -4.7
-0.05032 -4.1
-0.05008 -3.5
-0.04984 -2.9
-0.04959 -2.3
-0.04935 -1.7
-0.0491 -1.0
-0.04886 -0.4
-0.04861 0.3
-0.04837 0.9
-0.04813 1.6
-0.04788 2.2
-0.04764 2.8
-0.04739 3.5
-0.04715 4.1
-0.04691 4.7
-0.04666 5.3
-0.04642 5.8
-0.04617 6.4
-0.04593 6.9
-0.04568 7.4
-0.04544 7.8
-0.0452 8.3
-0.04495 8.7
-0.04471 9.0
-0.04446 9.3
-0.04422 9.6
-0.04398 9.8
-0.04373 10.0
-0.04349 10.1
-0.04324 10.2
-0.043 10.3
-0.04276 10.3
-0.04251 10.2
-0.04227 10.1
-0.04202 10.0
-0.04178 9.8
-0.04153 9.5
-0.04129 9.2
-0.04105 8.9
-0.0408 8.5
-0.04056 8.1
-0.04031 7.6
-0.04007 7.1
-0.03983 6.6
-0.03958 6.0
-0.03934 5.4
-0.03909 4.8
-0.03885 4.1
-0.0386 3.4
-0.03836 2.7
-0.03812 2.0
-0.03787 1.2
-0.03763 0.5
-0.03738 -0.3
-0.03714 -1.1
-0.0369 -1.8
-0.03665 -2.6
-0.03641 -3.3
-0.03616 -4.1
-0.03592 -4.8
-0.03568 -5.5
-0.03543 -6.1
-0.03519 -6.8
-0.03494 -7.4
-0.0347 -8.0
-0.03445 -8.5
-0.03421 -9.0
-0.03397 -9.4
-0.03372 -9.8
-0.03348 -10.2
-0.03323 -10.4
-0.03299 -10.7
-0.03275 -10.8
-0.0325 -11.0
-0.03226 -11.0
-0.03201 -11.0
-0.03177 -10.9
-0.03152 -10.8
-0.03128 -10.6
-0.03104 -10.3
-0.03079 -10.0
-0.03055 -9.6
-0.0303 -9.1
-0.03006 -8.6
-0.02982 -8.0
-0.02957 -7.4
-0.02933 -6.7
-0.02908 -6.0
-0.02884 -5.3
-0.02859 -4.5
-0.02835 -3.6
-0.02811 -2.8
-0.02786 -1.9
-0.02762 -1.0
-0.02737 0.0
-0.02713 0.8
-0.02689 1.8
-0.02664 2.7
-0.0264 3.6
-0.02615 4.5
-0.02591 5.4
-0.02567 6.2
-0.02542 7.0
-0.02518 7.8
-0.02493 8.5
-0.02469 9.1
-0.02444 9.8
-0.0242 10.3
-0.02396 10.8
-0.02371 11.2
-0.02347 11.5
-0.02322 11.7
-0.02298 11.9
-0.02274 12.0
-0.02249 11.9
-0.02225 11.8
-0.022 11.6
-0.02176 11.3
-0.02151 11.0
-0.02127 10.5
-0.02103 10.0
-0.02078 9.3
-0.02054 8.6
-0.02029 7.8
-0.02005 6.9
-0.01981 6.0
-0.01956 5.0
-0.01932 4.0
-0.01907 2.9
-0.01883 1.8
-0.01859 0.6
-0.01834 -0.5
-0.0181 -1.7
-0.01785 -2.9
-0.01761 -4.0
-0.01736 -5.2
-0.01712 -6.3
-0.01688 -7.3
-0.01663 -8.3
-0.01639 -9.3
-0.01614 -10.1
-0.0159 -10.9
-0.01566 -11.6
-0.01541 -12.2
-0.01517 -12.6
-0.01492 -13.0
-0.01468 -13.2
-0.01443 -13.3
-0.01419 -13.2
-0.01395 -13.0
-0.0137 -12.7
-0.01346 -12.2
-0.01321 -11.6
-0.01297 -10.8
-0.01273 -9.9
-0.01248 -8.9
-0.01224 -7.8
-0.01199 -6.6
-0.01175 -5.2
-0.01151 -3.8
-0.01126 -2.4
-0.01102 -0.8
-0.01077 0.8
-0.01053 2.3
-0.01028 3.9
-0.01004 5.5
-0.0098 7.0
-0.00955 8.4
-0.00931 9.8
-0.00906 11.0
-0.00882 12.2
-0.00858 13.1
-0.00833 13.9
-0.00809 14.5
-0.00784 14.9
-0.0076 15.0
-0.00735 14.9
-0.00711 14.6
-0.00687 14.0
-0.00662 13.2
-0.00638 12.1
-0.00613 10.8
-0.00589 9.3
-0.00565 7.6
-0.0054 5.6
-0.00516 3.6
-0.00491 1.4
-0.00467 -0.9
-0.00443 -3.2
-0.00418 -5.5
-0.00394 -7.8
-0.00369 -9.9
-0.00345 -11.9
-0.0032 -13.6
-0.00296 -15.1
-0.00272 -16.2
-0.00247 -16.9
-0.00223 -17.2
-0.00198 -17.0
-0.00174 -16.3
-0.0015 -15.1
-0.00125 -13.3
-0.00101 -11.1
-0.00076 -8.4
-0.00052 -5.3
-0.00027 -1.9
-3e-05 1.7
0.00021 5.3
0.00046 8.7
0.0007 11.7
0.00095 14.3
0.00119 16.1
0.00143 17.2
0.00168 17.2
0.00192 16.4
0.00217 14.5
0.00241 11.9
0.00266 8.5
0.0029 4.6
0.00314 0.6
0.00339 -3.4
0.00363 -7.0
0.00388 -10.0
0.00412 -12.1
0.00436 -13.3
0.00461 -13.4
0.00485 -12.5
0.0051 -10.7
0.00534 -8.2
0.00558 -5.2
0.00583 -2.0
0.00607 1.1
0.00632 3.9
0.00656 6.2
0.00681 7.8
0.00705 8.6
0.00729 8.7
0.00754 8.0
0.00778 6.6
0.00803 4.9
0.00827 2.8
0.00851 0.7
0.00876 -1.3
0.009 -3.0
0.00925 -4.2
0.00949 -5.0
0.00974 -5.3
0.00998 -5.0
0.01022 -4.4
0.01047 -3.3
0.01071 -2.1
0.01096 -0.8
0.0112 0.4
0.01144 1.5
0.01169 2.4
0.01193 2.9
0.01218 3.1
0.01242 3.1
0.01266 2.7
0.01291 2.1
0.01315 1.4
0.0134 0.6
0.01364 -0.2
0.01389 -0.8
0.01413 -1.4
0.01437 -1.7
0.01462 -1.9
0.01486 -1.8
0.01511 -1.6
0.01535 -1.3
0.01559 -0.9
0.01584 -0.4
0.01608 0.0
0.01633 0.5
0.01657 0.8
0.01682 1.0
0.01706 1.1
0.0173 1.1
0.01755 1.0
0.01779 0.8
0.01804 0.5
0.01828 0.3
0.01852 0.0
0.01877 -0.3
0.01901 -0.5
0.01926 -0.6
0.0195 -0.7
0.01974 -0.7
0.01999 -0.6
0.02023 -0.5
0.02048 -0.3
0.02072 -0.2
0.02097 0.0
0.02121 0.2
0.02145 0.3
0.0217 0.4
0.02194 0.4
0.02219 0.4
0.02243 0.4
0.02267 0.3
0.02292 0.2
0.02316 0.1
0.02341 0.0
0.02365 0.0
0.0239 -0.2
0.02414 -0.2
0.02438 -0.3
0.02463 -0.3
0.02487 -0.2
0.02512 -0.2
0.02536 -0.1
0.0256 0.0
0.02585 0.0
0.02609 0.0
0.02634 0.1
0.02658 0.1
0.02682 0.2
0.02707 0.2
0.02731 0.1
0.02756 0.1
0.0278 0.0
0.02805 0.0
0.02829 0.0
0.02853 0.0
0.02878 0.0
0.02902 0.0
0.02927 0.0
0.02951 0.0
0.02975 0.0
0.03 0.0
0.03024 0.0
0.03049 0.0
0.03073 0.0
0.03098 0.0
0.03122 0.0
0.03146 0.0
0.03171 0.0
0.03195 0.0
0.0322 0.0
0.03244 0.0
0.03268 0.0
0.03293 0.0
0.03317 0.0
0.03342 0.0
0.03366 0.0
0.03391 0.0
0.03415 0.0
0.03439 0.0
0.03464 0.0
0.03488 0.0
0.03513 0.0
0.03537 0.0
0.03561 0.0
0.03586 0.0
0.0361 0.0
0.03635 0.0
0.03659 0.0
0.03683 0.0
0.03708 0.0
0.03732 0.0
0.03757 0.0
0.03781 0.0
0.03806 0.0
0.0383 0.0
0.03854 0.0
0.03879 0.0
0.03903 0.0
0.03928 0.0
0.03952 0.0
0.03976 0.0
0.04001 0.0
0.04025 0.0
0.0405 0.0
0.04074 0.0
0.04099 0.0
0.04123 0.0
0.04147 0.0
0.04172 0.0
0.04196 0.0
0.04221 0.0
0.04245 0.0
0.04269 0.0
0.04294 0.0
0.04318 0.0
0.04343 0.0
0.04367 0.0
0.04391 0.0
0.04416 0.0
0.0444 0.0
0.04465 0.0
0.04489 0.0
0.04514 0.0
0.04538 0.0
0.04562 0.0
0.04587 0.0
0.04611 0.0
0.04636 0.0
0.0466 0.0
0.04684 0.0
0.04709 0.0
0.04733 0.0
0.04758 0.0
0.04782 0.0
0.04807 0.0
0.04831 0.0
0.04855 0.0
0.0488 0.0
0.04904 0.0
0.04929 0.0
0.04953 0.0
0.04977 0.0
0.05002 0.0
0.05026 0.0
0.05051 0.0
0.05075 0.0
0.05099 0.0
0.05124 0.0
0.05148 0.0
0.05173 0.0
0.05197 0.0
0.05222 0.0
0.05246 0.0
0.0527 0.0
0.05295 0.0
0.05319 0.0
0.05344 0.0
0.05368 0.0
0.05392 0.0
0.05417 0.0
0.05441 0.0
0.05466 0.0
0.0549 0.0
0.05515 0.0
0.05539 0.0
0.05563 0.0
0.05588 0.0
0.05612 0.0
0.05637 0.0
0.05661 0.0
0.05685 0.0
0.0571 0.0
0.05734 0.0
0.05759 0.0
0.05783 0.0
0.05807 0.0
0.05832 0.0
0.05856 0.0
0.05881 0.0
0.05905 0.0
0.0593 0.0
0.05954 0.0
0.05978 0.0
0.06003 0.0
0.06027 0.0
0.06052 0.0
0.06076 0.0
0.061 0.0
0.06125 0.0
0.06149 0.0
0.06174 0.0
0.06198 0.0
0.06223 0.0
0.06247 0.0
0.06271 0.0
0.06296 0.0
0.0632 0.0
0.06345 0.0
0.06369 0.0
0.06393 0.0
0.06418 0.0
0.06442 0.0
0.06467 0.0
0.06491 0.0
0.06516 0.0
0.0654 0.0
0.06564 0.0
0.06589 0.0
0.06613 0.0
0.06638 0.0
0.06662 0.0
0.06686 0.0
0.06711 0.0
0.06735 0.0
0.0676 0.0
0.06784 0.0
0.06808 0.0
0.06833 0.0
0.06857 0.0
0.06882 0.0
0.06906 0.0
0.06931 0.0
0.06955 0.0
0.06979 0.0
0.07004 0.0
0.07028 0.0
0.07053 0.0
0.07077 0.0
0.07101 0.0
0.07126 0.0
0.0715 0.0
0.07175 0.0
0.07199 0.0
0.07224 0.0
0.07248 0.0
0.07272 0.0
0.07297 0.0
0.07321 0.0
0.07346 0.0
0.0737 0.0
0.07394 0.0
0.07419 0.0
0.07443 0.0
0.07468 0.0
0.07492 0.0
0.07516 0.0
0.07541 0.0
0.07565 0.0
0.0759 0.0
0.07614 0.0
0.07639 0.0
0.07663 0.0
0.07687 0.0
0.07712 0.0
0.07736 0.0
0.07761 0.0
0.07785 0.0
0.07809 0.0
0.07834 0.0
0.07858 0.0
0.07883 0.0
0.07907 0.0
0.07932 0.0
0.07956 0.0
0.0798 0.0
0.08005 0.0
0.08029 0.0
0.08054 0.0
0.08078 0.0
0.08102 0.0
0.08127 0.0
0.08151 0.0
0.08176 0.0
0.082 0.0
0.08224 0.0
0.08249 0.0
0.08273 0.0
0.08298 0.0
0.08322 0.0
0.08347 0.0
0.08371 0.0
0.08395 0.0
0.0842 0.0
0.08444 0.0
0.08469 0.0
0.08493 0.0
0.08517 0.0
0.08542 0.0
0.08566 0.0
0.08591 0.0
0.08615 0.0
0.0864 0.0
0.08664 0.0
0.08688 0.0
0.08713 0.0
0.08737 0.0
0.08762 0.0
0.08786 0.0
0.0881 0.0
0.08835 0.0
0.08859 0.0
0.08884 0.0
0.08908 0.0
0.08932 0.0
0.08957 0.0
0.08981 0.0
0.09006 0.0
0.0903 0.0
0.09055 0.0
0.09079 0.0
0.09103 0.0
0.09128 0.0
0.09152 0.0
0.09177 0.0
0.09201 0.0
0.09225 0.0
0.0925 0.0
0.09274 0.0
0.09299 0.0
0.09323 0.0
0.09348 0.0
0.09372 0.0
0.09396 0.0
0.09421 0.0
0.09445 0.0
0.0947 0.0
0.09494 0.0
0.09518 0.0
0.09543 0.0
0.09567 0.0
0.09592 0.0
0.09616 0.0
0.09641 0.0
0.09665 0.0
0.09689 0.0
0.09714 0.0
0.09738 0.0
0.09763 0.0
0.09787 0.0
0.09811 0.0
0.09836 0.0
0.0986 0.0
0.09885 0.0
0.09909 0.0
0.09933 0.0
0.09958 0.0
0.09982 0.0
0.10007 0.0
0.10031 0.0
0.10056 0.0
0.1008 0.0
0.10104 0.0
0.10129 0.0
0.10153 0.0
0.10178 0.0
0.10202 0.0
0.10226 0.0
0.10251 0.0
0.10275 0.0
0.103 0.0
0.10324 0.0
0.10349 0.0
0.10373 0.0
0.10397 0.0
0.10422 0.0
0.10446 0.0
0.10471 0.0
0.10495 0.0
0.10519 0.0
0.10544 0.0
0.10568 0.0
0.10593 0.0
0.10617 0.0
0.10641 0.0
0.10666 0.0
0.1069 0.0
0.10715 0.0
0.10739 0.0
0.10764 0.0
0.10788 0.0
0.10812 0.0
0.10837 0.0
0.10861 0.0
0.10886 0.0
0.1091 0.0
0.10934 0.0
0.10959 0.0
0.10983 0.0
0.11008 0.0
0.11032 0.0
0.11057 0.0
0.11081 0.0
0.11105 0.0
0.1113 0.0
0.11154 0.0
0.11179 0.0
0.11203 0.0
0.11227 0.0
0.11252 0.0
0.11276 0.0
0.11301 0.0
0.11325 0.0
0.11349 0.0
0.11374 0.0
0.11398 0.0
0.11423 0.0
0.11447 0.0
0.11472 0.0
0.11496 0.0
0.1152 0.0
0.11545 0.0
0.11569 0.0
0.11594 0.0
0.11618 0.0
0.11642 0.0
0.11667 0.0
0.11691 0.0
0.11716 0.0
0.1174 0.0
0.11765 0.0
0.11789 0.0
0.11813 0.0
0.11838 0.0
0.11862 0.0
0.11887 0.0
0.11911 0.0
0.11935 0.0
0.1196 0.0
0.11984 0.0
0.12009 0.0
0.12033 0.0
0.12057 0.0
0.12082 0.0
0.12106 0.0
0.12131 0.0
0.12155 0.0
0.1218 0.0
0.12204 0.0
0.12228 0.0
0.12253 0.0
0.12277 0.0
0.12302 0.0
0.12326 0.0
0.1235 0.0
0.12375 0.0
0.12399 0.0
0.12424 0.0
0.12448 0.0
0.12473 0.0
0.12497 0.0
0.12521 0.0
0.12546 0.0
0.1257 0.0
0.12595 0.0
0.12619 0.0
0.12643 0.0
0.12668 0.0
0.12692 0.0
0.12717 0.0
0.12741 0.0
0.12766 0.0
0.1279 0.0
0.12814 0.0
0.12839 0.0
0.12863 0.0
0.12888 0.0
0.12912 0.0
0.12936 0.0
0.12961 0.0
0.12985 0.0
0.1301 0.0
0.13034 0.0
0.13058 0.0
0.13083 0.0
0.13107 0.0
0.13132 0.0
0.13156 0.0
0.13181 0.0
0.13205 0.0
0.13229 0.0
0.13254 0.0
0.13278 0.0
0.13303 0.0
0.13327 0.0
0.13351 0.0
0.13376 0.0
0.134 0.0
0.13425 0.0
0.13449 0.0
0.13474 0.0
0.13498 0.0
0.13522 0.0
0.13547 0.0
0.13571 0.0
0.13596 0.0
0.1362 0.0
0.13644 0.0
0.13669 0.0
0.13693 0.0
0.13718 0.0
0.13742 0.0
0.13766 0.0
0.13791 0.0
0.13815 0.0
0.1384 0.0
0.13864 0.0
0.13889 0.0
0.13913 0.0
0.13937 0.0
0.13962 0.0
0.13986 0.0
0.14011 0.0
0.14035 0.0
0.14059 0.0
0.14084 0.0
0.14108 0.0
0.14133 0.0
0.14157 0.0
0.14182 0.0
0.14206 0.0
0.1423 0.0
0.14255 0.0
0.14279 0.0
0.14304 0.0
0.14328 0.0
0.14352 0.0
0.14377 0.0
0.14401 0.0
0.14426 0.0
0.1445 0.0
0.14474 0.0
0.14499 0.0
0.14523 0.0
0.14548 0.0
0.14572 0.0
0.14597 0.0
0.14621 0.0
0.14645 0.0
0.1467 0.0
0.14694 0.0
0.14719 0.0
0.14743 0.0
0.14767 0.0
0.14792 0.0
0.14816 0.0
0.14841 0.0
0.14865 0.0
0.1489 0.0
0.14914 0.0
0.14938 0.0
0.14963 0.0
0.14987 0.0
0.15012 0.0
0.15036 0.0
0.1506 0.0
0.15085 0.0
0.15109 0.0
0.15134 0.0
0.15158 0.0
0.15182 0.0
0.15207 0.0
0.15231 0.0
0.15256 0.0
0.1528 0.0
0.15305 0.0
0.15329 0.0
0.15353 0.0
0.15378 0.0
0.15402 0.0
0.15427 0.0
0.15451 0.0
0.15475 0.0
0.155 0.0
0.15524 0.0
0.15549 0.0
0.15573 0.0
0.15598 0.0
0.15622 0.0
0.15646 0.0
0.15671 0.0
0.15695 0.0
0.1572 0.0
0.15744 0.0
0.15768 0.0
0.15793 0.0
0.15817 0.0
0.15842 0.0
0.15866 0.0
0.15891 0.0
0.15915 0.0
0.15939 0.0
0.15964 0.0
0.15988 0.0
0.16013 0.0
0.16037 0.0
0.16061 0.0
0.16086 0.0
0.1611 0.0
0.16135 0.0
0.16159 0.0
0.16183 0.0
0.16208 0.0
0.16232 0.0
0.16257 0.0
0.16281 0.0
0.16306 0.0
0.1633 0.0
0.16354 0.0
0.16379 0.0
0.16403 0.0
0.16428 0.0
0.16452 0.0
0.16476 0.0
0.16501 0.0
0.16525 0.0
0.1655 0.0
0.16574 0.0
0.16599 0.0
0.16623 0.0
0.16647 0.0
0.16672 0.0
0.16696 0.0
0.16721 0.0
0.16745 0.0
0.16769 0.0
0.16794 0.0
0.16818 0.0
0.16843 0.0
0.16867 0.0
0.16891 0.0
0.16916 0.0
0.1694 0.0
0.16965 0.0
0.16989 0.0
0.17014 0.0
0.17038 0.0
0.17062 0.0
0.17087 0.0
0.17111 0.0
0.17136 0.0
0.1716 0.0
0.17184 0.0
0.17209 0.0
0.17233 0.0
0.17258 0.0
0.17282 0.0
0.17307 0.0
0.17331 0.0
0.17355 0.0
0.1738 0.0
0.17404 0.0
0.17429 0.0
0.17453 0.0
0.17477 0.0
0.17502 0.0
0.17526 0.0
0.17551 0.0
0.17575 0.0
0.17599 0.0
0.17624 0.0
0.17648 0.0
0.17673 0.0
0.17697 0.0
0.17722 0.0
0.17746 0.0
0.1777 0.0
0.17795 0.0
0.17819 0.0
0.17844 0.0
0.17868 0.0
0.17892 0.0
0.17917 0.0
0.17941 0.0
0.17966 0.0
0.1799 0.0
0.18015 0.0
0.18039 0.0
0.18063 0.0
0.18088 0.0
0.18112 0.0
0.18137 0.0
0.18161 0.0
0.18185 0.0
0.1821 0.0
0.18234 0.0
0.18259 0.0
0.18283 0.0
0.18307 0.0
0.18332 0.0
0.18356 0.0
0.18381 0.0
0.18405 0.0
0.1843 0.0
0.18454 0.0
0.18478 0.0
0.18503 0.0
0.18527 0.0
0.18552 0.0
0.18576 0.0
0.186 0.0
0.18625 0.0
0.18649 0.0
0.18674 0.0
0.18698 0.0
0.18723 0.0
0.18747 0.0
0.18771 0.0
0.18796 0.0
0.1882 0.0
0.18845 0.0
0.18869 0.0
0.18893 0.0
0.18918 0.0
0.18942 0.0
0.18967 0.0
0.18991 0.0
0.19016 0.0
0.1904 0.0
0.19064 0.0
0.19089 0.0
0.19113 0.0
0.19138 0.0
0.19162 0.0
0.19186 0.0
0.19211 0.0
0.19235 0.0
0.1926 0.0
0.19284 0.0
0.19308 0.0
0.19333 0.0
0.19357 0.0
0.19382 0.0
0.19406 0.0
0.19431 0.0
0.19455 0.0
0.19479 0.0
0.19504 0.0
0.19528 0.0
0.19553 0.0
0.19577 0.0
0.19601 0.0
0.19626 0.0
0.1965 0.0
0.19675 0.0
0.19699 0.0
0.19724 0.0
0.19748 0.0
0.19772 0.0
0.19797 0.0
