t strain*1e23
-0.25299 13.5
-0.25275 13.5
-0.2525 13.5
-0.25226 13.6
-0.25201 13.6
-0.25177 13.6
-0.25153 13.6
-0.25128 13.5
-0.25104 13.5
-0.25079 13.4
-0.25055 13.3
-0.25031 13.2
-0.25006 13.1
-0.24982 13.0
-0.24957 12.9
-0.24933 12.7
-0.24908 12.6
-0.24884 12.4
-0.2486 12.2
-0.24835 12.0
-0.24811 11.8
-0.24786 11.6
-0.24762 11.3
-0.24738 11.1
-0.24713 10.8
-0.24689 10.5
-0.24664 10.2
-0.2464 9.9
-0.24615 9.6
-0.24591 9.3
-0.24567 8.9
-0.24542 8.6
-0.24518 8.2
-0.24493 7.9
-0.24469 7.5
-0.24445 7.1
-0.2442 6.7
-0.24396 6.3
-0.24371 5.9
-0.24347 5.5
-0.24323 5.1
-0.24298 4.7
-0.24274 4.3
-0.24249 3.8
-0.24225 3.4
-0.242 2.9
-0.24176 2.5
-0.24152 2.0
-0.24127 1.6
-0.24103 1.1
-0.24078 0.7
-0.24054 0.2
-0.2403 -0.2
-0.24005 -0.7
-0.23981 -1.2
-0.23956 -1.6
-0.23932 -2.1
-0.23907 -2.5
-0.23883 -3.0
-0.23859 -3.4
-0.23834 -3.9
-0.2381 -4.3
-0.23785 -4.7
-0.23761 -5.2
-0.23737 -5.6
-0.23712 -6.0
-0.23688 -6.4
-0.23663 -6.8
-0.23639 -7.2
-0.23615 -7.6
-0.2359 -8.0
-0.23566 -8.4
-0.23541 -8.7
-0.23517 -9.1
-0.23492 -9.4
-0.23468 -9.8
-0.23444 -10.1
-0.23419 -10.4
-0.23395 -10.7
-0.2337 -11.0
-0.23346 -11.3
-0.23322 -11.6
-0.23297 -11.8
-0.23273 -12.0
-0.23248 -12.3
-0.23224 -12.5
-0.23199 -12.7
-0.23175 -12.9
-0.23151 -13.0
-0.23126 -13.2
-0.23102 -13.3
-0.23077 -13.4
-0.23053 -13.6
-0.23029 -13.6
-0.23004 -13.7
-0.2298 -13.8
-0.22955 -13.8
-0.22931 -13.9
-0.22906 -13.9
-0.22882 -13.9
-0.22858 -13.9
-0.22833 -13.8
-0.22809 -13.8
-0.22784 -13.7
-0.2276 -13.6
-0.22736 -13.5
-0.22711 -13.4
-0.22687 -13.3
-0.22662 -13.1
-0.22638 -13.0
-0.22614 -12.8
-0.22589 -12.6
-0.22565 -12.4
-0.2254 -12.2
-0.22516 -12.0
-0.22491 -11.7
-0.22467 -11.5
-0.22443 -11.2
-0.22418 -10.9
-0.22394 -10.6
-0.22369 -10.3
-0.22345 -9.9
-0.22321 -9.6
-0.22296 -9.3
-0.22272 -8.9
-0.22247 -8.5
-0.22223 -8.1
-0.22198 -7.8
-0.22174 -7.4
-0.2215 -6.9
-0.22125 -6.5
-0.22101 -6.1
-0.22076 -5.7
-0.22052 -5.2
-0.22028 -4.8
-0.22003 -4.3
-0.21979 -3.9
-0.21954 -3.4
-0.2193 -2.9
-0.21906 -2.5
-0.21881 -2.0
-0.21857 -1.5
-0.21832 -1.0
-0.21808 -0.5
-0.21783 0.0
-0.21759 0.4
-0.21735 0.9
-0.2171 1.4
-0.21686 1.9
-0.21661 2.4
-0.21637 2.8
-0.21613 3.3
-0.21588 3.8
-0.21564 4.3
-0.21539 4.7
-0.21515 5.2
-0.2149 5.6
-0.21466 6.1
-0.21442 6.5
-0.21417 6.9
-0.21393 7.4
-0.21368 7.8
-0.21344 8.2
-0.2132 8.6
-0.21295 9.0
-0.21271 9.3
-0.21246 9.7
-0.21222 10.1
-0.21198 10.4
-0.21173 10.7
-0.21149 11.0
-0.21124 11.3
-0.211 11.6
-0.21075 11.9
-0.21051 12.2
-0.21027 12.4
-0.21002 12.7
-0.20978 12.9
-0.20953 13.1
-0.20929 13.3
-0.20905 13.4
-0.2088 13.6
-0.20856 13.7
-0.20831 13.8
-0.20807 13.9
-0.20782 14.0
-0.20758 14.1
-0.20734 14.1
-0.20709 14.2
-0.20685 14.2
-0.2066 14.2
-0.20636 14.2
-0.20612 14.1
-0.20587 14.1
-0.20563 14.0
-0.20538 13.9
-0.20514 13.8
-0.2049 13.7
-0.20465 13.6
-0.20441 13.4
-0.20416 13.2
-0.20392 13.0
-0.20367 12.8
-0.20343 12.6
-0.20319 12.4
-0.20294 12.1
-0.2027 11.8
-0.20245 11.6
-0.20221 11.3
-0.20197 11.0
-0.20172 10.6
-0.20148 10.3
-0.20123 9.9
-0.20099 9.6
-0.20074 9.2
-0.2005 8.8
-0.20026 8.4
-0.20001 8.0
-0.19977 7.5
-0.19952 7.1
-0.19928 6.7
-0.19904 6.2
-0.19879 5.8
-0.19855 5.3
-0.1983 4.8
-0.19806 4.3
-0.19781 3.8
-0.19757 3.3
-0.19733 2.8
-0.19708 2.3
-0.19684 1.8
-0.19659 1.3
-0.19635 0.8
-0.19611 0.3
-0.19586 -0.2
-0.19562 -0.7
-0.19537 -1.2
-0.19513 -1.7
-0.19489 -2.3
-0.19464 -2.8
-0.1944 -3.3
-0.19415 -3.8
-0.19391 -4.3
-0.19366 -4.8
-0.19342 -5.2
-0.19318 -5.7
-0.19293 -6.2
-0.19269 -6.7
-0.19244 -7.1
-0.1922 -7.6
-0.19196 -8.0
-0.19171 -8.4
-0.19147 -8.9
-0.19122 -9.3
-0.19098 -9.7
-0.19073 -10.0
-0.19049 -10.4
-0.19025 -10.8
-0.19 -11.1
-0.18976 -11.5
-0.18951 -11.8
-0.18927 -12.1
-0.18903 -12.4
-0.18878 -12.6
-0.18854 -12.9
-0.18829 -13.1
-0.18805 -13.3
-0.18781 -13.5
-0.18756 -13.7
-0.18732 -13.9
-0.18707 -14.0
-0.18683 -14.2
-0.18658 -14.3
-0.18634 -14.4
-0.1861 -14.4
-0.18585 -14.5
-0.18561 -14.5
-0.18536 -14.5
-0.18512 -14.5
-0.18488 -14.5
-0.18463 -14.5
-0.18439 -14.4
-0.18414 -14.3
-0.1839 -14.2
-0.18365 -14.1
-0.18341 -14.0
-0.18317 -13.8
-0.18292 -13.7
-0.18268 -13.5
-0.18243 -13.3
-0.18219 -13.0
-0.18195 -12.8
-0.1817 -12.5
-0.18146 -12.2
-0.18121 -11.9
-0.18097 -11.6
-0.18073 -11.3
-0.18048 -10.9
-0.18024 -10.6
-0.17999 -10.2
-0.17975 -9.8
-0.1795 -9.4
-0.17926 -9.0
-0.17902 -8.6
-0.17877 -8.1
-0.17853 -7.7
-0.17828 -7.2
-0.17804 -6.7
-0.1778 -6.2
-0.17755 -5.7
-0.17731 -5.2
-0.17706 -4.7
-0.17682 -4.2
-0.17657 -3.7
-0.17633 -3.2
-0.17609 -2.6
-0.17584 -2.1
-0.1756 -1.6
-0.17535 -1.0
-0.17511 -0.5
-0.17487 0.0
-0.17462 0.6
-0.17438 1.2
-0.17413 1.7
-0.17389 2.3
-0.17365 2.8
-0.1734 3.3
-0.17316 3.9
-0.17291 4.4
-0.17267 4.9
-0.17242 5.5
-0.17218 6.0
-0.17194 6.5
-0.17169 7.0
-0.17145 7.4
-0.1712 7.9
-0.17096 8.4
-0.17072 8.8
-0.17047 9.3
-0.17023 9.7
-0.16998 10.1
-0.16974 10.5
-0.16949 10.9
-0.16925 11.3
-0.16901 11.7
-0.16876 12.0
-0.16852 12.3
-0.16827 12.6
-0.16803 12.9
-0.16779 13.2
-0.16754 13.4
-0.1673 13.7
-0.16705 13.9
-0.16681 14.1
-0.16656 14.3
-0.16632 14.4
-0.16608 14.6
-0.16583 14.7
-0.16559 14.8
-0.16534 14.8
-0.1651 14.9
-0.16486 14.9
-0.16461 14.9
-0.16437 14.9
-0.16412 14.9
-0.16388 14.8
-0.16364 14.8
-0.16339 14.7
-0.16315 14.6
-0.1629 14.4
-0.16266 14.2
-0.16241 14.1
-0.16217 13.9
-0.16193 13.6
-0.16168 13.4
-0.16144 13.1
-0.16119 12.9
-0.16095 12.6
-0.16071 12.2
-0.16046 11.9
-0.16022 11.5
-0.15997 11.2
-0.15973 10.8
-0.15948 10.4
-0.15924 9.9
-0.159 9.5
-0.15875 9.1
-0.15851 8.6
-0.15826 8.1
-0.15802 7.6
-0.15778 7.1
-0.15753 6.6
-0.15729 6.1
-0.15704 5.5
-0.1568 5.0
-0.15656 4.5
-0.15631 3.9
-0.15607 3.3
-0.15582 2.8
-0.15558 2.2
-0.15533 1.6
-0.15509 1.0
-0.15485 0.4
-0.1546 -0.2
-0.15436 -0.7
-0.15411 -1.3
-0.15387 -1.9
-0.15363 -2.5
-0.15338 -3.1
-0.15314 -3.7
-0.15289 -4.2
-0.15265 -4.8
-0.1524 -5.3
-0.15216 -5.9
-0.15192 -6.4
-0.15167 -7.0
-0.15143 -7.5
-0.15118 -8.0
-0.15094 -8.5
-0.1507 -9.0
-0.15045 -9.5
-0.15021 -9.9
-0.14996 -10.4
-0.14972 -10.8
-0.14948 -11.2
-0.14923 -11.6
-0.14899 -12.0
-0.14874 -12.4
-0.1485 -12.7
-0.14825 -13.1
-0.14801 -13.4
-0.14777 -13.7
-0.14752 -13.9
-0.14728 -14.2
-0.14703 -14.4
-0.14679 -14.6
-0.14655 -14.8
-0.1463 -14.9
-0.14606 -15.1
-0.14581 -15.2
-0.14557 -15.3
-0.14532 -15.3
-0.14508 -15.4
-0.14484 -15.4
-0.14459 -15.4
-0.14435 -15.3
-0.1441 -15.3
-0.14386 -15.2
-0.14362 -15.1
-0.14337 -15.0
-0.14313 -14.8
-0.14288 -14.6
-0.14264 -14.4
-0.1424 -14.2
-0.14215 -14.0
-0.14191 -13.7
-0.14166 -13.4
-0.14142 -13.1
-0.14117 -12.8
-0.14093 -12.4
-0.14069 -12.0
-0.14044 -11.6
-0.1402 -11.2
-0.13995 -10.8
-0.13971 -10.3
-0.13947 -9.9
-0.13922 -9.4
-0.13898 -8.9
-0.13873 -8.4
-0.13849 -7.8
-0.13824 -7.3
-0.138 -6.7
-0.13776 -6.2
-0.13751 -5.6
-0.13727 -5.0
-0.13702 -4.4
-0.13678 -3.8
-0.13654 -3.2
-0.13629 -2.6
-0.13605 -2.0
-0.1358 -1.3
-0.13556 -0.7
-0.13531 0.0
-0.13507 0.6
-0.13483 1.2
-0.13458 1.8
-0.13434 2.5
-0.13409 3.1
-0.13385 3.7
-0.13361 4.3
-0.13336 4.9
-0.13312 5.5
-0.13287 6.1
-0.13263 6.7
-0.13239 7.3
-0.13214 7.9
-0.1319 8.4
-0.13165 9.0
-0.13141 9.5
-0.13116 10.0
-0.13092 10.5
-0.13068 11.0
-0.13043 11.4
-0.13019 11.9
-0.12994 12.3
-0.1297 12.7
-0.12946 13.1
-0.12921 13.4
-0.12897 13.8
-0.12872 14.1
-0.12848 14.4
-0.12823 14.6
-0.12799 14.9
-0.12775 15.1
-0.1275 15.3
-0.12726 15.4
-0.12701 15.6
-0.12677 15.7
-0.12653 15.8
-0.12628 15.8
-0.12604 15.9
-0.12579 15.9
-0.12555 15.9
-0.12531 15.8
-0.12506 15.7
-0.12482 15.6
-0.12457 15.5
-0.12433 15.3
-0.12408 15.1
-0.12384 14.9
-0.1236 14.7
-0.12335 14.4
-0.12311 14.1
-0.12286 13.8
-0.12262 13.5
-0.12238 13.1
-0.12213 12.7
-0.12189 12.3
-0.12164 11.9
-0.1214 11.4
-0.12115 11.0
-0.12091 10.5
-0.12067 9.9
-0.12042 9.4
-0.12018 8.9
-0.11993 8.3
-0.11969 7.7
-0.11945 7.1
-0.1192 6.5
-0.11896 5.9
-0.11871 5.2
-0.11847 4.6
-0.11823 3.9
-0.11798 3.3
-0.11774 2.6
-0.11749 1.9
-0.11725 1.2
-0.117 0.5
-0.11676 -0.1
-0.11652 -0.8
-0.11627 -1.5
-0.11603 -2.2
-0.11578 -2.9
-0.11554 -3.6
-0.1153 -4.2
-0.11505 -4.9
-0.11481 -5.6
-0.11456 -6.2
-0.11432 -6.9
-0.11407 -7.5
-0.11383 -8.1
-0.11359 -8.7
-0.11334 -9.3
-0.1131 -9.9
-0.11285 -10.4
-0.11261 -11.0
-0.11237 -11.5
-0.11212 -12.0
-0.11188 -12.4
-0.11163 -12.9
-0.11139 -13.3
-0.11115 -13.7
-0.1109 -14.1
-0.11066 -14.5
-0.11041 -14.8
-0.11017 -15.1
-0.10992 -15.3
-0.10968 -15.6
-0.10944 -15.8
-0.10919 -16.0
-0.10895 -16.1
-0.1087 -16.3
-0.10846 -16.4
-0.10822 -16.4
-0.10797 -16.4
-0.10773 -16.4
-0.10748 -16.4
-0.10724 -16.3
-0.10699 -16.3
-0.10675 -16.1
-0.10651 -16.0
-0.10626 -15.8
-0.10602 -15.6
-0.10577 -15.3
-0.10553 -15.0
-0.10529 -14.7
-0.10504 -14.4
-0.1048 -14.0
-0.10455 -13.6
-0.10431 -13.2
-0.10406 -12.7
-0.10382 -12.2
-0.10358 -11.7
-0.10333 -11.2
-0.10309 -10.7
-0.10284 -10.1
-0.1026 -9.5
-0.10236 -8.9
-0.10211 -8.3
-0.10187 -7.6
-0.10162 -6.9
-0.10138 -6.3
-0.10114 -5.6
-0.10089 -4.9
-0.10065 -4.1
-0.1004 -3.4
-0.10016 -2.7
-0.09991 -1.9
-0.09967 -1.2
-0.09943 -0.4
-0.09918 0.3
-0.09894 1.1
-0.09869 1.8
-0.09845 2.6
-0.09821 3.3
-0.09796 4.1
-0.09772 4.8
-0.09747 5.5
-0.09723 6.3
-0.09698 7.0
-0.09674 7.7
-0.0965 8.3
-0.09625 9.0
-0.09601 9.7
-0.09576 10.3
-0.09552 10.9
-0.09528 11.5
-0.09503 12.0
-0.09479 12.6
-0.09454 13.1
-0.0943 13.6
-0.09406 14.0
-0.09381 14.5
-0.09357 14.9
-0.09332 15.2
-0.09308 15.6
-0.09283 15.9
-0.09259 16.2
-0.09235 16.4
-0.0921 16.6
-0.09186 16.8
-0.09161 16.9
-0.09137 17.0
-0.09113 17.1
-0.09088 17.1
-0.09064 17.1
-0.09039 17.1
-0.09015 17.0
-0.0899 16.9
-0.08966 16.7
-0.08942 16.5
-0.08917 16.3
-0.08893 16.0
-0.08868 15.7
-0.08844 15.4
-0.0882 15.0
-0.08795 14.6
-0.08771 14.1
-0.08746 13.7
-0.08722 13.2
-0.08698 12.6
-0.08673 12.1
-0.08649 11.5
-0.08624 10.9
-0.086 10.2
-0.08575 9.6
-0.08551 8.9
-0.08527 8.2
-0.08502 7.4
-0.08478 6.7
-0.08453 5.9
-0.08429 5.1
-0.08405 4.3
-0.0838 3.5
-0.08356 2.7
-0.08331 1.9
-0.08307 1.0
-0.08282 0.2
-0.08258 -0.6
-0.08234 -1.5
-0.08209 -2.3
-0.08185 -3.1
-0.0816 -4.0
-0.08136 -4.8
-0.08112 -5.6
-0.08087 -6.4
-0.08063 -7.2
-0.08038 -8.0
-0.08014 -8.7
-0.0799 -9.5
-0.07965 -10.2
-0.07941 -10.9
-0.07916 -11.6
-0.07892 -12.2
-0.07867 -12.8
-0.07843 -13.4
-0.07819 -14.0
-0.07794 -14.5
-0.0777 -15.0
-0.07745 -15.5
-0.07721 -15.9
-0.07697 -16.3
-0.07672 -16.6
-0.07648 -16.9
-0.07623 -17.2
-0.07599 -17.4
-0.07574 -17.6
-0.0755 -17.7
-0.07526 -17.8
-0.07501 -17.9
-0.07477 -17.9
-0.07452 -17.9
-0.07428 -17.8
-0.07404 -17.7
-0.07379 -17.5
-0.07355 -17.3
-0.0733 -17.0
-0.07306 -16.7
-0.07281 -16.4
-0.07257 -16.0
-0.07233 -15.6
-0.07208 -15.1
-0.07184 -14.6
-0.07159 -14.1
-0.07135 -13.5
-0.07111 -12.9
-0.07086 -12.2
-0.07062 -11.6
-0.07037 -10.8
-0.07013 -10.1
-0.06989 -9.3
-0.06964 -8.5
-0.0694 -7.7
-0.06915 -6.8
-0.06891 -6.0
-0.06866 -5.1
-0.06842 -4.2
-0.06818 -3.3
-0.06793 -2.3
-0.06769 -1.4
-0.06744 -0.5
-0.0672 0.5
-0.06696 1.4
-0.06671 2.4
-0.06647 3.3
-0.06622 4.3
-0.06598 5.2
-0.06573 6.1
-0.06549 7.0
-0.06525 7.9
-0.065 8.8
-0.06476 9.6
-0.06451 10.4
-0.06427 11.2
-0.06403 12.0
-0.06378 12.7
-0.06354 13.4
-0.06329 14.1
-0.06305 14.8
-0.06281 15.3
-0.06256 15.9
-0.06232 16.4
-0.06207 16.9
-0.06183 17.3
-0.06158 17.7
-0.06134 18.0
-0.0611 18.3
-0.06085 18.5
-0.06061 18.7
-0.06036 18.8
-0.06012 18.9
-0.05988 18.9
-0.05963 18.8
-0.05939 18.7
-0.05914 18.6
-0.0589 18.4
-0.05865 18.1
-0.05841 17.8
-0.05817 17.4
-0.05792 17.0
-0.05768 16.5
-0.05743 16.0
-0.05719 15.4
-0.05695 14.8
-0.0567 14.1
-0.05646 13.4
-0.05621 12.7
-0.05597 11.9
-0.05573 11.0
-0.05548 10.2
-0.05524 9.2
-0.05499 8.3
-0.05475 7.3
-0.0545 6.3
-0.05426 5.3
-0.05402 4.3
-0.05377 3.2
-0.05353 2.2
-0.05328 1.1
-0.05304 0.0
-0.0528 -1.1
-0.05255 -2.2
-0.05231 -3.3
-0.05206 -4.4
-0.05182 -5.4
-0.05157 -6.5
-0.05133 -7.5
-0.05109 -8.6
-0.05084 -9.6
-0.0506 -10.5
-0.05035 -11.5
-0.05011 -12.4
-0.04987 -13.3
-0.04962 -14.1
-0.04938 -14.9
-0.04913 -15.6
-0.04889 -16.3
-0.04865 -17.0
-0.0484 -17.5
-0.04816 -18.1
-0.04791 -18.6
-0.04767 -19.0
-0.04742 -19.3
-0.04718 -19.6
-0.04694 -19.8
-0.04669 -20.0
-0.04645 -20.1
-0.0462 -20.1
-0.04596 -20.0
-0.04572 -19.9
-0.04547 -19.7
-0.04523 -19.4
-0.04498 -19.1
-0.04474 -18.7
-0.04449 -18.2
-0.04425 -17.7
-0.04401 -17.1
-0.04376 -16.4
-0.04352 -15.6
-0.04327 -14.9
-0.04303 -14.0
-0.04279 -13.1
-0.04254 -12.1
-0.0423 -11.1
-0.04205 -10.1
-0.04181 -9.0
-0.04156 -7.8
-0.04132 -6.7
-0.04108 -5.5
-0.04083 -4.2
-0.04059 -3.0
-0.04034 -1.7
-0.0401 -0.4
-0.03986 0.9
-0.03961 2.2
-0.03937 3.5
-0.03912 4.7
-0.03888 6.0
-0.03864 7.3
-0.03839 8.5
-0.03815 9.7
-0.0379 10.9
-0.03766 12.0
-0.03741 13.1
-0.03717 14.2
-0.03693 15.2
-0.03668 16.1
-0.03644 17.0
-0.03619 17.8
-0.03595 18.6
-0.03571 19.2
-0.03546 19.8
-0.03522 20.3
-0.03497 20.8
-0.03473 21.1
-0.03448 21.4
-0.03424 21.5
-0.034 21.6
-0.03375 21.6
-0.03351 21.5
-0.03326 21.3
-0.03302 21.0
-0.03278 20.6
-0.03253 20.1
-0.03229 19.5
-0.03204 18.8
-0.0318 18.0
-0.03156 17.2
-0.03131 16.2
-0.03107 15.2
-0.03082 14.1
-0.03058 12.9
-0.03033 11.7
-0.03009 10.4
-0.02985 9.0
-0.0296 7.6
-0.02936 6.2
-0.02911 4.6
-0.02887 3.1
-0.02863 1.6
-0.02838 0.0
-0.02814 -1.6
-0.02789 -3.2
-0.02765 -4.8
-0.0274 -6.4
-0.02716 -7.9
-0.02692 -9.5
-0.02667 -11.0
-0.02643 -12.4
-0.02618 -13.8
-0.02594 -15.1
-0.0257 -16.4
-0.02545 -17.6
-0.02521 -18.7
-0.02496 -19.7
-0.02472 -20.6
-0.02448 -21.4
-0.02423 -22.1
-0.02399 -22.6
-0.02374 -23.1
-0.0235 -23.4
-0.02325 -23.6
-0.02301 -23.7
-0.02277 -23.6
-0.02252 -23.4
-0.02228 -23.0
-0.02203 -22.5
-0.02179 -21.9
-0.02155 -21.1
-0.0213 -20.2
-0.02106 -19.2
-0.02081 -18.0
-0.02057 -16.7
-0.02032 -15.3
-0.02008 -13.8
-0.01984 -12.1
-0.01959 -10.4
-0.01935 -8.6
-0.0191 -6.7
-0.01886 -4.8
-0.01862 -2.8
-0.01837 -0.8
-0.01813 1.3
-0.01788 3.3
-0.01764 5.4
-0.0174 7.5
-0.01715 9.5
-0.01691 11.5
-0.01666 13.4
-0.01642 15.2
-0.01617 17.0
-0.01593 18.6
-0.01569 20.2
-0.01544 21.6
-0.0152 22.8
-0.01495 23.9
-0.01471 24.8
-0.01447 25.5
-0.01422 26.0
-0.01398 26.3
-0.01373 26.5
-0.01349 26.3
-0.01324 26.0
-0.013 25.4
-0.01276 24.6
-0.01251 23.6
-0.01227 22.4
-0.01202 20.9
-0.01178 19.2
-0.01154 17.3
-0.01129 15.3
-0.01105 13.0
-0.0108 10.6
-0.01056 8.1
-0.01031 5.4
-0.01007 2.7
-0.00983 -0.2
-0.00958 -3.1
-0.00934 -5.9
-0.00909 -8.8
-0.00885 -11.7
-0.00861 -14.4
-0.00836 -17.0
-0.00812 -19.5
-0.00787 -21.8
-0.00763 -23.9
-0.00739 -25.8
-0.00714 -27.3
-0.0069 -28.6
-0.00665 -29.5
-0.00641 -30.0
-0.00616 -30.2
-0.00592 -29.9
-0.00568 -29.2
-0.00543 -28.2
-0.00519 -26.6
-0.00494 -24.7
-0.0047 -22.3
-0.00446 -19.6
-0.00421 -16.5
-0.00397 -13.0
-0.00372 -9.3
-0.00348 -5.3
-0.00323 -1.1
-0.00299 3.2
-0.00275 7.6
-0.0025 11.9
-0.00226 16.1
-0.00201 20.1
-0.00177 23.7
-0.00153 26.9
-0.00128 29.6
-0.00104 31.7
-0.00079 33.1
-0.00055 33.7
-0.00031 33.4
-6e-05 32.1
0.00018 30.0
0.00043 26.9
0.00067 22.9
0.00092 18.2
0.00116 12.8
0.0014 7.0
0.00165 0.9
0.00189 -5.3
0.00214 -11.2
0.00238 -16.7
0.00262 -21.6
0.00287 -25.5
0.00311 -28.3
0.00336 -29.9
0.0036 -30.2
0.00385 -29.2
0.00409 -26.8
0.00433 -23.4
0.00458 -18.9
0.00482 -13.7
0.00507 -8.1
0.00531 -2.2
0.00555 3.5
0.0058 8.7
0.00604 13.3
0.00629 17.0
0.00653 19.6
0.00677 21.0
0.00702 21.3
0.00726 20.4
0.00751 18.4
0.00775 15.6
0.008 12.1
0.00824 8.1
0.00848 4.0
0.00873 -0.1
0.00897 -3.9
0.00922 -7.2
0.00946 -9.9
0.0097 -11.8
0.00995 -12.9
0.01019 -13.1
0.01044 -12.6
0.01068 -11.4
0.01093 -9.5
0.01117 -7.3
0.01141 -4.8
0.01166 -2.2
0.0119 0.4
0.01215 2.7
0.01239 4.6
0.01263 6.2
0.01288 7.2
0.01312 7.7
0.01337 7.7
0.01361 7.2
0.01385 6.4
0.0141 5.1
0.01434 3.7
0.01459 2.2
0.01483 0.6
0.01508 -0.9
0.01532 -2.2
0.01556 -3.2
0.01581 -4.0
0.01605 -4.5
0.0163 -4.6
0.01654 -4.4
0.01678 -4.0
0.01703 -3.4
0.01727 -2.6
0.01752 -1.7
0.01776 -0.7
0.01801 0.2
0.01825 1.0
0.01849 1.7
0.01874 2.2
0.01898 2.6
0.01923 2.7
0.01947 2.7
0.01971 2.5
0.01996 2.2
0.0202 1.7
0.02045 1.2
0.02069 0.6
0.02094 0.0
0.02118 -0.5
0.02142 -0.9
0.02167 -1.3
0.02191 -1.5
0.02216 -1.6
0.0224 -1.6
0.02264 -1.6
0.02289 -1.4
0.02313 -1.1
0.02338 -0.8
0.02362 -0.5
0.02386 -0.1
0.02411 0.2
0.02435 0.5
0.0246 0.7
0.02484 0.9
0.02509 1.0
0.02533 1.0
0.02557 1.0
0.02582 0.9
0.02606 0.7
0.02631 0.5
0.02655 0.4
0.02679 0.1
0.02704 0.0
0.02728 -0.2
0.02753 -0.4
0.02777 -0.5
0.02802 -0.6
0.02826 -0.6
0.0285 -0.6
0.02875 -0.5
0.02899 -0.5
0.02924 -0.4
0.02948 -0.3
0.02972 -0.1
0.02997 0.0
0.03021 0.1
0.03046 0.2
0.0307 0.3
0.03094 0.3
0.03119 0.4
0.03143 0.4
0.03168 0.3
0.03192 0.3
0.03217 0.2
0.03241 0.2
0.03265 0.1
0.0329 0.0
0.03314 0.0
0.03339 -0.1
0.03363 -0.2
0.03387 -0.2
0.03412 -0.2
0.03436 -0.2
0.03461 -0.2
0.03485 -0.2
0.0351 -0.2
0.03534 -0.1
0.03558 0.0
0.03583 0.0
0.03607 0.0
0.03632 0.0
0.03656 0.0
0.0368 0.1
0.03705 0.1
0.03729 0.1
0.03754 0.1
0.03778 0.1
0.03802 0.1
0.03827 0.0
0.03851 0.0
0.03876 0.0
0.039 0.0
0.03925 0.0
0.03949 0.0
0.03973 0.0
0.03998 0.0
0.04022 0.0
0.04047 0.0
0.04071 0.0
0.04095 0.0
0.0412 0.0
0.04144 0.0
0.04169 0.0
0.04193 0.0
0.04218 0.0
0.04242 0.0
0.04266 0.0
0.04291 0.0
0.04315 0.0
0.0434 0.0
0.04364 0.0
0.04388 0.0
0.04413 0.0
0.04437 0.0
0.04462 0.0
0.04486 0.0
0.0451 0.0
0.04535 0.0
0.04559 0.0
0.04584 0.0
0.04608 0.0
0.04633 0.0
0.04657 0.0
0.04681 0.0
0.04706 0.0
0.0473 0.0
0.04755 0.0
0.04779 0.0
0.04803 0.0
0.04828 0.0
0.04852 0.0
0.04877 0.0
0.04901 0.0
0.04926 0.0
0.0495 0.0
0.04974 0.0
0.04999 0.0
0.05023 0.0
0.05048 0.0
0.05072 0.0
0.05096 0.0
0.05121 0.0
0.05145 0.0
0.0517 0.0
0.05194 0.0
0.05219 0.0
0.05243 0.0
0.05267 0.0
0.05292 0.0
0.05316 0.0
0.05341 0.0
0.05365 0.0
0.05389 0.0
0.05414 0.0
0.05438 0.0
0.05463 0.0
0.05487 0.0
0.05511 0.0
0.05536 0.0
0.0556 0.0
0.05585 0.0
0.05609 0.0
0.05634 0.0
0.05658 0.0
0.05682 0.0
0.05707 0.0
0.05731 0.0
0.05756 0.0
0.0578 0.0
0.05804 0.0
0.05829 0.0
0.05853 0.0
0.05878 0.0
0.05902 0.0
0.05927 0.0
0.05951 0.0
0.05975 0.0
0.06 0.0
0.06024 0.0
0.06049 0.0
0.06073 0.0
0.06097 0.0
0.06122 0.0
0.06146 0.0
0.06171 0.0
0.06195 0.0
0.06219 0.0
0.06244 0.0
0.06268 0.0
0.06293 0.0
0.06317 0.0
0.06342 0.0
0.06366 0.0
0.0639 0.0
0.06415 0.0
0.06439 0.0
0.06464 0.0
0.06488 0.0
0.06512 0.0
0.06537 0.0
0.06561 0.0
0.06586 0.0
0.0661 0.0
0.06635 0.0
0.06659 0.0
0.06683 0.0
0.06708 0.0
0.06732 0.0
0.06757 0.0
0.06781 0.0
0.06805 0.0
0.0683 0.0
0.06854 0.0
0.06879 0.0
0.06903 0.0
0.06927 0.0
0.06952 0.0
0.06976 0.0
0.07001 0.0
0.07025 0.0
0.0705 0.0
0.07074 0.0
0.07098 0.0
0.07123 0.0
0.07147 0.0
0.07172 0.0
0.07196 0.0
0.0722 0.0
0.07245 0.0
0.07269 0.0
0.07294 0.0
0.07318 0.0
0.07343 0.0
0.07367 0.0
0.07391 0.0
0.07416 0.0
0.0744 0.0
0.07465 0.0
0.07489 0.0
0.07513 0.0
0.07538 0.0
0.07562 0.0
0.07587 0.0
0.07611 0.0
0.07635 0.0
0.0766 0.0
0.07684 0.0
0.07709 0.0
0.07733 0.0
0.07758 0.0
0.07782 0.0
0.07806 0.0
0.07831 0.0
0.07855 0.0
0.0788 0.0
0.07904 0.0
0.07928 0.0
0.07953 0.0
0.07977 0.0
0.08002 0.0
0.08026 0.0
0.08051 0.0
0.08075 0.0
0.08099 0.0
0.08124 0.0
0.08148 0.0
0.08173 0.0
0.08197 0.0
0.08221 0.0
0.08246 0.0
0.0827 0.0
0.08295 0.0
0.08319 0.0
0.08344 0.0
0.08368 0.0
0.08392 0.0
0.08417 0.0
0.08441 0.0
0.08466 0.0
0.0849 0.0
0.08514 0.0
0.08539 0.0
0.08563 0.0
0.08588 0.0
0.08612 0.0
0.08636 0.0
0.08661 0.0
0.08685 0.0
0.0871 0.0
0.08734 0.0
0.08759 0.0
0.08783 0.0
0.08807 0.0
0.08832 0.0
0.08856 0.0
0.08881 0.0
0.08905 0.0
0.08929 0.0
0.08954 0.0
0.08978 0.0
0.09003 0.0
0.09027 0.0
0.09052 0.0
0.09076 0.0
0.091 0.0
0.09125 0.0
0.09149 0.0
0.09174 0.0
0.09198 0.0
0.09222 0.0
0.09247 0.0
0.09271 0.0
0.09296 0.0
0.0932 0.0
0.09344 0.0
0.09369 0.0
0.09393 0.0
0.09418 0.0
0.09442 0.0
0.09467 0.0
0.09491 0.0
0.09515 0.0
0.0954 0.0
0.09564 0.0
0.09589 0.0
0.09613 0.0
0.09637 0.0
0.09662 0.0
0.09686 0.0
0.09711 0.0
0.09735 0.0
0.0976 0.0
0.09784 0.0
0.09808 0.0
0.09833 0.0
0.09857 0.0
0.09882 0.0
0.09906 0.0
0.0993 0.0
0.09955 0.0
0.09979 0.0
0.10004 0.0
0.10028 0.0
0.10052 0.0
0.10077 0.0
0.10101 0.0
0.10126 0.0
0.1015 0.0
0.10175 0.0
0.10199 0.0
0.10223 0.0
0.10248 0.0
0.10272 0.0
0.10297 0.0
0.10321 0.0
0.10345 0.0
0.1037 0.0
0.10394 0.0
0.10419 0.0
0.10443 0.0
0.10468 0.0
0.10492 0.0
0.10516 0.0
0.10541 0.0
0.10565 0.0
0.1059 0.0
0.10614 0.0
0.10638 0.0
0.10663 0.0
0.10687 0.0
0.10712 0.0
0.10736 0.0
0.1076 0.0
0.10785 0.0
0.10809 0.0
0.10834 0.0
0.10858 0.0
0.10883 0.0
0.10907 0.0
0.10931 0.0
0.10956 0.0
0.1098 0.0
0.11005 0.0
0.11029 0.0
0.11053 0.0
0.11078 0.0
0.11102 0.0
0.11127 0.0
0.11151 0.0
0.11176 0.0
0.112 0.0
0.11224 0.0
0.11249 0.0
0.11273 0.0
0.11298 0.0
0.11322 0.0
0.11346 0.0
0.11371 0.0
0.11395 0.0
0.1142 0.0
0.11444 0.0
0.11469 0.0
0.11493 0.0
0.11517 0.0
0.11542 0.0
0.11566 0.0
0.11591 0.0
0.11615 0.0
0.11639 0.0
0.11664 0.0
0.11688 0.0
0.11713 0.0
0.11737 0.0
0.11761 0.0
0.11786 0.0
0.1181 0.0
0.11835 0.0
0.11859 0.0
0.11884 0.0
0.11908 0.0
0.11932 0.0
0.11957 0.0
0.11981 0.0
0.12006 0.0
0.1203 0.0
0.12054 0.0
0.12079 0.0
0.12103 0.0
0.12128 0.0
0.12152 0.0
0.12177 0.0
0.12201 0.0
0.12225 0.0
0.1225 0.0
0.12274 0.0
0.12299 0.0
0.12323 0.0
0.12347 0.0
0.12372 0.0
0.12396 0.0
0.12421 0.0
0.12445 0.0
0.12469 0.0
0.12494 0.0
0.12518 0.0
0.12543 0.0
0.12567 0.0
0.12592 0.0
0.12616 0.0
0.1264 0.0
0.12665 0.0
0.12689 0.0
0.12714 0.0
0.12738 0.0
0.12762 0.0
0.12787 0.0
0.12811 0.0
0.12836 0.0
0.1286 0.0
0.12885 0.0
0.12909 0.0
0.12933 0.0
0.12958 0.0
0.12982 0.0
0.13007 0.0
0.13031 0.0
0.13055 0.0
0.1308 0.0
0.13104 0.0
0.13129 0.0
0.13153 0.0
0.13177 0.0
0.13202 0.0
0.13226 0.0
0.13251 0.0
0.13275 0.0
0.133 0.0
0.13324 0.0
0.13348 0.0
0.13373 0.0
0.13397 0.0
0.13422 0.0
0.13446 0.0
0.1347 0.0
0.13495 0.0
0.13519 0.0
0.13544 0.0
0.13568 0.0
0.13593 0.0
0.13617 0.0
0.13641 0.0
0.13666 0.0
0.1369 0.0
0.13715 0.0
0.13739 0.0
0.13763 0.0
0.13788 0.0
0.13812 0.0
0.13837 0.0
0.13861 0.0
0.13885 0.0
0.1391 0.0
0.13934 0.0
0.13959 0.0
0.13983 0.0
0.14008 0.0
0.14032 0.0
0.14056 0.0
0.14081 0.0
0.14105 0.0
0.1413 0.0
0.14154 0.0
0.14178 0.0
0.14203 0.0
0.14227 0.0
0.14252 0.0
0.14276 0.0
0.14301 0.0
0.14325 0.0
0.14349 0.0
0.14374 0.0
0.14398 0.0
0.14423 0.0
0.14447 0.0
0.14471 0.0
0.14496 0.0
0.1452 0.0
0.14545 0.0
0.14569 0.0
0.14594 0.0
0.14618 0.0
0.14642 0.0
0.14667 0.0
0.14691 0.0
0.14716 0.0
0.1474 0.0
0.14764 0.0
0.14789 0.0
0.14813 0.0
0.14838 0.0
0.14862 0.0
0.14886 0.0
0.14911 0.0
0.14935 0.0
0.1496 0.0
0.14984 0.0
0.15009 0.0
0.15033 0.0
0.15057 0.0
0.15082 0.0
0.15106 0.0
0.15131 0.0
0.15155 0.0
0.15179 0.0
0.15204 0.0
0.15228 0.0
0.15253 0.0
0.15277 0.0
0.15302 0.0
0.15326 0.0
0.1535 0.0
0.15375 0.0
0.15399 0.0
0.15424 0.0
0.15448 0.0
0.15472 0.0
0.15497 0.0
0.15521 0.0
0.15546 0.0
0.1557 0.0
0.15594 0.0
0.15619 0.0
0.15643 0.0
0.15668 0.0
0.15692 0.0
0.15717 0.0
0.15741 0.0
0.15765 0.0
0.1579 0.0
0.15814 0.0
0.15839 0.0
0.15863 0.0
0.15887 0.0
0.15912 0.0
0.15936 0.0
0.15961 0.0
0.15985 0.0
0.1601 0.0
0.16034 0.0
0.16058 0.0
0.16083 0.0
0.16107 0.0
0.16132 0.0
0.16156 0.0
0.1618 0.0
0.16205 0.0
0.16229 0.0
0.16254 0.0
0.16278 0.0
0.16302 0.0
0.16327 0.0
0.16351 0.0
0.16376 0.0
0.164 0.0
0.16425 0.0
0.16449 0.0
0.16473 0.0
0.16498 0.0
0.16522 0.0
0.16547 0.0
0.16571 0.0
0.16595 0.0
0.1662 0.0
0.16644 0.0
0.16669 0.0
0.16693 0.0
0.16718 0.0
0.16742 0.0
0.16766 0.0
0.16791 0.0
0.16815 0.0
0.1684 0.0
0.16864 0.0
0.16888 0.0
0.16913 0.0
0.16937 0.0
0.16962 0.0
0.16986 0.0
0.1701 0.0
0.17035 0.0
0.17059 0.0
0.17084 0.0
0.17108 0.0
0.17133 0.0
0.17157 0.0
0.17181 0.0
0.17206 0.0
0.1723 0.0
0.17255 0.0
0.17279 0.0
0.17303 0.0
0.17328 0.0
0.17352 0.0
0.17377 0.0
0.17401 0.0
0.17426 0.0
0.1745 0.0
0.17474 0.0
0.17499 0.0
0.17523 0.0
0.17548 0.0
0.17572 0.0
0.17596 0.0
0.17621 0.0
0.17645 0.0
0.1767 0.0
0.17694 0.0
0.17719 0.0
0.17743 0.0
0.17767 0.0
0.17792 0.0
0.17816 0.0
0.17841 0.0
0.17865 0.0
0.17889 0.0
0.17914 0.0
0.17938 0.0
0.17963 0.0
0.17987 0.0
0.18011 0.0
0.18036 0.0
0.1806 0.0
0.18085 0.0
0.18109 0.0
0.18134 0.0
0.18158 0.0
0.18182 0.0
0.18207 0.0
0.18231 0.0
0.18256 0.0
0.1828 0.0
0.18304 0.0
0.18329 0.0
0.18353 0.0
0.18378 0.0
0.18402 0.0
0.18427 0.0
0.18451 0.0
0.18475 0.0
0.185 0.0
0.18524 0.0
0.18549 0.0
0.18573 0.0
0.18597 0.0
0.18622 0.0
0.18646 0.0
0.18671 0.0
0.18695 0.0
0.18719 0.0
0.18744 0.0
0.18768 0.0
0.18793 0.0
0.18817 0.0
0.18842 0.0
0.18866 0.0
0.1889 0.0
0.18915 0.0
0.18939 0.0
0.18964 0.0
0.18988 0.0
0.19012 0.0
0.19037 0.0
0.19061 0.0
0.19086 0.0
0.1911 0.0
0.19135 0.0
0.19159 0.0
0.19183 0.0
0.19208 0.0
0.19232 0.0
0.19257 0.0
0.19281 0.0
0.19305 0.0
0.1933 0.0
0.19354 0.0
0.19379 0.0
0.19403 0.0
0.19427 0.0
0.19452 0.0
0.19476 0.0
0.19501 0.0
0.19525 0.0
0.1955 0.0
0.19574 0.0
0.19598 0.0
0.19623 0.0
0.19647 0.0
0.19672 0.0
0.19696 0.0
0.1972 0.0
0.19745 0.0
0.19769 0.0
0.19794 0.0
0.19818 0.0
0.19843 0.0
0.19867 0.0
0.19891 0.0
0.19916 0.0
0.1994 0.0
0.19965 0.0
0.19989 0.0
0.20013 0.0
0.20038 0.0
0.20062 0.0
0.20087 0.0
0.20111 0.0
0.20135 0.0
0.2016 0.0
0.20184 0.0
0.20209 0.0
0.20233 0.0
0.20258 0.0
0.20282 0.0
0.20306 0.0
0.20331 0.0
0.20355 0.0
0.2038 0.0
0.20404 0.0
0.20428 0.0
0.20453 0.0
0.20477 0.0
0.20502 0.0
0.20526 0.0
0.20551 0.0
0.20575 0.0
0.20599 0.0
0.20624 0.0
0.20648 0.0
0.20673 0.0
0.20697 0.0
0.20721 0.0
0.20746 0.0
0.2077 0.0
0.20795 0.0
0.20819 0.0
0.20844 0.0
0.20868 0.0
0.20892 0.0
0.20917 0.0
0.20941 0.0
0.20966 0.0
0.2099 0.0
0.21014 0.0
0.21039 0.0
0.21063 0.0
0.21088 0.0
0.21112 0.0
0.21136 0.0
0.21161 0.0
0.21185 0.0
0.2121 0.0
0.21234 0.0
0.21259 0.0
0.21283 0.0
0.21307 0.0
0.21332 0.0
0.21356 0.0
0.21381 0.0
0.21405 0.0
0.21429 0.0
0.21454 0.0
0.21478 0.0
0.21503 0.0
0.21527 0.0
0.21552 0.0
0.21576 0.0
0.216 0.0
0.21625 0.0
0.21649 0.0
0.21674 0.0
0.21698 0.0
0.21722 0.0
0.21747 0.0
0.21771 0.0
0.21796 0.0
0.2182 0.0
0.21844 0.0
0.21869 0.0
0.21893 0.0
0.21918 0.0
0.21942 0.0
0.21967 0.0
0.21991 0.0
0.22015 0.0
0.2204 0.0
0.22064 0.0
0.22089 0.0
0.22113 0.0
0.22137 0.0
0.22162 0.0
0.22186 0.0
0.22211 0.0
0.22235 0.0
0.2226 0.0
0.22284 0.0
0.22308 0.0
0.22333 0.0
0.22357 0.0
0.22382 0.0
0.22406 0.0
0.2243 0.0
0.22455 0.0
0.22479 0.0
0.22504 0.0
0.22528 0.0
0.22552 0.0
0.22577 0.0
0.22601 0.0
0.22626 0.0
0.2265 0.0
0.22675 0.0
0.22699 0.0
0.22723 0.0
0.22748 0.0
0.22772 0.0
0.22797 0.0
0.22821 0.0
0.22845 0.0
0.2287 0.0
0.22894 0.0
0.22919 0.0
0.22943 0.0
0.22968 0.0
0.22992 0.0
0.23016 0.0
0.23041 0.0
0.23065 0.0
0.2309 0.0
0.23114 0.0
0.23138 0.0
0.23163 0.0
0.23187 0.0
0.23212 0.0
0.23236 0.0
0.2326 0.0
0.23285 0.0
0.23309 0.0
0.23334 0.0
0.23358 0.0
0.23383 0.0
0.23407 0.0
0.23431 0.0
0.23456 0.0
0.2348 0.0
0.23505 0.0
0.23529 0.0
0.23553 0.0
0.23578 0.0
0.23602 0.0
0.23627 0.0
0.23651 0.0
0.23676 0.0
0.237 0.0
0.23724 0.0
0.23749 0.0
0.23773 0.0
0.23798 0.0
0.23822 0.0
0.23846 0.0
