t strain*1e23
-0.47298 -5.1
-0.47274 -5.3
-0.4725 -5.4
-0.47225 -5.6
-0.47201 -5.8
-0.47176 -6.0
-0.47152 -6.1
-0.47128 -6.3
-0.47103 -6.4
-0.47079 -6.6
-0.47054 -6.7
-0.4703 -6.8
-0.47005 -6.9
-0.46981 -7.0
-0.46957 -7.1
-0.46932 -7.2
-0.46908 -7.3
-0.46883 -7.4
-0.46859 -7.4
-0.46835 -7.5
-0.4681 -7.5
-0.46786 -7.6
-0.46761 -7.6
-0.46737 -7.6
-0.46712 -7.6
-0.46688 -7.6
-0.46664 -7.6
-0.46639 -7.6
-0.46615 -7.5
-0.4659 -7.5
-0.46566 -7.4
-0.46542 -7.4
-0.46517 -7.3
-0.46493 -7.2
-0.46468 -7.1
-0.46444 -7.0
-0.4642 -6.9
-0.46395 -6.8
-0.46371 -6.7
-0.46346 -6.6
-0.46322 -6.4
-0.46297 -6.3
-0.46273 -6.1
-0.46249 -6.0
-0.46224 -5.8
-0.462 -5.6
-0.46175 -5.4
-0.46151 -5.2
-0.46127 -5.0
-0.46102 -4.8
-0.46078 -4.6
-0.46053 -4.4
-0.46029 -4.2
-0.46004 -3.9
-0.4598 -3.7
-0.45956 -3.5
-0.45931 -3.2
-0.45907 -3.0
-0.45882 -2.7
-0.45858 -2.5
-0.45834 -2.2
-0.45809 -2.0
-0.45785 -1.7
-0.4576 -1.4
-0.45736 -1.2
-0.45712 -0.9
-0.45687 -0.6
-0.45663 -0.3
-0.45638 0.0
-0.45614 0.2
-0.45589 0.5
-0.45565 0.7
-0.45541 1.0
-0.45516 1.3
-0.45492 1.6
-0.45467 1.8
-0.45443 2.1
-0.45419 2.3
-0.45394 2.6
-0.4537 2.9
-0.45345 3.1
-0.45321 3.4
-0.45296 3.6
-0.45272 3.8
-0.45248 4.1
-0.45223 4.3
-0.45199 4.5
-0.45174 4.7
-0.4515 5.0
-0.45126 5.2
-0.45101 5.4
-0.45077 5.6
-0.45052 5.7
-0.45028 5.9
-0.45004 6.1
-0.44979 6.3
-0.44955 6.4
-0.4493 6.6
-0.44906 6.7
-0.44881 6.8
-0.44857 6.9
-0.44833 7.1
-0.44808 7.2
-0.44784 7.3
-0.44759 7.3
-0.44735 7.4
-0.44711 7.5
-0.44686 7.5
-0.44662 7.6
-0.44637 7.6
-0.44613 7.7
-0.44588 7.7
-0.44564 7.7
-0.4454 7.7
-0.44515 7.7
-0.44491 7.7
-0.44466 7.6
-0.44442 7.6
-0.44418 7.5
-0.44393 7.5
-0.44369 7.4
-0.44344 7.3
-0.4432 7.2
-0.44296 7.1
-0.44271 7.0
-0.44247 6.9
-0.44222 6.8
-0.44198 6.7
-0.44173 6.5
-0.44149 6.4
-0.44125 6.2
-0.441 6.0
-0.44076 5.9
-0.44051 5.7
-0.44027 5.5
-0.44003 5.3
-0.43978 5.1
-0.43954 4.9
-0.43929 4.7
-0.43905 4.4
-0.4388 4.2
-0.43856 4.0
-0.43832 3.7
-0.43807 3.5
-0.43783 3.2
-0.43758 3.0
-0.43734 2.7
-0.4371 2.5
-0.43685 2.2
-0.43661 1.9
-0.43636 1.6
-0.43612 1.4
-0.43587 1.1
-0.43563 0.8
-0.43539 0.5
-0.43514 0.3
-0.4349 0.0
-0.43465 -0.3
-0.43441 -0.6
-0.43417 -0.9
-0.43392 -1.1
-0.43368 -1.4
-0.43343 -1.7
-0.43319 -2.0
-0.43295 -2.2
-0.4327 -2.5
-0.43246 -2.8
-0.43221 -3.0
-0.43197 -3.3
-0.43172 -3.5
-0.43148 -3.8
-0.43124 -4.0
-0.43099 -4.3
-0.43075 -4.5
-0.4305 -4.7
-0.43026 -4.9
-0.43002 -5.1
-0.42977 -5.4
-0.42953 -5.6
-0.42928 -5.7
-0.42904 -5.9
-0.42879 -6.1
-0.42855 -6.3
-0.42831 -6.4
-0.42806 -6.6
-0.42782 -6.7
-0.42757 -6.9
-0.42733 -7.0
-0.42709 -7.1
-0.42684 -7.2
-0.4266 -7.3
-0.42635 -7.4
-0.42611 -7.5
-0.42587 -7.6
-0.42562 -7.6
-0.42538 -7.7
-0.42513 -7.7
-0.42489 -7.7
-0.42464 -7.8
-0.4244 -7.8
-0.42416 -7.8
-0.42391 -7.8
-0.42367 -7.7
-0.42342 -7.7
-0.42318 -7.7
-0.42294 -7.6
-0.42269 -7.5
-0.42245 -7.5
-0.4222 -7.4
-0.42196 -7.3
-0.42171 -7.2
-0.42147 -7.1
-0.42123 -7.0
-0.42098 -6.8
-0.42074 -6.7
-0.42049 -6.5
-0.42025 -6.4
-0.42001 -6.2
-0.41976 -6.0
-0.41952 -5.9
-0.41927 -5.7
-0.41903 -5.5
-0.41879 -5.3
-0.41854 -5.0
-0.4183 -4.8
-0.41805 -4.6
-0.41781 -4.4
-0.41756 -4.1
-0.41732 -3.9
-0.41708 -3.6
-0.41683 -3.4
-0.41659 -3.1
-0.41634 -2.9
-0.4161 -2.6
-0.41586 -2.3
-0.41561 -2.0
-0.41537 -1.8
-0.41512 -1.5
-0.41488 -1.2
-0.41463 -0.9
-0.41439 -0.6
-0.41415 -0.3
-0.4139 0.0
-0.41366 0.2
-0.41341 0.5
-0.41317 0.8
-0.41293 1.1
-0.41268 1.4
-0.41244 1.7
-0.41219 1.9
-0.41195 2.2
-0.41171 2.5
-0.41146 2.8
-0.41122 3.0
-0.41097 3.3
-0.41073 3.6
-0.41048 3.8
-0.41024 4.1
-0.41 4.3
-0.40975 4.5
-0.40951 4.8
-0.40926 5.0
-0.40902 5.2
-0.40878 5.4
-0.40853 5.6
-0.40829 5.8
-0.40804 6.0
-0.4078 6.2
-0.40755 6.4
-0.40731 6.5
-0.40707 6.7
-0.40682 6.8
-0.40658 7.0
-0.40633 7.1
-0.40609 7.2
-0.40585 7.3
-0.4056 7.4
-0.40536 7.5
-0.40511 7.6
-0.40487 7.7
-0.40462 7.7
-0.40438 7.8
-0.40414 7.8
-0.40389 7.8
-0.40365 7.9
-0.4034 7.9
-0.40316 7.9
-0.40292 7.8
-0.40267 7.8
-0.40243 7.8
-0.40218 7.7
-0.40194 7.7
-0.4017 7.6
-0.40145 7.5
-0.40121 7.4
-0.40096 7.3
-0.40072 7.2
-0.40047 7.1
-0.40023 6.9
-0.39999 6.8
-0.39974 6.7
-0.3995 6.5
-0.39925 6.3
-0.39901 6.1
-0.39877 6.0
-0.39852 5.8
-0.39828 5.6
-0.39803 5.3
-0.39779 5.1
-0.39754 4.9
-0.3973 4.7
-0.39706 4.4
-0.39681 4.2
-0.39657 3.9
-0.39632 3.7
-0.39608 3.4
-0.39584 3.1
-0.39559 2.9
-0.39535 2.6
-0.3951 2.3
-0.39486 2.0
-0.39462 1.8
-0.39437 1.5
-0.39413 1.2
-0.39388 0.9
-0.39364 0.6
-0.39339 0.3
-0.39315 0.0
-0.39291 -0.3
-0.39266 -0.6
-0.39242 -0.9
-0.39217 -1.2
-0.39193 -1.5
-0.39169 -1.8
-0.39144 -2.1
-0.3912 -2.3
-0.39095 -2.6
-0.39071 -2.9
-0.39046 -3.2
-0.39022 -3.4
-0.38998 -3.7
-0.38973 -4.0
-0.38949 -4.2
-0.38924 -4.5
-0.389 -4.7
-0.38876 -4.9
-0.38851 -5.2
-0.38827 -5.4
-0.38802 -5.6
-0.38778 -5.8
-0.38754 -6.0
-0.38729 -6.2
-0.38705 -6.4
-0.3868 -6.6
-0.38656 -6.7
-0.38631 -6.9
-0.38607 -7.0
-0.38583 -7.2
-0.38558 -7.3
-0.38534 -7.4
-0.38509 -7.5
-0.38485 -7.6
-0.38461 -7.7
-0.38436 -7.8
-0.38412 -7.8
-0.38387 -7.9
-0.38363 -7.9
-0.38338 -7.9
-0.38314 -7.9
-0.3829 -8.0
-0.38265 -7.9
-0.38241 -7.9
-0.38216 -7.9
-0.38192 -7.9
-0.38168 -7.8
-0.38143 -7.7
-0.38119 -7.7
-0.38094 -7.6
-0.3807 -7.5
-0.38046 -7.4
-0.38021 -7.3
-0.37997 -7.1
-0.37972 -7.0
-0.37948 -6.9
-0.37923 -6.7
-0.37899 -6.5
-0.37875 -6.4
-0.3785 -6.2
-0.37826 -6.0
-0.37801 -5.8
-0.37777 -5.6
-0.37753 -5.3
-0.37728 -5.1
-0.37704 -4.9
-0.37679 -4.6
-0.37655 -4.4
-0.3763 -4.1
-0.37606 -3.9
-0.37582 -3.6
-0.37557 -3.3
-0.37533 -3.0
-0.37508 -2.8
-0.37484 -2.5
-0.3746 -2.2
-0.37435 -1.9
-0.37411 -1.6
-0.37386 -1.3
-0.37362 -1.0
-0.37337 -0.7
-0.37313 -0.4
-0.37289 0.0
-0.37264 0.2
-0.3724 0.5
-0.37215 0.8
-0.37191 1.1
-0.37167 1.4
-0.37142 1.7
-0.37118 2.0
-0.37093 2.3
-0.37069 2.6
-0.37045 2.9
-0.3702 3.2
-0.36996 3.5
-0.36971 3.7
-0.36947 4.0
-0.36922 4.3
-0.36898 4.5
-0.36874 4.8
-0.36849 5.0
-0.36825 5.3
-0.368 5.5
-0.36776 5.7
-0.36752 5.9
-0.36727 6.1
-0.36703 6.3
-0.36678 6.5
-0.36654 6.7
-0.36629 6.8
-0.36605 7.0
-0.36581 7.1
-0.36556 7.3
-0.36532 7.4
-0.36507 7.5
-0.36483 7.6
-0.36459 7.7
-0.36434 7.8
-0.3641 7.9
-0.36385 7.9
-0.36361 8.0
-0.36337 8.0
-0.36312 8.0
-0.36288 8.1
-0.36263 8.1
-0.36239 8.0
-0.36214 8.0
-0.3619 8.0
-0.36166 7.9
-0.36141 7.9
-0.36117 7.8
-0.36092 7.7
-0.36068 7.6
-0.36044 7.5
-0.36019 7.4
-0.35995 7.3
-0.3597 7.1
-0.35946 7.0
-0.35921 6.8
-0.35897 6.7
-0.35873 6.5
-0.35848 6.3
-0.35824 6.1
-0.35799 5.9
-0.35775 5.7
-0.35751 5.4
-0.35726 5.2
-0.35702 5.0
-0.35677 4.7
-0.35653 4.5
-0.35629 4.2
-0.35604 3.9
-0.3558 3.6
-0.35555 3.4
-0.35531 3.1
-0.35506 2.8
-0.35482 2.5
-0.35458 2.2
-0.35433 1.9
-0.35409 1.6
-0.35384 1.3
-0.3536 1.0
-0.35336 0.7
-0.35311 0.3
-0.35287 0.0
-0.35262 -0.3
-0.35238 -0.6
-0.35213 -0.9
-0.35189 -1.2
-0.35165 -1.5
-0.3514 -1.8
-0.35116 -2.2
-0.35091 -2.5
-0.35067 -2.8
-0.35043 -3.1
-0.35018 -3.3
-0.34994 -3.6
-0.34969 -3.9
-0.34945 -4.2
-0.34921 -4.5
-0.34896 -4.7
-0.34872 -5.0
-0.34847 -5.2
-0.34823 -5.5
-0.34798 -5.7
-0.34774 -5.9
-0.3475 -6.1
-0.34725 -6.3
-0.34701 -6.5
-0.34676 -6.7
-0.34652 -6.9
-0.34628 -7.0
-0.34603 -7.2
-0.34579 -7.3
-0.34554 -7.5
-0.3453 -7.6
-0.34505 -7.7
-0.34481 -7.8
-0.34457 -7.9
-0.34432 -8.0
-0.34408 -8.0
-0.34383 -8.1
-0.34359 -8.1
-0.34335 -8.1
-0.3431 -8.2
-0.34286 -8.2
-0.34261 -8.1
-0.34237 -8.1
-0.34212 -8.1
-0.34188 -8.0
-0.34164 -8.0
-0.34139 -7.9
-0.34115 -7.8
-0.3409 -7.7
-0.34066 -7.6
-0.34042 -7.5
-0.34017 -7.3
-0.33993 -7.2
-0.33968 -7.0
-0.33944 -6.9
-0.3392 -6.7
-0.33895 -6.5
-0.33871 -6.3
-0.33846 -6.1
-0.33822 -5.9
-0.33797 -5.6
-0.33773 -5.4
-0.33749 -5.2
-0.33724 -4.9
-0.337 -4.6
-0.33675 -4.4
-0.33651 -4.1
-0.33627 -3.8
-0.33602 -3.5
-0.33578 -3.2
-0.33553 -2.9
-0.33529 -2.6
-0.33504 -2.3
-0.3348 -2.0
-0.33456 -1.7
-0.33431 -1.4
-0.33407 -1.1
-0.33382 -0.7
-0.33358 -0.4
-0.33334 0.0
-0.33309 0.2
-0.33285 0.6
-0.3326 0.9
-0.33236 1.2
-0.33212 1.5
-0.33187 1.8
-0.33163 2.2
-0.33138 2.5
-0.33114 2.8
-0.33089 3.1
-0.33065 3.4
-0.33041 3.7
-0.33016 4.0
-0.32992 4.3
-0.32967 4.5
-0.32943 4.8
-0.32919 5.1
-0.32894 5.3
-0.3287 5.6
-0.32845 5.8
-0.32821 6.0
-0.32796 6.2
-0.32772 6.5
-0.32748 6.7
-0.32723 6.8
-0.32699 7.0
-0.32674 7.2
-0.3265 7.3
-0.32626 7.5
-0.32601 7.6
-0.32577 7.7
-0.32552 7.9
-0.32528 7.9
-0.32504 8.0
-0.32479 8.1
-0.32455 8.2
-0.3243 8.2
-0.32406 8.2
-0.32381 8.3
-0.32357 8.3
-0.32333 8.3
-0.32308 8.2
-0.32284 8.2
-0.32259 8.2
-0.32235 8.1
-0.32211 8.0
-0.32186 7.9
-0.32162 7.8
-0.32137 7.7
-0.32113 7.6
-0.32088 7.5
-0.32064 7.3
-0.3204 7.2
-0.32015 7.0
-0.31991 6.8
-0.31966 6.6
-0.31942 6.4
-0.31918 6.2
-0.31893 6.0
-0.31869 5.7
-0.31844 5.5
-0.3182 5.2
-0.31796 5.0
-0.31771 4.7
-0.31747 4.4
-0.31722 4.1
-0.31698 3.8
-0.31673 3.5
-0.31649 3.2
-0.31625 2.9
-0.316 2.6
-0.31576 2.3
-0.31551 2.0
-0.31527 1.6
-0.31503 1.3
-0.31478 1.0
-0.31454 0.7
-0.31429 0.3
-0.31405 0.0
-0.3138 -0.4
-0.31356 -0.7
-0.31332 -1.0
-0.31307 -1.4
-0.31283 -1.7
-0.31258 -2.0
-0.31234 -2.3
-0.3121 -2.7
-0.31185 -3.0
-0.31161 -3.3
-0.31136 -3.6
-0.31112 -3.9
-0.31087 -4.2
-0.31063 -4.5
-0.31039 -4.8
-0.31014 -5.0
-0.3099 -5.3
-0.30965 -5.6
-0.30941 -5.8
-0.30917 -6.1
-0.30892 -6.3
-0.30868 -6.5
-0.30843 -6.7
-0.30819 -6.9
-0.30795 -7.1
-0.3077 -7.3
-0.30746 -7.4
-0.30721 -7.6
-0.30697 -7.7
-0.30672 -7.8
-0.30648 -8.0
-0.30624 -8.1
-0.30599 -8.1
-0.30575 -8.2
-0.3055 -8.3
-0.30526 -8.3
-0.30502 -8.4
-0.30477 -8.4
-0.30453 -8.4
-0.30428 -8.4
-0.30404 -8.3
-0.30379 -8.3
-0.30355 -8.2
-0.30331 -8.2
-0.30306 -8.1
-0.30282 -8.0
-0.30257 -7.9
-0.30233 -7.8
-0.30209 -7.7
-0.30184 -7.5
-0.3016 -7.4
-0.30135 -7.2
-0.30111 -7.0
-0.30087 -6.8
-0.30062 -6.6
-0.30038 -6.4
-0.30013 -6.2
-0.29989 -5.9
-0.29964 -5.7
-0.2994 -5.4
-0.29916 -5.1
-0.29891 -4.9
-0.29867 -4.6
-0.29842 -4.3
-0.29818 -4.0
-0.29794 -3.7
-0.29769 -3.4
-0.29745 -3.1
-0.2972 -2.7
-0.29696 -2.4
-0.29671 -2.1
-0.29647 -1.7
-0.29623 -1.4
-0.29598 -1.0
-0.29574 -0.7
-0.29549 -0.4
-0.29525 0.0
-0.29501 0.3
-0.29476 0.7
-0.29452 1.0
-0.29427 1.4
-0.29403 1.7
-0.29379 2.1
-0.29354 2.4
-0.2933 2.7
-0.29305 3.1
-0.29281 3.4
-0.29256 3.7
-0.29232 4.0
-0.29208 4.3
-0.29183 4.6
-0.29159 4.9
-0.29134 5.2
-0.2911 5.5
-0.29086 5.7
-0.29061 6.0
-0.29037 6.2
-0.29012 6.5
-0.28988 6.7
-0.28963 6.9
-0.28939 7.1
-0.28915 7.3
-0.2889 7.4
-0.28866 7.6
-0.28841 7.8
-0.28817 7.9
-0.28793 8.0
-0.28768 8.1
-0.28744 8.2
-0.28719 8.3
-0.28695 8.4
-0.28671 8.4
-0.28646 8.5
-0.28622 8.5
-0.28597 8.5
-0.28573 8.5
-0.28548 8.5
-0.28524 8.4
-0.285 8.4
-0.28475 8.3
-0.28451 8.2
-0.28426 8.1
-0.28402 8.0
-0.28378 7.9
-0.28353 7.8
-0.28329 7.6
-0.28304 7.5
-0.2828 7.3
-0.28255 7.1
-0.28231 6.9
-0.28207 6.7
-0.28182 6.4
-0.28158 6.2
-0.28133 6.0
-0.28109 5.7
-0.28085 5.4
-0.2806 5.2
-0.28036 4.9
-0.28011 4.6
-0.27987 4.3
-0.27962 4.0
-0.27938 3.6
-0.27914 3.3
-0.27889 3.0
-0.27865 2.6
-0.2784 2.3
-0.27816 1.9
-0.27792 1.6
-0.27767 1.2
-0.27743 0.9
-0.27718 0.5
-0.27694 0.2
-0.2767 -0.2
-0.27645 -0.6
-0.27621 -0.9
-0.27596 -1.3
-0.27572 -1.6
-0.27547 -2.0
-0.27523 -2.3
-0.27499 -2.7
-0.27474 -3.0
-0.2745 -3.4
-0.27425 -3.7
-0.27401 -4.0
-0.27377 -4.3
-0.27352 -4.6
-0.27328 -4.9
-0.27303 -5.2
-0.27279 -5.5
-0.27254 -5.8
-0.2723 -6.1
-0.27206 -6.3
-0.27181 -6.5
-0.27157 -6.8
-0.27132 -7.0
-0.27108 -7.2
-0.27084 -7.4
-0.27059 -7.6
-0.27035 -7.7
-0.2701 -7.9
-0.26986 -8.0
-0.26962 -8.2
-0.26937 -8.3
-0.26913 -8.4
-0.26888 -8.4
-0.26864 -8.5
-0.26839 -8.6
-0.26815 -8.6
-0.26791 -8.6
-0.26766 -8.6
-0.26742 -8.6
-0.26717 -8.6
-0.26693 -8.5
-0.26669 -8.5
-0.26644 -8.4
-0.2662 -8.3
-0.26595 -8.2
-0.26571 -8.1
-0.26546 -7.9
-0.26522 -7.8
-0.26498 -7.6
-0.26473 -7.5
-0.26449 -7.3
-0.26424 -7.1
-0.264 -6.8
-0.26376 -6.6
-0.26351 -6.4
-0.26327 -6.1
-0.26302 -5.8
-0.26278 -5.6
-0.26254 -5.3
-0.26229 -5.0
-0.26205 -4.7
-0.2618 -4.4
-0.26156 -4.0
-0.26131 -3.7
-0.26107 -3.4
-0.26083 -3.0
-0.26058 -2.7
-0.26034 -2.3
-0.26009 -1.9
-0.25985 -1.6
-0.25961 -1.2
-0.25936 -0.8
-0.25912 -0.5
-0.25887 0.0
-0.25863 0.3
-0.25838 0.7
-0.25814 1.0
-0.2579 1.4
-0.25765 1.8
-0.25741 2.1
-0.25716 2.5
-0.25692 2.9
-0.25668 3.2
-0.25643 3.6
-0.25619 3.9
-0.25594 4.2
-0.2557 4.6
-0.25546 4.9
-0.25521 5.2
-0.25497 5.5
-0.25472 5.8
-0.25448 6.0
-0.25423 6.3
-0.25399 6.6
-0.25375 6.8
-0.2535 7.0
-0.25326 7.3
-0.25301 7.5
-0.25277 7.7
-0.25253 7.8
-0.25228 8.0
-0.25204 8.1
-0.25179 8.3
-0.25155 8.4
-0.2513 8.5
-0.25106 8.6
-0.25082 8.6
-0.25057 8.7
-0.25033 8.7
-0.25008 8.7
-0.24984 8.7
-0.2496 8.7
-0.24935 8.7
-0.24911 8.7
-0.24886 8.6
-0.24862 8.5
-0.24837 8.4
-0.24813 8.3
-0.24789 8.2
-0.24764 8.0
-0.2474 7.9
-0.24715 7.7
-0.24691 7.5
-0.24667 7.3
-0.24642 7.1
-0.24618 6.8
-0.24593 6.6
-0.24569 6.3
-0.24545 6.1
-0.2452 5.8
-0.24496 5.5
-0.24471 5.2
-0.24447 4.9
-0.24422 4.5
-0.24398 4.2
-0.24374 3.9
-0.24349 3.5
-0.24325 3.2
-0.243 2.8
-0.24276 2.4
-0.24252 2.1
-0.24227 1.7
-0.24203 1.3
-0.24178 0.9
-0.24154 0.5
-0.24129 0.1
-0.24105 -0.3
-0.24081 -0.6
-0.24056 -1.0
-0.24032 -1.4
-0.24007 -1.8
-0.23983 -2.2
-0.23959 -2.6
-0.23934 -2.9
-0.2391 -3.3
-0.23885 -3.7
-0.23861 -4.0
-0.23837 -4.4
-0.23812 -4.7
-0.23788 -5.0
-0.23763 -5.3
-0.23739 -5.7
-0.23714 -6.0
-0.2369 -6.2
-0.23666 -6.5
-0.23641 -6.8
-0.23617 -7.0
-0.23592 -7.3
-0.23568 -7.5
-0.23544 -7.7
-0.23519 -7.9
-0.23495 -8.1
-0.2347 -8.2
-0.23446 -8.4
-0.23421 -8.5
-0.23397 -8.6
-0.23373 -8.7
-0.23348 -8.8
-0.23324 -8.8
-0.23299 -8.9
-0.23275 -8.9
-0.23251 -8.9
-0.23226 -8.9
-0.23202 -8.9
-0.23177 -8.8
-0.23153 -8.7
-0.23129 -8.7
-0.23104 -8.6
-0.2308 -8.4
-0.23055 -8.3
-0.23031 -8.2
-0.23006 -8.0
-0.22982 -7.8
-0.22958 -7.6
-0.22933 -7.4
-0.22909 -7.2
-0.22884 -6.9
-0.2286 -6.7
-0.22836 -6.4
-0.22811 -6.1
-0.22787 -5.8
-0.22762 -5.5
-0.22738 -5.2
-0.22713 -4.8
-0.22689 -4.5
-0.22665 -4.1
-0.2264 -3.8
-0.22616 -3.4
-0.22591 -3.0
-0.22567 -2.7
-0.22543 -2.3
-0.22518 -1.9
-0.22494 -1.5
-0.22469 -1.1
-0.22445 -0.7
-0.22421 -0.3
-0.22396 0.1
-0.22372 0.5
-0.22347 0.9
-0.22323 1.3
-0.22298 1.7
-0.22274 2.1
-0.2225 2.5
-0.22225 2.9
-0.22201 3.3
-0.22176 3.7
-0.22152 4.1
-0.22128 4.4
-0.22103 4.8
-0.22079 5.1
-0.22054 5.4
-0.2203 5.8
-0.22005 6.1
-0.21981 6.4
-0.21957 6.7
-0.21932 6.9
-0.21908 7.2
-0.21883 7.4
-0.21859 7.7
-0.21835 7.9
-0.2181 8.1
-0.21786 8.2
-0.21761 8.4
-0.21737 8.5
-0.21712 8.7
-0.21688 8.8
-0.21664 8.9
-0.21639 8.9
-0.21615 9.0
-0.2159 9.0
-0.21566 9.0
-0.21542 9.0
-0.21517 9.0
-0.21493 9.0
-0.21468 8.9
-0.21444 8.8
-0.2142 8.7
-0.21395 8.6
-0.21371 8.5
-0.21346 8.3
-0.21322 8.2
-0.21297 8.0
-0.21273 7.8
-0.21249 7.5
-0.21224 7.3
-0.212 7.1
-0.21175 6.8
-0.21151 6.5
-0.21127 6.2
-0.21102 5.9
-0.21078 5.6
-0.21053 5.2
-0.21029 4.9
-0.21004 4.5
-0.2098 4.2
-0.20956 3.8
-0.20931 3.4
-0.20907 3.0
-0.20882 2.6
-0.20858 2.2
-0.20834 1.8
-0.20809 1.4
-0.20785 0.9
-0.2076 0.5
-0.20736 0.0
-0.20712 -0.3
-0.20687 -0.7
-0.20663 -1.2
-0.20638 -1.6
-0.20614 -2.0
-0.20589 -2.4
-0.20565 -2.8
-0.20541 -3.2
-0.20516 -3.6
-0.20492 -4.0
-0.20467 -4.4
-0.20443 -4.8
-0.20419 -5.1
-0.20394 -5.5
-0.2037 -5.8
-0.20345 -6.1
-0.20321 -6.5
-0.20296 -6.8
-0.20272 -7.0
-0.20248 -7.3
-0.20223 -7.6
-0.20199 -7.8
-0.20174 -8.0
-0.2015 -8.2
-0.20126 -8.4
-0.20101 -8.6
-0.20077 -8.7
-0.20052 -8.8
-0.20028 -9.0
-0.20004 -9.0
-0.19979 -9.1
-0.19955 -9.2
-0.1993 -9.2
-0.19906 -9.2
-0.19881 -9.2
-0.19857 -9.2
-0.19833 -9.1
-0.19808 -9.0
-0.19784 -8.9
-0.19759 -8.8
-0.19735 -8.7
-0.19711 -8.6
-0.19686 -8.4
-0.19662 -8.2
-0.19637 -8.0
-0.19613 -7.8
-0.19588 -7.5
-0.19564 -7.3
-0.1954 -7.0
-0.19515 -6.7
-0.19491 -6.4
-0.19466 -6.1
-0.19442 -5.7
-0.19418 -5.4
-0.19393 -5.0
-0.19369 -4.6
-0.19344 -4.2
-0.1932 -3.8
-0.19296 -3.4
-0.19271 -3.0
-0.19247 -2.6
-0.19222 -2.2
-0.19198 -1.8
-0.19173 -1.3
-0.19149 -0.9
-0.19125 -0.4
-0.191 0.0
-0.19076 0.4
-0.19051 0.9
-0.19027 1.3
-0.19003 1.8
-0.18978 2.2
-0.18954 2.6
-0.18929 3.1
-0.18905 3.5
-0.1888 3.9
-0.18856 4.3
-0.18832 4.7
-0.18807 5.1
-0.18783 5.4
-0.18758 5.8
-0.18734 6.1
-0.1871 6.5
-0.18685 6.8
-0.18661 7.1
-0.18636 7.4
-0.18612 7.7
-0.18587 7.9
-0.18563 8.1
-0.18539 8.4
-0.18514 8.5
-0.1849 8.7
-0.18465 8.9
-0.18441 9.0
-0.18417 9.1
-0.18392 9.2
-0.18368 9.3
-0.18343 9.3
-0.18319 9.4
-0.18295 9.4
-0.1827 9.4
-0.18246 9.3
-0.18221 9.3
-0.18197 9.2
-0.18172 9.1
-0.18148 9.0
-0.18124 8.8
-0.18099 8.6
-0.18075 8.5
-0.1805 8.3
-0.18026 8.0
-0.18002 7.8
-0.17977 7.5
-0.17953 7.2
-0.17928 6.9
-0.17904 6.6
-0.17879 6.3
-0.17855 5.9
-0.17831 5.6
-0.17806 5.2
-0.17782 4.8
-0.17757 4.4
-0.17733 4.0
-0.17709 3.6
-0.17684 3.1
-0.1766 2.7
-0.17635 2.2
-0.17611 1.8
-0.17587 1.3
-0.17562 0.9
-0.17538 0.4
-0.17513 0.0
-0.17489 -0.5
-0.17464 -1.0
-0.1744 -1.4
-0.17416 -1.9
-0.17391 -2.4
-0.17367 -2.8
-0.17342 -3.3
-0.17318 -3.7
-0.17294 -4.1
-0.17269 -4.5
-0.17245 -5.0
-0.1722 -5.3
-0.17196 -5.7
-0.17171 -6.1
-0.17147 -6.5
-0.17123 -6.8
-0.17098 -7.1
-0.17074 -7.4
-0.17049 -7.7
-0.17025 -8.0
-0.17001 -8.2
-0.16976 -8.5
-0.16952 -8.7
-0.16927 -8.9
-0.16903 -9.0
-0.16879 -9.2
-0.16854 -9.3
-0.1683 -9.4
-0.16805 -9.5
-0.16781 -9.5
-0.16756 -9.6
-0.16732 -9.6
-0.16708 -9.6
-0.16683 -9.5
-0.16659 -9.4
-0.16634 -9.4
-0.1661 -9.2
-0.16586 -9.1
-0.16561 -8.9
-0.16537 -8.8
-0.16512 -8.6
-0.16488 -8.3
-0.16463 -8.1
-0.16439 -7.8
-0.16415 -7.5
-0.1639 -7.2
-0.16366 -6.9
-0.16341 -6.6
-0.16317 -6.2
-0.16293 -5.8
-0.16268 -5.4
-0.16244 -5.0
-0.16219 -4.6
-0.16195 -4.2
-0.16171 -3.7
-0.16146 -3.3
-0.16122 -2.8
-0.16097 -2.3
-0.16073 -1.9
-0.16048 -1.4
-0.16024 -0.9
-0.16 -0.4
-0.15975 0.0
-0.15951 0.6
-0.15926 1.1
-0.15902 1.5
-0.15878 2.0
-0.15853 2.5
-0.15829 3.0
-0.15804 3.4
-0.1578 3.9
-0.15755 4.4
-0.15731 4.8
-0.15707 5.2
-0.15682 5.6
-0.15658 6.0
-0.15633 6.4
-0.15609 6.8
-0.15585 7.1
-0.1556 7.5
-0.15536 7.8
-0.15511 8.1
-0.15487 8.3
-0.15462 8.6
-0.15438 8.8
-0.15414 9.0
-0.15389 9.2
-0.15365 9.4
-0.1534 9.5
-0.15316 9.6
-0.15292 9.7
-0.15267 9.7
-0.15243 9.8
-0.15218 9.8
-0.15194 9.8
-0.1517 9.7
-0.15145 9.6
-0.15121 9.5
-0.15096 9.4
-0.15072 9.3
-0.15047 9.1
-0.15023 8.9
-0.14999 8.7
-0.14974 8.4
-0.1495 8.2
-0.14925 7.9
-0.14901 7.6
-0.14877 7.2
-0.14852 6.9
-0.14828 6.5
-0.14803 6.1
-0.14779 5.7
-0.14754 5.3
-0.1473 4.8
-0.14706 4.4
-0.14681 3.9
-0.14657 3.4
-0.14632 3.0
-0.14608 2.5
-0.14584 2.0
-0.14559 1.5
-0.14535 0.9
-0.1451 0.4
-0.14486 0.0
-0.14462 -0.6
-0.14437 -1.1
-0.14413 -1.6
-0.14388 -2.2
-0.14364 -2.7
-0.14339 -3.2
-0.14315 -3.6
-0.14291 -4.1
-0.14266 -4.6
-0.14242 -5.1
-0.14217 -5.5
-0.14193 -5.9
-0.14169 -6.3
-0.14144 -6.7
-0.1412 -7.1
-0.14095 -7.5
-0.14071 -7.8
-0.14046 -8.1
-0.14022 -8.4
-0.13998 -8.7
-0.13973 -9.0
-0.13949 -9.2
-0.13924 -9.4
-0.139 -9.5
-0.13876 -9.7
-0.13851 -9.8
-0.13827 -9.9
-0.13802 -10.0
-0.13778 -10.0
-0.13754 -10.0
-0.13729 -10.0
-0.13705 -9.9
-0.1368 -9.8
-0.13656 -9.7
-0.13631 -9.6
-0.13607 -9.4
-0.13583 -9.2
-0.13558 -9.0
-0.13534 -8.8
-0.13509 -8.5
-0.13485 -8.2
-0.13461 -7.9
-0.13436 -7.6
-0.13412 -7.2
-0.13387 -6.8
-0.13363 -6.4
-0.13338 -6.0
-0.13314 -5.5
-0.1329 -5.1
-0.13265 -4.6
-0.13241 -4.1
-0.13216 -3.6
-0.13192 -3.1
-0.13168 -2.6
-0.13143 -2.0
-0.13119 -1.5
-0.13094 -1.0
-0.1307 -0.4
-0.13046 0.1
-0.13021 0.7
-0.12997 1.2
-0.12972 1.8
-0.12948 2.3
-0.12923 2.9
-0.12899 3.4
-0.12875 3.9
-0.1285 4.4
-0.12826 4.9
-0.12801 5.4
-0.12777 5.9
-0.12753 6.3
-0.12728 6.7
-0.12704 7.1
-0.12679 7.5
-0.12655 7.9
-0.1263 8.2
-0.12606 8.6
-0.12582 8.9
-0.12557 9.1
-0.12533 9.4
-0.12508 9.6
-0.12484 9.8
-0.1246 9.9
-0.12435 10.1
-0.12411 10.1
-0.12386 10.2
-0.12362 10.2
-0.12337 10.2
-0.12313 10.2
-0.12289 10.2
-0.12264 10.1
-0.1224 9.9
-0.12215 9.8
-0.12191 9.6
-0.12167 9.4
-0.12142 9.1
-0.12118 8.9
-0.12093 8.6
-0.12069 8.2
-0.12045 7.9
-0.1202 7.5
-0.11996 7.1
-0.11971 6.7
-0.11947 6.2
-0.11922 5.8
-0.11898 5.3
-0.11874 4.8
-0.11849 4.3
-0.11825 3.7
-0.118 3.2
-0.11776 2.6
-0.11752 2.1
-0.11727 1.5
-0.11703 0.9
-0.11678 0.3
-0.11654 -0.3
-0.11629 -0.8
-0.11605 -1.4
-0.11581 -2.0
-0.11556 -2.6
-0.11532 -3.2
-0.11507 -3.7
-0.11483 -4.3
-0.11459 -4.8
-0.11434 -5.3
-0.1141 -5.8
-0.11385 -6.3
-0.11361 -6.8
-0.11337 -7.2
-0.11312 -7.6
-0.11288 -8.0
-0.11263 -8.4
-0.11239 -8.8
-0.11214 -9.1
-0.1119 -9.4
-0.11166 -9.6
-0.11141 -9.8
-0.11117 -10.0
-0.11092 -10.2
-0.11068 -10.3
-0.11044 -10.4
-0.11019 -10.5
-0.10995 -10.5
-0.1097 -10.5
-0.10946 -10.5
-0.10921 -10.4
-0.10897 -10.3
-0.10873 -10.1
-0.10848 -10.0
-0.10824 -9.7
-0.10799 -9.5
-0.10775 -9.2
-0.10751 -8.9
-0.10726 -8.6
-0.10702 -8.2
-0.10677 -7.8
-0.10653 -7.4
-0.10629 -6.9
-0.10604 -6.4
-0.1058 -5.9
-0.10555 -5.4
-0.10531 -4.9
-0.10506 -4.3
-0.10482 -3.8
-0.10458 -3.2
-0.10433 -2.6
-0.10409 -2.0
-0.10384 -1.3
-0.1036 -0.7
-0.10336 0.0
-0.10311 0.5
-0.10287 1.2
-0.10262 1.8
-0.10238 2.4
-0.10213 3.0
-0.10189 3.6
-0.10165 4.2
-0.1014 4.8
-0.10116 5.3
-0.10091 5.9
-0.10067 6.4
-0.10043 6.9
-0.10018 7.4
-0.09994 7.8
-0.09969 8.3
-0.09945 8.7
-0.09921 9.0
-0.09896 9.4
-0.09872 9.7
-0.09847 10.0
-0.09823 10.2
-0.09798 10.4
-0.09774 10.6
-0.0975 10.7
-0.09725 10.8
-0.09701 10.8
-0.09676 10.8
-0.09652 10.8
-0.09628 10.7
-0.09603 10.6
-0.09579 10.5
-0.09554 10.3
-0.0953 10.1
-0.09505 9.8
-0.09481 9.5
-0.09457 9.2
-0.09432 8.8
-0.09408 8.4
-0.09383 8.0
-0.09359 7.5
-0.09335 7.0
-0.0931 6.5
-0.09286 6.0
-0.09261 5.4
-0.09237 4.8
-0.09212 4.2
-0.09188 3.6
-0.09164 3.0
-0.09139 2.3
-0.09115 1.7
-0.0909 1.0
-0.09066 0.3
-0.09042 -0.4
-0.09017 -1.0
-0.08993 -1.7
-0.08968 -2.4
-0.08944 -3.0
-0.0892 -3.7
-0.08895 -4.3
-0.08871 -5.0
-0.08846 -5.6
-0.08822 -6.1
-0.08797 -6.7
-0.08773 -7.2
-0.08749 -7.8
-0.08724 -8.2
-0.087 -8.7
-0.08675 -9.1
-0.08651 -9.5
-0.08627 -9.8
-0.08602 -10.2
-0.08578 -10.4
-0.08553 -10.7
-0.08529 -10.8
-0.08504 -11.0
-0.0848 -11.1
-0.08456 -11.2
-0.08431 -11.2
-0.08407 -11.1
-0.08382 -11.1
-0.08358 -11.0
-0.08334 -10.8
-0.08309 -10.6
-0.08285 -10.4
-0.0826 -10.1
-0.08236 -9.7
-0.08212 -9.4
-0.08187 -9.0
-0.08163 -8.5
-0.08138 -8.0
-0.08114 -7.5
-0.08089 -7.0
-0.08065 -6.4
-0.08041 -5.8
-0.08016 -5.2
-0.07992 -4.5
-0.07967 -3.8
-0.07943 -3.1
-0.07919 -2.4
-0.07894 -1.7
-0.0787 -1.0
-0.07845 -0.3
-0.07821 0.5
-0.07796 1.2
-0.07772 1.9
-0.07748 2.7
-0.07723 3.4
-0.07699 4.1
-0.07674 4.8
-0.0765 5.4
-0.07626 6.1
-0.07601 6.7
-0.07577 7.3
-0.07552 7.9
-0.07528 8.4
-0.07504 8.9
-0.07479 9.4
-0.07455 9.8
-0.0743 10.2
-0.07406 10.5
-0.07381 10.8
-0.07357 11.1
-0.07333 11.3
-0.07308 11.4
-0.07284 11.5
-0.07259 11.6
-0.07235 11.6
-0.07211 11.5
-0.07186 11.4
-0.07162 11.3
-0.07137 11.1
-0.07113 10.8
-0.07088 10.5
-0.07064 10.2
-0.0704 9.8
-0.07015 9.3
-0.06991 8.9
-0.06966 8.3
-0.06942 7.8
-0.06918 7.2
-0.06893 6.5
-0.06869 5.9
-0.06844 5.2
-0.0682 4.5
-0.06796 3.7
-0.06771 2.9
-0.06747 2.2
-0.06722 1.4
-0.06698 0.6
-0.06673 -0.2
-0.06649 -1.0
-0.06625 -1.8
-0.066 -2.6
-0.06576 -3.4
-0.06551 -4.2
-0.06527 -4.9
-0.06503 -5.7
-0.06478 -6.4
-0.06454 -7.1
-0.06429 -7.7
-0.06405 -8.3
-0.0638 -8.9
-0.06356 -9.4
-0.06332 -9.9
-0.06307 -10.4
-0.06283 -10.8
-0.06258 -11.1
-0.06234 -11.4
-0.0621 -11.7
-0.06185 -11.8
-0.06161 -12.0
-0.06136 -12.0
-0.06112 -12.0
-0.06087 -12.0
-0.06063 -11.9
-0.06039 -11.7
-0.06014 -11.5
-0.0599 -11.2
-0.05965 -10.8
-0.05941 -10.4
-0.05917 -10.0
-0.05892 -9.4
-0.05868 -8.9
-0.05843 -8.3
-0.05819 -7.6
-0.05795 -6.9
-0.0577 -6.2
-0.05746 -5.4
-0.05721 -4.6
-0.05697 -3.8
-0.05672 -3.0
-0.05648 -2.1
-0.05624 -1.2
-0.05599 -0.3
-0.05575 0.5
-0.0555 1.4
-0.05526 2.3
-0.05502 3.2
-0.05477 4.1
-0.05453 4.9
-0.05428 5.7
-0.05404 6.5
-0.05379 7.3
-0.05355 8.0
-0.05331 8.7
-0.05306 9.4
-0.05282 9.9
-0.05257 10.5
-0.05233 11.0
-0.05209 11.4
-0.05184 11.8
-0.0516 12.1
-0.05135 12.3
-0.05111 12.5
-0.05087 12.6
-0.05062 12.6
-0.05038 12.5
-0.05013 12.4
-0.04989 12.2
-0.04964 12.0
-0.0494 11.6
-0.04916 11.2
-0.04891 10.8
-0.04867 10.3
-0.04842 9.7
-0.04818 9.0
-0.04794 8.3
-0.04769 7.6
-0.04745 6.8
-0.0472 5.9
-0.04696 5.0
-0.04671 4.1
-0.04647 3.2
-0.04623 2.2
-0.04598 1.2
-0.04574 0.2
-0.04549 -0.8
-0.04525 -1.8
-0.04501 -2.8
-0.04476 -3.8
-0.04452 -4.8
-0.04427 -5.7
-0.04403 -6.6
-0.04379 -7.5
-0.04354 -8.3
-0.0433 -9.1
-0.04305 -9.8
-0.04281 -10.5
-0.04256 -11.1
-0.04232 -11.6
-0.04208 -12.1
-0.04183 -12.5
-0.04159 -12.8
-0.04134 -13.0
-0.0411 -13.2
-0.04086 -13.2
-0.04061 -13.2
-0.04037 -13.1
-0.04012 -12.9
-0.03988 -12.6
-0.03963 -12.2
-0.03939 -11.8
-0.03915 -11.2
-0.0389 -10.6
-0.03866 -9.9
-0.03841 -9.1
-0.03817 -8.3
-0.03793 -7.4
-0.03768 -6.4
-0.03744 -5.4
-0.03719 -4.4
-0.03695 -3.3
-0.03671 -2.2
-0.03646 -1.1
-0.03622 0.0
-0.03597 1.2
-0.03573 2.4
-0.03548 3.5
-0.03524 4.7
-0.035 5.8
-0.03475 6.8
-0.03451 7.8
-0.03426 8.8
-0.03402 9.7
-0.03378 10.5
-0.03353 11.3
-0.03329 12.0
-0.03304 12.6
-0.0328 13.1
-0.03255 13.5
-0.03231 13.8
-0.03207 14.0
-0.03182 14.1
-0.03158 14.0
-0.03133 13.9
-0.03109 13.6
-0.03085 13.3
-0.0306 12.8
-0.03036 12.3
-0.03011 11.6
-0.02987 10.8
-0.02962 9.9
-0.02938 9.0
-0.02914 7.9
-0.02889 6.8
-0.02865 5.6
-0.0284 4.4
-0.02816 3.1
-0.02792 1.8
-0.02767 0.4
-0.02743 -0.9
-0.02718 -2.3
-0.02694 -3.6
-0.0267 -5.0
-0.02645 -6.3
-0.02621 -7.5
-0.02596 -8.7
-0.02572 -9.8
-0.02547 -10.9
-0.02523 -11.8
-0.02499 -12.7
-0.02474 -13.4
-0.0245 -14.0
-0.02425 -14.5
-0.02401 -14.8
-0.02377 -15.0
-0.02352 -15.1
-0.02328 -15.0
-0.02303 -14.8
-0.02279 -14.4
-0.02254 -13.9
-0.0223 -13.2
-0.02206 -12.4
-0.02181 -11.4
-0.02157 -10.3
-0.02132 -9.1
-0.02108 -7.8
-0.02084 -6.4
-0.02059 -4.9
-0.02035 -3.4
-0.0201 -1.7
-0.01986 0.0
-0.01962 1.6
-0.01937 3.2
-0.01913 4.9
-0.01888 6.5
-0.01864 8.0
-0.01839 9.5
-0.01815 10.9
-0.01791 12.1
-0.01766 13.3
-0.01742 14.3
-0.01717 15.1
-0.01693 15.7
-0.01669 16.2
-0.01644 16.4
-0.0162 16.5
-0.01595 16.3
-0.01571 15.9
-0.01546 15.3
-0.01522 14.5
-0.01498 13.5
-0.01473 12.3
-0.01449 10.9
-0.01424 9.3
-0.014 7.6
-0.01376 5.7
-0.01351 3.7
-0.01327 1.7
-0.01302 -0.5
-0.01278 -2.6
-0.01254 -4.7
-0.01229 -6.8
-0.01205 -8.8
-0.0118 -10.8
-0.01156 -12.5
-0.01131 -14.1
-0.01107 -15.5
-0.01083 -16.6
-0.01058 -17.5
-0.01034 -18.1
-0.01009 -18.3
-0.00985 -18.3
-0.00961 -17.9
-0.00936 -17.1
-0.00912 -16.0
-0.00887 -14.6
-0.00863 -12.8
-0.00838 -10.8
-0.00814 -8.5
-0.0079 -5.9
-0.00765 -3.2
-0.00741 -0.3
-0.00716 2.6
-0.00692 5.5
-0.00668 8.4
-0.00643 11.2
-0.00619 13.7
-0.00594 16.0
-0.0057 17.9
-0.00546 19.4
-0.00521 20.4
-0.00497 20.9
-0.00472 20.7
-0.00448 20.0
-0.00423 18.6
-0.00399 16.6
-0.00375 14.1
-0.0035 10.9
-0.00326 7.3
-0.00301 3.3
-0.00277 -1.0
-0.00253 -5.3
-0.00228 -9.7
-0.00204 -13.8
-0.00179 -17.4
-0.00155 -20.4
-0.0013 -22.5
-0.00106 -23.6
-0.00082 -23.5
-0.00057 -22.1
-0.00033 -19.2
-8e-05 -15.0
0.00016 -9.7
0.0004 -3.6
0.00065 3.0
0.00089 9.4
0.00114 15.1
0.00138 19.5
0.00163 22.0
0.00187 22.5
0.00211 20.7
0.00236 16.8
0.0026 11.3
0.00285 4.8
0.00309 -1.9
0.00333 -8.0
0.00358 -12.9
0.00382 -15.8
0.00407 -16.7
0.00431 -15.4
0.00455 -12.3
0.0048 -7.9
0.00504 -2.8
0.00529 2.1
0.00553 6.2
0.00578 9.1
0.00602 10.5
0.00626 10.3
0.00651 8.7
0.00675 6.1
0.007 2.9
0.00724 -0.3
0.00748 -3.1
0.00773 -5.2
0.00797 -6.2
0.00822 -6.2
0.00846 -5.4
0.00871 -3.8
0.00895 -1.9
0.00919 0.0
0.00944 1.8
0.00968 3.0
0.00993 3.7
0.01017 3.7
0.01041 3.2
0.01066 2.3
0.0109 1.1
0.01115 0.0
0.01139 -1.1
0.01163 -1.9
0.01188 -2.2
0.01212 -2.2
0.01237 -1.9
0.01261 -1.3
0.01286 -0.6
0.0131 0.1
0.01334 0.7
0.01359 1.2
0.01383 1.4
0.01408 1.3
0.01432 1.1
0.01456 0.8
0.01481 0.3
0.01505 -0.1
0.0153 -0.5
0.01554 -0.7
0.01579 -0.8
0.01603 -0.8
0.01627 -0.7
0.01652 -0.4
0.01676 -0.2
0.01701 0.0
0.01725 0.3
0.01749 0.4
0.01774 0.5
0.01798 0.5
0.01823 0.4
0.01847 0.2
0.01871 0.0
0.01896 0.0
0.0192 -0.2
0.01945 -0.3
0.01969 -0.3
0.01994 -0.3
0.02018 -0.2
0.02042 -0.1
0.02067 0.0
0.02091 0.0
0.02116 0.1
0.0214 0.2
0.02164 0.2
0.02189 0.2
0.02213 0.1
0.02238 0.0
0.02262 0.0
0.02287 0.0
0.02311 0.0
0.02335 -0.1
0.0236 -0.1
0.02384 -0.1
0.02409 0.0
0.02433 0.0
0.02457 0.0
0.02482 0.0
0.02506 0.0
0.02531 0.0
0.02555 0.0
0.02579 0.0
0.02604 0.0
0.02628 0.0
0.02653 0.0
0.02677 0.0
0.02702 0.0
0.02726 0.0
0.0275 0.0
0.02775 0.0
0.02799 0.0
0.02824 0.0
0.02848 0.0
0.02872 0.0
0.02897 0.0
0.02921 0.0
0.02946 0.0
0.0297 0.0
0.02995 0.0
0.03019 0.0
0.03043 0.0
0.03068 0.0
0.03092 0.0
0.03117 0.0
0.03141 0.0
0.03165 0.0
0.0319 0.0
0.03214 0.0
0.03239 0.0
0.03263 0.0
0.03288 0.0
0.03312 0.0
0.03336 0.0
0.03361 0.0
0.03385 0.0
0.0341 0.0
0.03434 0.0
0.03458 0.0
0.03483 0.0
0.03507 0.0
0.03532 0.0
0.03556 0.0
0.0358 0.0
0.03605 0.0
0.03629 0.0
0.03654 0.0
0.03678 0.0
0.03703 0.0
0.03727 0.0
0.03751 0.0
0.03776 0.0
0.038 0.0
0.03825 0.0
0.03849 0.0
0.03873 0.0
0.03898 0.0
0.03922 0.0
0.03947 0.0
0.03971 0.0
0.03996 0.0
0.0402 0.0
0.04044 0.0
0.04069 0.0
0.04093 0.0
0.04118 0.0
0.04142 0.0
0.04166 0.0
0.04191 0.0
0.04215 0.0
0.0424 0.0
0.04264 0.0
0.04288 0.0
0.04313 0.0
0.04337 0.0
0.04362 0.0
0.04386 0.0
0.04411 0.0
0.04435 0.0
0.04459 0.0
0.04484 0.0
0.04508 0.0
0.04533 0.0
0.04557 0.0
0.04581 0.0
0.04606 0.0
0.0463 0.0
0.04655 0.0
0.04679 0.0
0.04704 0.0
0.04728 0.0
0.04752 0.0
0.04777 0.0
0.04801 0.0
0.04826 0.0
0.0485 0.0
0.04874 0.0
0.04899 0.0
0.04923 0.0
0.04948 0.0
0.04972 0.0
0.04996 0.0
0.05021 0.0
0.05045 0.0
0.0507 0.0
0.05094 0.0
0.05119 0.0
0.05143 0.0
0.05167 0.0
0.05192 0.0
0.05216 0.0
0.05241 0.0
0.05265 0.0
0.05289 0.0
0.05314 0.0
0.05338 0.0
0.05363 0.0
0.05387 0.0
0.05412 0.0
0.05436 0.0
0.0546 0.0
0.05485 0.0
0.05509 0.0
0.05534 0.0
0.05558 0.0
0.05582 0.0
0.05607 0.0
0.05631 0.0
0.05656 0.0
0.0568 0.0
0.05704 0.0
0.05729 0.0
0.05753 0.0
0.05778 0.0
0.05802 0.0
0.05827 0.0
0.05851 0.0
0.05875 0.0
0.059 0.0
0.05924 0.0
0.05949 0.0
0.05973 0.0
0.05997 0.0
0.06022 0.0
0.06046 0.0
0.06071 0.0
0.06095 0.0
0.0612 0.0
0.06144 0.0
0.06168 0.0
0.06193 0.0
0.06217 0.0
0.06242 0.0
0.06266 0.0
0.0629 0.0
0.06315 0.0
0.06339 0.0
0.06364 0.0
0.06388 0.0
0.06413 0.0
0.06437 0.0
0.06461 0.0
0.06486 0.0
0.0651 0.0
0.06535 0.0
0.06559 0.0
0.06583 0.0
0.06608 0.0
0.06632 0.0
0.06657 0.0
0.06681 0.0
0.06705 0.0
0.0673 0.0
0.06754 0.0
0.06779 0.0
0.06803 0.0
0.06828 0.0
0.06852 0.0
0.06876 0.0
0.06901 0.0
0.06925 0.0
0.0695 0.0
0.06974 0.0
0.06998 0.0
0.07023 0.0
0.07047 0.0
0.07072 0.0
0.07096 0.0
0.07121 0.0
0.07145 0.0
0.07169 0.0
0.07194 0.0
0.07218 0.0
0.07243 0.0
0.07267 0.0
0.07291 0.0
0.07316 0.0
0.0734 0.0
0.07365 0.0
0.07389 0.0
0.07413 0.0
0.07438 0.0
0.07462 0.0
0.07487 0.0
0.07511 0.0
0.07536 0.0
0.0756 0.0
0.07584 0.0
0.07609 0.0
0.07633 0.0
0.07658 0.0
0.07682 0.0
0.07706 0.0
0.07731 0.0
0.07755 0.0
0.0778 0.0
0.07804 0.0
0.07829 0.0
0.07853 0.0
0.07877 0.0
0.07902 0.0
0.07926 0.0
0.07951 0.0
0.07975 0.0
0.07999 0.0
0.08024 0.0
0.08048 0.0
0.08073 0.0
0.08097 0.0
0.08121 0.0
0.08146 0.0
0.0817 0.0
0.08195 0.0
0.08219 0.0
0.08244 0.0
0.08268 0.0
0.08292 0.0
0.08317 0.0
0.08341 0.0
0.08366 0.0
0.0839 0.0
0.08414 0.0
0.08439 0.0
0.08463 0.0
0.08488 0.0
0.08512 0.0
0.08537 0.0
0.08561 0.0
0.08585 0.0
0.0861 0.0
0.08634 0.0
0.08659 0.0
0.08683 0.0
0.08707 0.0
0.08732 0.0
0.08756 0.0
0.08781 0.0
0.08805 0.0
0.08829 0.0
0.08854 0.0
0.08878 0.0
0.08903 0.0
0.08927 0.0
0.08952 0.0
0.08976 0.0
0.09 0.0
0.09025 0.0
0.09049 0.0
0.09074 0.0
0.09098 0.0
0.09122 0.0
0.09147 0.0
0.09171 0.0
0.09196 0.0
0.0922 0.0
0.09245 0.0
0.09269 0.0
0.09293 0.0
0.09318 0.0
0.09342 0.0
0.09367 0.0
0.09391 0.0
0.09415 0.0
0.0944 0.0
0.09464 0.0
0.09489 0.0
0.09513 0.0
0.09538 0.0
0.09562 0.0
0.09586 0.0
0.09611 0.0
0.09635 0.0
0.0966 0.0
0.09684 0.0
0.09708 0.0
0.09733 0.0
0.09757 0.0
0.09782 0.0
0.09806 0.0
0.0983 0.0
0.09855 0.0
0.09879 0.0
0.09904 0.0
0.09928 0.0
0.09953 0.0
0.09977 0.0
0.10001 0.0
0.10026 0.0
0.1005 0.0
0.10075 0.0
0.10099 0.0
0.10123 0.0
0.10148 0.0
0.10172 0.0
0.10197 0.0
0.10221 0.0
0.10246 0.0
0.1027 0.0
0.10294 0.0
0.10319 0.0
0.10343 0.0
0.10368 0.0
0.10392 0.0
0.10416 0.0
0.10441 0.0
0.10465 0.0
0.1049 0.0
0.10514 0.0
0.10538 0.0
0.10563 0.0
0.10587 0.0
0.10612 0.0
0.10636 0.0
0.10661 0.0
0.10685 0.0
0.10709 0.0
0.10734 0.0
0.10758 0.0
0.10783 0.0
0.10807 0.0
0.10831 0.0
0.10856 0.0
0.1088 0.0
0.10905 0.0
0.10929 0.0
0.10954 0.0
0.10978 0.0
0.11002 0.0
0.11027 0.0
0.11051 0.0
0.11076 0.0
0.111 0.0
0.11124 0.0
0.11149 0.0
0.11173 0.0
0.11198 0.0
0.11222 0.0
0.11246 0.0
0.11271 0.0
0.11295 0.0
0.1132 0.0
0.11344 0.0
0.11369 0.0
0.11393 0.0
0.11417 0.0
0.11442 0.0
0.11466 0.0
0.11491 0.0
0.11515 0.0
0.11539 0.0
0.11564 0.0
0.11588 0.0
0.11613 0.0
0.11637 0.0
0.11662 0.0
0.11686 0.0
0.1171 0.0
0.11735 0.0
0.11759 0.0
0.11784 0.0
0.11808 0.0
0.11832 0.0
0.11857 0.0
0.11881 0.0
0.11906 0.0
0.1193 0.0
0.11954 0.0
0.11979 0.0
0.12003 0.0
0.12028 0.0
0.12052 0.0
0.12077 0.0
0.12101 0.0
0.12125 0.0
0.1215 0.0
0.12174 0.0
0.12199 0.0
0.12223 0.0
0.12247 0.0
0.12272 0.0
0.12296 0.0
0.12321 0.0
0.12345 0.0
0.1237 0.0
0.12394 0.0
0.12418 0.0
0.12443 0.0
0.12467 0.0
0.12492 0.0
0.12516 0.0
0.1254 0.0
0.12565 0.0
0.12589 0.0
0.12614 0.0
0.12638 0.0
0.12663 0.0
0.12687 0.0
0.12711 0.0
0.12736 0.0
0.1276 0.0
0.12785 0.0
0.12809 0.0
0.12833 0.0
0.12858 0.0
0.12882 0.0
0.12907 0.0
0.12931 0.0
0.12955 0.0
0.1298 0.0
0.13004 0.0
0.13029 0.0
0.13053 0.0
0.13078 0.0
0.13102 0.0
0.13126 0.0
0.13151 0.0
0.13175 0.0
0.132 0.0
0.13224 0.0
0.13248 0.0
0.13273 0.0
0.13297 0.0
0.13322 0.0
0.13346 0.0
0.13371 0.0
0.13395 0.0
0.13419 0.0
0.13444 0.0
0.13468 0.0
0.13493 0.0
0.13517 0.0
0.13541 0.0
0.13566 0.0
0.1359 0.0
0.13615 0.0
0.13639 0.0
0.13663 0.0
0.13688 0.0
0.13712 0.0
0.13737 0.0
0.13761 0.0
0.13786 0.0
0.1381 0.0
0.13834 0.0
0.13859 0.0
0.13883 0.0
0.13908 0.0
0.13932 0.0
0.13956 0.0
0.13981 0.0
0.14005 0.0
0.1403 0.0
0.14054 0.0
0.14079 0.0
0.14103 0.0
0.14127 0.0
0.14152 0.0
0.14176 0.0
0.14201 0.0
0.14225 0.0
0.14249 0.0
0.14274 0.0
0.14298 0.0
0.14323 0.0
0.14347 0.0
0.14371 0.0
0.14396 0.0
0.1442 0.0
0.14445 0.0
0.14469 0.0
0.14494 0.0
0.14518 0.0
0.14542 0.0
0.14567 0.0
0.14591 0.0
0.14616 0.0
0.1464 0.0
0.14664 0.0
0.14689 0.0
0.14713 0.0
0.14738 0.0
0.14762 0.0
0.14787 0.0
0.14811 0.0
0.14835 0.0
0.1486 0.0
0.14884 0.0
0.14909 0.0
0.14933 0.0
0.14957 0.0
0.14982 0.0
0.15006 0.0
0.15031 0.0
0.15055 0.0
0.15079 0.0
0.15104 0.0
0.15128 0.0
0.15153 0.0
0.15177 0.0
0.15202 0.0
0.15226 0.0
0.1525 0.0
0.15275 0.0
0.15299 0.0
0.15324 0.0
0.15348 0.0
0.15372 0.0
0.15397 0.0
0.15421 0.0
0.15446 0.0
0.1547 0.0
0.15495 0.0
0.15519 0.0
0.15543 0.0
