t strain*1e23
-0.407 -11.5
-0.40675 -11.3
-0.40651 -11.2
-0.40627 -11.0
-0.40602 -10.9
-0.40578 -10.7
-0.40553 -10.5
-0.40529 -10.3
-0.40504 -10.0
-0.4048 -9.8
-0.40456 -9.5
-0.40431 -9.3
-0.40407 -9.0
-0.40382 -8.7
-0.40358 -8.3
-0.40334 -8.0
-0.40309 -7.7
-0.40285 -7.3
-0.4026 -7.0
-0.40236 -6.6
-0.40211 -6.2
-0.40187 -5.8
-0.40163 -5.4
-0.40138 -5.0
-0.40114 -4.6
-0.40089 -4.2
-0.40065 -3.7
-0.40041 -3.3
-0.40016 -2.8
-0.39992 -2.4
-0.39967 -1.9
-0.39943 -1.5
-0.39919 -1.0
-0.39894 -0.6
-0.3987 -0.1
-0.39845 0.3
-0.39821 0.8
-0.39796 1.3
-0.39772 1.7
-0.39748 2.2
-0.39723 2.6
-0.39699 3.1
-0.39674 3.5
-0.3965 3.9
-0.39626 4.4
-0.39601 4.8
-0.39577 5.2
-0.39552 5.6
-0.39528 6.0
-0.39503 6.4
-0.39479 6.8
-0.39455 7.2
-0.3943 7.6
-0.39406 7.9
-0.39381 8.2
-0.39357 8.6
-0.39333 8.9
-0.39308 9.2
-0.39284 9.5
-0.39259 9.8
-0.39235 10.0
-0.39211 10.3
-0.39186 10.5
-0.39162 10.7
-0.39137 10.9
-0.39113 11.1
-0.39088 11.2
-0.39064 11.4
-0.3904 11.5
-0.39015 11.6
-0.38991 11.7
-0.38966 11.8
-0.38942 11.9
-0.38918 11.9
-0.38893 11.9
-0.38869 11.9
-0.38844 11.9
-0.3882 11.9
-0.38795 11.9
-0.38771 11.8
-0.38747 11.7
-0.38722 11.6
-0.38698 11.5
-0.38673 11.3
-0.38649 11.2
-0.38625 11.0
-0.386 10.8
-0.38576 10.6
-0.38551 10.4
-0.38527 10.2
-0.38503 9.9
-0.38478 9.6
-0.38454 9.4
-0.38429 9.1
-0.38405 8.7
-0.3838 8.4
-0.38356 8.1
-0.38332 7.7
-0.38307 7.4
-0.38283 7.0
-0.38258 6.6
-0.38234 6.2
-0.3821 5.8
-0.38185 5.4
-0.38161 5.0
-0.38136 4.5
-0.38112 4.1
-0.38087 3.6
-0.38063 3.2
-0.38039 2.7
-0.38014 2.3
-0.3799 1.8
-0.37965 1.3
-0.37941 0.9
-0.37917 0.4
-0.37892 0.0
-0.37868 -0.5
-0.37843 -1.0
-0.37819 -1.5
-0.37794 -1.9
-0.3777 -2.4
-0.37746 -2.9
-0.37721 -3.3
-0.37697 -3.8
-0.37672 -4.2
-0.37648 -4.7
-0.37624 -5.1
-0.37599 -5.5
-0.37575 -5.9
-0.3755 -6.4
-0.37526 -6.8
-0.37502 -7.1
-0.37477 -7.5
-0.37453 -7.9
-0.37428 -8.2
-0.37404 -8.6
-0.37379 -8.9
-0.37355 -9.2
-0.37331 -9.5
-0.37306 -9.8
-0.37282 -10.1
-0.37257 -10.3
-0.37233 -10.6
-0.37209 -10.8
-0.37184 -11.0
-0.3716 -11.2
-0.37135 -11.4
-0.37111 -11.5
-0.37086 -11.6
-0.37062 -11.8
-0.37038 -11.9
-0.37013 -11.9
-0.36989 -12.0
-0.36964 -12.0
-0.3694 -12.1
-0.36916 -12.1
-0.36891 -12.1
-0.36867 -12.0
-0.36842 -12.0
-0.36818 -11.9
-0.36794 -11.8
-0.36769 -11.7
-0.36745 -11.6
-0.3672 -11.4
-0.36696 -11.3
-0.36671 -11.1
-0.36647 -10.9
-0.36623 -10.7
-0.36598 -10.4
-0.36574 -10.2
-0.36549 -9.9
-0.36525 -9.6
-0.36501 -9.3
-0.36476 -9.0
-0.36452 -8.7
-0.36427 -8.4
-0.36403 -8.0
-0.36378 -7.6
-0.36354 -7.3
-0.3633 -6.9
-0.36305 -6.5
-0.36281 -6.1
-0.36256 -5.6
-0.36232 -5.2
-0.36208 -4.8
-0.36183 -4.3
-0.36159 -3.9
-0.36134 -3.4
-0.3611 -2.9
-0.36086 -2.5
-0.36061 -2.0
-0.36037 -1.5
-0.36012 -1.0
-0.35988 -0.5
-0.35963 0.0
-0.35939 0.4
-0.35915 0.9
-0.3589 1.4
-0.35866 1.9
-0.35841 2.4
-0.35817 2.8
-0.35793 3.3
-0.35768 3.8
-0.35744 4.2
-0.35719 4.7
-0.35695 5.1
-0.3567 5.6
-0.35646 6.0
-0.35622 6.4
-0.35597 6.8
-0.35573 7.2
-0.35548 7.6
-0.35524 8.0
-0.355 8.4
-0.35475 8.7
-0.35451 9.1
-0.35426 9.4
-0.35402 9.7
-0.35378 10.0
-0.35353 10.2
-0.35329 10.5
-0.35304 10.8
-0.3528 11.0
-0.35255 11.2
-0.35231 11.4
-0.35207 11.5
-0.35182 11.7
-0.35158 11.8
-0.35133 11.9
-0.35109 12.0
-0.35085 12.1
-0.3506 12.2
-0.35036 12.2
-0.35011 12.2
-0.34987 12.2
-0.34962 12.2
-0.34938 12.1
-0.34914 12.1
-0.34889 12.0
-0.34865 11.9
-0.3484 11.8
-0.34816 11.6
-0.34792 11.5
-0.34767 11.3
-0.34743 11.1
-0.34718 10.9
-0.34694 10.6
-0.34669 10.4
-0.34645 10.1
-0.34621 9.8
-0.34596 9.5
-0.34572 9.2
-0.34547 8.9
-0.34523 8.5
-0.34499 8.2
-0.34474 7.8
-0.3445 7.4
-0.34425 7.0
-0.34401 6.6
-0.34377 6.2
-0.34352 5.7
-0.34328 5.3
-0.34303 4.8
-0.34279 4.4
-0.34254 3.9
-0.3423 3.4
-0.34206 2.9
-0.34181 2.5
-0.34157 2.0
-0.34132 1.5
-0.34108 1.0
-0.34084 0.5
-0.34059 0.0
-0.34035 -0.5
-0.3401 -1.0
-0.33986 -1.5
-0.33961 -2.0
-0.33937 -2.5
-0.33913 -3.0
-0.33888 -3.5
-0.33864 -4.0
-0.33839 -4.4
-0.33815 -4.9
-0.33791 -5.4
-0.33766 -5.8
-0.33742 -6.3
-0.33717 -6.7
-0.33693 -7.1
-0.33669 -7.5
-0.33644 -7.9
-0.3362 -8.3
-0.33595 -8.7
-0.33571 -9.0
-0.33546 -9.4
-0.33522 -9.7
-0.33498 -10.0
-0.33473 -10.3
-0.33449 -10.5
-0.33424 -10.8
-0.334 -11.0
-0.33376 -11.3
-0.33351 -11.5
-0.33327 -11.6
-0.33302 -11.8
-0.33278 -11.9
-0.33253 -12.1
-0.33229 -12.2
-0.33205 -12.3
-0.3318 -12.3
-0.33156 -12.4
-0.33131 -12.4
-0.33107 -12.4
-0.33083 -12.3
-0.33058 -12.3
-0.33034 -12.2
-0.33009 -12.2
-0.32985 -12.0
-0.32961 -11.9
-0.32936 -11.8
-0.32912 -11.6
-0.32887 -11.4
-0.32863 -11.2
-0.32838 -11.0
-0.32814 -10.7
-0.3279 -10.5
-0.32765 -10.2
-0.32741 -9.9
-0.32716 -9.6
-0.32692 -9.2
-0.32668 -8.9
-0.32643 -8.5
-0.32619 -8.2
-0.32594 -7.8
-0.3257 -7.4
-0.32545 -6.9
-0.32521 -6.5
-0.32497 -6.1
-0.32472 -5.6
-0.32448 -5.1
-0.32423 -4.7
-0.32399 -4.2
-0.32375 -3.7
-0.3235 -3.2
-0.32326 -2.7
-0.32301 -2.2
-0.32277 -1.7
-0.32253 -1.2
-0.32228 -0.7
-0.32204 -0.1
-0.32179 0.4
-0.32155 0.9
-0.3213 1.4
-0.32106 1.9
-0.32082 2.4
-0.32057 2.9
-0.32033 3.4
-0.32008 3.9
-0.31984 4.4
-0.3196 4.9
-0.31935 5.4
-0.31911 5.8
-0.31886 6.3
-0.31862 6.7
-0.31837 7.2
-0.31813 7.6
-0.31789 8.0
-0.31764 8.4
-0.3174 8.8
-0.31715 9.1
-0.31691 9.5
-0.31667 9.8
-0.31642 10.1
-0.31618 10.4
-0.31593 10.7
-0.31569 11.0
-0.31544 11.2
-0.3152 11.5
-0.31496 11.7
-0.31471 11.8
-0.31447 12.0
-0.31422 12.1
-0.31398 12.3
-0.31374 12.4
-0.31349 12.4
-0.31325 12.5
-0.313 12.5
-0.31276 12.5
-0.31252 12.5
-0.31227 12.5
-0.31203 12.4
-0.31178 12.4
-0.31154 12.3
-0.31129 12.1
-0.31105 12.0
-0.31081 11.8
-0.31056 11.7
-0.31032 11.4
-0.31007 11.2
-0.30983 11.0
-0.30959 10.7
-0.30934 10.4
-0.3091 10.1
-0.30885 9.8
-0.30861 9.5
-0.30836 9.1
-0.30812 8.7
-0.30788 8.3
-0.30763 7.9
-0.30739 7.5
-0.30714 7.1
-0.3069 6.6
-0.30666 6.2
-0.30641 5.7
-0.30617 5.2
-0.30592 4.8
-0.30568 4.3
-0.30544 3.7
-0.30519 3.2
-0.30495 2.7
-0.3047 2.2
-0.30446 1.7
-0.30421 1.1
-0.30397 0.6
-0.30373 0.0
-0.30348 -0.5
-0.30324 -1.0
-0.30299 -1.5
-0.30275 -2.1
-0.30251 -2.6
-0.30226 -3.1
-0.30202 -3.6
-0.30177 -4.1
-0.30153 -4.7
-0.30128 -5.1
-0.30104 -5.6
-0.3008 -6.1
-0.30055 -6.6
-0.30031 -7.0
-0.30006 -7.5
-0.29982 -7.9
-0.29958 -8.3
-0.29933 -8.7
-0.29909 -9.1
-0.29884 -9.5
-0.2986 -9.8
-0.29836 -10.2
-0.29811 -10.5
-0.29787 -10.8
-0.29762 -11.1
-0.29738 -11.3
-0.29713 -11.5
-0.29689 -11.8
-0.29665 -12.0
-0.2964 -12.1
-0.29616 -12.3
-0.29591 -12.4
-0.29567 -12.5
-0.29543 -12.6
-0.29518 -12.7
-0.29494 -12.7
-0.29469 -12.7
-0.29445 -12.7
-0.2942 -12.7
-0.29396 -12.6
-0.29372 -12.5
-0.29347 -12.4
-0.29323 -12.3
-0.29298 -12.2
-0.29274 -12.0
-0.2925 -11.8
-0.29225 -11.6
-0.29201 -11.3
-0.29176 -11.1
-0.29152 -10.8
-0.29128 -10.5
-0.29103 -10.2
-0.29079 -9.8
-0.29054 -9.5
-0.2903 -9.1
-0.29005 -8.7
-0.28981 -8.3
-0.28957 -7.9
-0.28932 -7.5
-0.28908 -7.0
-0.28883 -6.5
-0.28859 -6.1
-0.28835 -5.6
-0.2881 -5.1
-0.28786 -4.6
-0.28761 -4.0
-0.28737 -3.5
-0.28712 -3.0
-0.28688 -2.4
-0.28664 -1.9
-0.28639 -1.4
-0.28615 -0.8
-0.2859 -0.3
-0.28566 0.3
-0.28542 0.9
-0.28517 1.4
-0.28493 2.0
-0.28468 2.5
-0.28444 3.0
-0.28419 3.6
-0.28395 4.1
-0.28371 4.6
-0.28346 5.2
-0.28322 5.7
-0.28297 6.2
-0.28273 6.6
-0.28249 7.1
-0.28224 7.6
-0.282 8.0
-0.28175 8.4
-0.28151 8.9
-0.28127 9.3
-0.28102 9.6
-0.28078 10.0
-0.28053 10.3
-0.28029 10.7
-0.28004 11.0
-0.2798 11.3
-0.27956 11.5
-0.27931 11.8
-0.27907 12.0
-0.27882 12.2
-0.27858 12.3
-0.27834 12.5
-0.27809 12.6
-0.27785 12.7
-0.2776 12.8
-0.27736 12.9
-0.27711 12.9
-0.27687 12.9
-0.27663 12.9
-0.27638 12.8
-0.27614 12.7
-0.27589 12.7
-0.27565 12.5
-0.27541 12.4
-0.27516 12.2
-0.27492 12.0
-0.27467 11.8
-0.27443 11.6
-0.27419 11.3
-0.27394 11.0
-0.2737 10.7
-0.27345 10.4
-0.27321 10.1
-0.27296 9.7
-0.27272 9.3
-0.27248 8.9
-0.27223 8.5
-0.27199 8.1
-0.27174 7.6
-0.2715 7.2
-0.27126 6.7
-0.27101 6.2
-0.27077 5.7
-0.27052 5.2
-0.27028 4.6
-0.27003 4.1
-0.26979 3.5
-0.26955 3.0
-0.2693 2.4
-0.26906 1.9
-0.26881 1.3
-0.26857 0.7
-0.26833 0.2
-0.26808 -0.4
-0.26784 -1.0
-0.26759 -1.6
-0.26735 -2.1
-0.26711 -2.7
-0.26686 -3.3
-0.26662 -3.8
-0.26637 -4.4
-0.26613 -4.9
-0.26588 -5.4
-0.26564 -5.9
-0.2654 -6.5
-0.26515 -6.9
-0.26491 -7.4
-0.26466 -7.9
-0.26442 -8.4
-0.26418 -8.8
-0.26393 -9.2
-0.26369 -9.6
-0.26344 -10.0
-0.2632 -10.4
-0.26295 -10.7
-0.26271 -11.0
-0.26247 -11.3
-0.26222 -11.6
-0.26198 -11.9
-0.26173 -12.1
-0.26149 -12.3
-0.26125 -12.5
-0.261 -12.6
-0.26076 -12.8
-0.26051 -12.9
-0.26027 -13.0
-0.26003 -13.0
-0.25978 -13.1
-0.25954 -13.1
-0.25929 -13.0
-0.25905 -13.0
-0.2588 -12.9
-0.25856 -12.8
-0.25832 -12.7
-0.25807 -12.6
-0.25783 -12.4
-0.25758 -12.2
-0.25734 -12.0
-0.2571 -11.7
-0.25685 -11.4
-0.25661 -11.1
-0.25636 -10.8
-0.25612 -10.5
-0.25587 -10.1
-0.25563 -9.7
-0.25539 -9.3
-0.25514 -8.9
-0.2549 -8.5
-0.25465 -8.0
-0.25441 -7.5
-0.25417 -7.1
-0.25392 -6.5
-0.25368 -6.0
-0.25343 -5.5
-0.25319 -5.0
-0.25294 -4.4
-0.2527 -3.8
-0.25246 -3.3
-0.25221 -2.7
-0.25197 -2.1
-0.25172 -1.5
-0.25148 -0.9
-0.25124 -0.3
-0.25099 0.3
-0.25075 0.9
-0.2505 1.4
-0.25026 2.0
-0.25002 2.6
-0.24977 3.2
-0.24953 3.8
-0.24928 4.4
-0.24904 4.9
-0.24879 5.5
-0.24855 6.0
-0.24831 6.5
-0.24806 7.0
-0.24782 7.5
-0.24757 8.0
-0.24733 8.5
-0.24709 9.0
-0.24684 9.4
-0.2466 9.8
-0.24635 10.2
-0.24611 10.6
-0.24586 10.9
-0.24562 11.3
-0.24538 11.6
-0.24513 11.8
-0.24489 12.1
-0.24464 12.3
-0.2444 12.6
-0.24416 12.7
-0.24391 12.9
-0.24367 13.0
-0.24342 13.1
-0.24318 13.2
-0.24294 13.2
-0.24269 13.3
-0.24245 13.3
-0.2422 13.2
-0.24196 13.2
-0.24171 13.1
-0.24147 13.0
-0.24123 12.8
-0.24098 12.6
-0.24074 12.4
-0.24049 12.2
-0.24025 12.0
-0.24001 11.7
-0.23976 11.4
-0.23952 11.1
-0.23927 10.7
-0.23903 10.3
-0.23878 9.9
-0.23854 9.5
-0.2383 9.1
-0.23805 8.6
-0.23781 8.2
-0.23756 7.7
-0.23732 7.2
-0.23708 6.6
-0.23683 6.1
-0.23659 5.5
-0.23634 5.0
-0.2361 4.4
-0.23586 3.8
-0.23561 3.2
-0.23537 2.6
-0.23512 2.0
-0.23488 1.4
-0.23463 0.8
-0.23439 0.2
-0.23415 -0.5
-0.2339 -1.1
-0.23366 -1.7
-0.23341 -2.3
-0.23317 -2.9
-0.23293 -3.5
-0.23268 -4.1
-0.23244 -4.7
-0.23219 -5.3
-0.23195 -5.8
-0.2317 -6.4
-0.23146 -6.9
-0.23122 -7.5
-0.23097 -8.0
-0.23073 -8.5
-0.23048 -9.0
-0.23024 -9.4
-0.23 -9.9
-0.22975 -10.3
-0.22951 -10.7
-0.22926 -11.0
-0.22902 -11.4
-0.22878 -11.7
-0.22853 -12.0
-0.22829 -12.3
-0.22804 -12.5
-0.2278 -12.7
-0.22755 -12.9
-0.22731 -13.1
-0.22707 -13.2
-0.22682 -13.3
-0.22658 -13.4
-0.22633 -13.5
-0.22609 -13.5
-0.22585 -13.5
-0.2256 -13.4
-0.22536 -13.4
-0.22511 -13.3
-0.22487 -13.1
-0.22462 -13.0
-0.22438 -12.8
-0.22414 -12.6
-0.22389 -12.3
-0.22365 -12.1
-0.2234 -11.8
-0.22316 -11.4
-0.22292 -11.1
-0.22267 -10.7
-0.22243 -10.3
-0.22218 -9.9
-0.22194 -9.4
-0.22169 -9.0
-0.22145 -8.5
-0.22121 -8.0
-0.22096 -7.5
-0.22072 -6.9
-0.22047 -6.4
-0.22023 -5.8
-0.21999 -5.2
-0.21974 -4.6
-0.2195 -4.0
-0.21925 -3.4
-0.21901 -2.8
-0.21877 -2.1
-0.21852 -1.5
-0.21828 -0.8
-0.21803 -0.2
-0.21779 0.4
-0.21754 1.1
-0.2173 1.7
-0.21706 2.4
-0.21681 3.0
-0.21657 3.6
-0.21632 4.3
-0.21608 4.9
-0.21584 5.5
-0.21559 6.1
-0.21535 6.6
-0.2151 7.2
-0.21486 7.7
-0.21461 8.3
-0.21437 8.8
-0.21413 9.3
-0.21388 9.7
-0.21364 10.2
-0.21339 10.6
-0.21315 11.0
-0.21291 11.4
-0.21266 11.7
-0.21242 12.1
-0.21217 12.4
-0.21193 12.6
-0.21169 12.9
-0.21144 13.1
-0.2112 13.3
-0.21095 13.4
-0.21071 13.5
-0.21046 13.6
-0.21022 13.7
-0.20998 13.7
-0.20973 13.7
-0.20949 13.7
-0.20924 13.6
-0.209 13.5
-0.20876 13.4
-0.20851 13.2
-0.20827 13.0
-0.20802 12.8
-0.20778 12.5
-0.20753 12.2
-0.20729 11.9
-0.20705 11.6
-0.2068 11.2
-0.20656 10.8
-0.20631 10.4
-0.20607 10.0
-0.20583 9.5
-0.20558 9.0
-0.20534 8.5
-0.20509 8.0
-0.20485 7.4
-0.20461 6.8
-0.20436 6.2
-0.20412 5.6
-0.20387 5.0
-0.20363 4.4
-0.20338 3.8
-0.20314 3.1
-0.2029 2.4
-0.20265 1.8
-0.20241 1.1
-0.20216 0.4
-0.20192 -0.2
-0.20168 -0.9
-0.20143 -1.6
-0.20119 -2.2
-0.20094 -2.9
-0.2007 -3.6
-0.20045 -4.2
-0.20021 -4.9
-0.19997 -5.5
-0.19972 -6.1
-0.19948 -6.7
-0.19923 -7.3
-0.19899 -7.9
-0.19875 -8.4
-0.1985 -9.0
-0.19826 -9.5
-0.19801 -10.0
-0.19777 -10.4
-0.19753 -10.9
-0.19728 -11.3
-0.19704 -11.7
-0.19679 -12.0
-0.19655 -12.4
-0.1963 -12.7
-0.19606 -12.9
-0.19582 -13.2
-0.19557 -13.4
-0.19533 -13.6
-0.19508 -13.7
-0.19484 -13.8
-0.1946 -13.9
-0.19435 -13.9
-0.19411 -14.0
-0.19386 -13.9
-0.19362 -13.9
-0.19337 -13.8
-0.19313 -13.7
-0.19289 -13.5
-0.19264 -13.3
-0.1924 -13.1
-0.19215 -12.8
-0.19191 -12.5
-0.19167 -12.2
-0.19142 -11.9
-0.19118 -11.5
-0.19093 -11.1
-0.19069 -10.6
-0.19044 -10.2
-0.1902 -9.7
-0.18996 -9.2
-0.18971 -8.6
-0.18947 -8.1
-0.18922 -7.5
-0.18898 -6.9
-0.18874 -6.3
-0.18849 -5.7
-0.18825 -5.0
-0.188 -4.4
-0.18776 -3.7
-0.18752 -3.0
-0.18727 -2.3
-0.18703 -1.6
-0.18678 -0.9
-0.18654 -0.2
-0.18629 0.5
-0.18605 1.2
-0.18581 1.9
-0.18556 2.6
-0.18532 3.3
-0.18507 4.0
-0.18483 4.6
-0.18459 5.3
-0.18434 6.0
-0.1841 6.6
-0.18385 7.2
-0.18361 7.8
-0.18336 8.4
-0.18312 9.0
-0.18288 9.5
-0.18263 10.0
-0.18239 10.5
-0.18214 11.0
-0.1819 11.4
-0.18166 11.8
-0.18141 12.2
-0.18117 12.6
-0.18092 12.9
-0.18068 13.2
-0.18044 13.4
-0.18019 13.6
-0.17995 13.8
-0.1797 14.0
-0.17946 14.1
-0.17921 14.2
-0.17897 14.2
-0.17873 14.2
-0.17848 14.2
-0.17824 14.1
-0.17799 14.0
-0.17775 13.9
-0.17751 13.7
-0.17726 13.5
-0.17702 13.2
-0.17677 12.9
-0.17653 12.6
-0.17628 12.3
-0.17604 11.9
-0.1758 11.5
-0.17555 11.0
-0.17531 10.6
-0.17506 10.1
-0.17482 9.5
-0.17458 9.0
-0.17433 8.4
-0.17409 7.8
-0.17384 7.2
-0.1736 6.5
-0.17336 5.9
-0.17311 5.2
-0.17287 4.5
-0.17262 3.8
-0.17238 3.1
-0.17213 2.4
-0.17189 1.6
-0.17165 0.9
-0.1714 0.2
-0.17116 -0.6
-0.17091 -1.3
-0.17067 -2.0
-0.17043 -2.8
-0.17018 -3.5
-0.16994 -4.2
-0.16969 -4.9
-0.16945 -5.6
-0.1692 -6.3
-0.16896 -7.0
-0.16872 -7.6
-0.16847 -8.2
-0.16823 -8.8
-0.16798 -9.4
-0.16774 -10.0
-0.1675 -10.5
-0.16725 -11.0
-0.16701 -11.5
-0.16676 -11.9
-0.16652 -12.3
-0.16628 -12.7
-0.16603 -13.0
-0.16579 -13.4
-0.16554 -13.6
-0.1653 -13.9
-0.16505 -14.1
-0.16481 -14.2
-0.16457 -14.4
-0.16432 -14.4
-0.16408 -14.5
-0.16383 -14.5
-0.16359 -14.5
-0.16335 -14.4
-0.1631 -14.3
-0.16286 -14.1
-0.16261 -13.9
-0.16237 -13.7
-0.16212 -13.4
-0.16188 -13.1
-0.16164 -12.8
-0.16139 -12.4
-0.16115 -12.0
-0.1609 -11.5
-0.16066 -11.1
-0.16042 -10.6
-0.16017 -10.0
-0.15993 -9.5
-0.15968 -8.9
-0.15944 -8.2
-0.15919 -7.6
-0.15895 -6.9
-0.15871 -6.3
-0.15846 -5.5
-0.15822 -4.8
-0.15797 -4.1
-0.15773 -3.3
-0.15749 -2.6
-0.15724 -1.8
-0.157 -1.1
-0.15675 -0.3
-0.15651 0.5
-0.15627 1.3
-0.15602 2.0
-0.15578 2.8
-0.15553 3.6
-0.15529 4.3
-0.15504 5.1
-0.1548 5.8
-0.15456 6.5
-0.15431 7.2
-0.15407 7.9
-0.15382 8.5
-0.15358 9.2
-0.15334 9.8
-0.15309 10.3
-0.15285 10.9
-0.1526 11.4
-0.15236 11.9
-0.15211 12.3
-0.15187 12.8
-0.15163 13.1
-0.15138 13.5
-0.15114 13.8
-0.15089 14.1
-0.15065 14.3
-0.15041 14.5
-0.15016 14.6
-0.14992 14.7
-0.14967 14.8
-0.14943 14.8
-0.14919 14.8
-0.14894 14.7
-0.1487 14.6
-0.14845 14.4
-0.14821 14.2
-0.14796 14.0
-0.14772 13.7
-0.14748 13.4
-0.14723 13.0
-0.14699 12.6
-0.14674 12.2
-0.1465 11.7
-0.14626 11.2
-0.14601 10.7
-0.14577 10.1
-0.14552 9.5
-0.14528 8.8
-0.14503 8.2
-0.14479 7.5
-0.14455 6.8
-0.1443 6.1
-0.14406 5.3
-0.14381 4.5
-0.14357 3.8
-0.14333 3.0
-0.14308 2.2
-0.14284 1.3
-0.14259 0.5
-0.14235 -0.3
-0.14211 -1.1
-0.14186 -1.9
-0.14162 -2.7
-0.14137 -3.5
-0.14113 -4.3
-0.14088 -5.1
-0.14064 -5.9
-0.1404 -6.7
-0.14015 -7.4
-0.13991 -8.1
-0.13966 -8.8
-0.13942 -9.4
-0.13918 -10.1
-0.13893 -10.7
-0.13869 -11.3
-0.13844 -11.8
-0.1382 -12.3
-0.13795 -12.8
-0.13771 -13.2
-0.13747 -13.6
-0.13722 -13.9
-0.13698 -14.2
-0.13673 -14.5
-0.13649 -14.7
-0.13625 -14.9
-0.136 -15.0
-0.13576 -15.1
-0.13551 -15.1
-0.13527 -15.1
-0.13503 -15.1
-0.13478 -14.9
-0.13454 -14.8
-0.13429 -14.6
-0.13405 -14.3
-0.1338 -14.0
-0.13356 -13.7
-0.13332 -13.3
-0.13307 -12.9
-0.13283 -12.4
-0.13258 -11.9
-0.13234 -11.4
-0.1321 -10.8
-0.13185 -10.2
-0.13161 -9.6
-0.13136 -8.9
-0.13112 -8.2
-0.13087 -7.4
-0.13063 -6.7
-0.13039 -5.9
-0.13014 -5.1
-0.1299 -4.3
-0.12965 -3.4
-0.12941 -2.6
-0.12917 -1.7
-0.12892 -0.9
-0.12868 0.0
-0.12843 0.9
-0.12819 1.7
-0.12794 2.6
-0.1277 3.5
-0.12746 4.3
-0.12721 5.1
-0.12697 6.0
-0.12672 6.8
-0.12648 7.5
-0.12624 8.3
-0.12599 9.0
-0.12575 9.7
-0.1255 10.4
-0.12526 11.0
-0.12502 11.6
-0.12477 12.2
-0.12453 12.7
-0.12428 13.2
-0.12404 13.7
-0.12379 14.1
-0.12355 14.4
-0.12331 14.7
-0.12306 15.0
-0.12282 15.2
-0.12257 15.3
-0.12233 15.4
-0.12209 15.5
-0.12184 15.5
-0.1216 15.4
-0.12135 15.3
-0.12111 15.2
-0.12086 15.0
-0.12062 14.7
-0.12038 14.4
-0.12013 14.1
-0.11989 13.7
-0.11964 13.2
-0.1194 12.7
-0.11916 12.2
-0.11891 11.6
-0.11867 11.0
-0.11842 10.3
-0.11818 9.6
-0.11794 8.9
-0.11769 8.2
-0.11745 7.4
-0.1172 6.5
-0.11696 5.7
-0.11671 4.8
-0.11647 4.0
-0.11623 3.1
-0.11598 2.2
-0.11574 1.2
-0.11549 0.3
-0.11525 -0.6
-0.11501 -1.5
-0.11476 -2.4
-0.11452 -3.4
-0.11427 -4.3
-0.11403 -5.1
-0.11378 -6.0
-0.11354 -6.9
-0.1133 -7.7
-0.11305 -8.5
-0.11281 -9.3
-0.11256 -10.0
-0.11232 -10.7
-0.11208 -11.4
-0.11183 -12.1
-0.11159 -12.6
-0.11134 -13.2
-0.1111 -13.7
-0.11086 -14.2
-0.11061 -14.6
-0.11037 -14.9
-0.11012 -15.2
-0.10988 -15.5
-0.10963 -15.7
-0.10939 -15.8
-0.10915 -15.9
-0.1089 -15.9
-0.10866 -15.9
-0.10841 -15.8
-0.10817 -15.6
-0.10793 -15.4
-0.10768 -15.2
-0.10744 -14.8
-0.10719 -14.5
-0.10695 -14.0
-0.1067 -13.6
-0.10646 -13.0
-0.10622 -12.5
-0.10597 -11.8
-0.10573 -11.2
-0.10548 -10.5
-0.10524 -9.7
-0.105 -8.9
-0.10475 -8.1
-0.10451 -7.2
-0.10426 -6.4
-0.10402 -5.4
-0.10378 -4.5
-0.10353 -3.6
-0.10329 -2.6
-0.10304 -1.6
-0.1028 -0.6
-0.10255 0.3
-0.10231 1.3
-0.10207 2.3
-0.10182 3.3
-0.10158 4.3
-0.10133 5.2
-0.10109 6.1
-0.10085 7.1
-0.1006 7.9
-0.10036 8.8
-0.10011 9.6
-0.09987 10.4
-0.09962 11.2
-0.09938 11.9
-0.09914 12.6
-0.09889 13.2
-0.09865 13.8
-0.0984 14.3
-0.09816 14.7
-0.09792 15.2
-0.09767 15.5
-0.09743 15.8
-0.09718 16.0
-0.09694 16.2
-0.09669 16.3
-0.09645 16.3
-0.09621 16.3
-0.09596 16.2
-0.09572 16.1
-0.09547 15.9
-0.09523 15.6
-0.09499 15.3
-0.09474 14.9
-0.0945 14.4
-0.09425 13.9
-0.09401 13.3
-0.09377 12.7
-0.09352 12.0
-0.09328 11.3
-0.09303 10.5
-0.09279 9.7
-0.09254 8.8
-0.0923 7.9
-0.09206 7.0
-0.09181 6.0
-0.09157 5.0
-0.09132 4.0
-0.09108 3.0
-0.09084 1.9
-0.09059 0.9
-0.09035 -0.2
-0.0901 -1.2
-0.08986 -2.3
-0.08961 -3.4
-0.08937 -4.4
-0.08913 -5.4
-0.08888 -6.4
-0.08864 -7.4
-0.08839 -8.4
-0.08815 -9.3
-0.08791 -10.2
-0.08766 -11.0
-0.08742 -11.8
-0.08717 -12.5
-0.08693 -13.2
-0.08669 -13.9
-0.08644 -14.5
-0.0862 -15.0
-0.08595 -15.5
-0.08571 -15.9
-0.08546 -16.2
-0.08522 -16.5
-0.08498 -16.7
-0.08473 -16.8
-0.08449 -16.8
-0.08424 -16.8
-0.084 -16.7
-0.08376 -16.6
-0.08351 -16.3
-0.08327 -16.0
-0.08302 -15.7
-0.08278 -15.2
-0.08253 -14.7
-0.08229 -14.1
-0.08205 -13.5
-0.0818 -12.8
-0.08156 -12.0
-0.08131 -11.2
-0.08107 -10.3
-0.08083 -9.4
-0.08058 -8.5
-0.08034 -7.5
-0.08009 -6.4
-0.07985 -5.4
-0.07961 -4.3
-0.07936 -3.2
-0.07912 -2.0
-0.07887 -0.9
-0.07863 0.2
-0.07838 1.4
-0.07814 2.5
-0.0779 3.7
-0.07765 4.8
-0.07741 5.9
-0.07716 7.0
-0.07692 8.0
-0.07668 9.1
-0.07643 10.0
-0.07619 11.0
-0.07594 11.9
-0.0757 12.7
-0.07545 13.5
-0.07521 14.2
-0.07497 14.8
-0.07472 15.4
-0.07448 15.9
-0.07423 16.4
-0.07399 16.7
-0.07375 17.0
-0.0735 17.2
-0.07326 17.4
-0.07301 17.4
-0.07277 17.4
-0.07253 17.3
-0.07228 17.1
-0.07204 16.8
-0.07179 16.4
-0.07155 16.0
-0.0713 15.4
-0.07106 14.8
-0.07082 14.2
-0.07057 13.4
-0.07033 12.6
-0.07008 11.7
-0.06984 10.8
-0.0696 9.8
-0.06935 8.8
-0.06911 7.7
-0.06886 6.6
-0.06862 5.4
-0.06837 4.2
-0.06813 3.0
-0.06789 1.8
-0.06764 0.5
-0.0674 -0.8
-0.06715 -2.0
-0.06691 -3.3
-0.06667 -4.5
-0.06642 -5.7
-0.06618 -6.9
-0.06593 -8.1
-0.06569 -9.2
-0.06544 -10.3
-0.0652 -11.3
-0.06496 -12.3
-0.06471 -13.2
-0.06447 -14.0
-0.06422 -14.8
-0.06398 -15.5
-0.06374 -16.1
-0.06349 -16.7
-0.06325 -17.1
-0.063 -17.5
-0.06276 -17.8
-0.06252 -18.0
-0.06227 -18.1
-0.06203 -18.1
-0.06178 -18.0
-0.06154 -17.8
-0.06129 -17.5
-0.06105 -17.1
-0.06081 -16.6
-0.06056 -16.0
-0.06032 -15.4
-0.06007 -14.6
-0.05983 -13.8
-0.05959 -12.9
-0.05934 -11.9
-0.0591 -10.9
-0.05885 -9.8
-0.05861 -8.6
-0.05836 -7.4
-0.05812 -6.1
-0.05788 -4.8
-0.05763 -3.5
-0.05739 -2.1
-0.05714 -0.7
-0.0569 0.6
-0.05666 2.0
-0.05641 3.4
-0.05617 4.8
-0.05592 6.1
-0.05568 7.4
-0.05544 8.7
-0.05519 9.9
-0.05495 11.1
-0.0547 12.2
-0.05446 13.3
-0.05421 14.3
-0.05397 15.2
-0.05373 16.0
-0.05348 16.7
-0.05324 17.3
-0.05299 17.8
-0.05275 18.3
-0.05251 18.6
-0.05226 18.8
-0.05202 18.9
-0.05177 18.8
-0.05153 18.7
-0.05128 18.5
-0.05104 18.1
-0.0508 17.6
-0.05055 17.0
-0.05031 16.3
-0.05006 15.5
-0.04982 14.6
-0.04958 13.7
-0.04933 12.6
-0.04909 11.4
-0.04884 10.2
-0.0486 8.9
-0.04836 7.5
-0.04811 6.1
-0.04787 4.6
-0.04762 3.1
-0.04738 1.6
-0.04713 0.0
-0.04689 -1.5
-0.04665 -3.1
-0.0464 -4.6
-0.04616 -6.1
-0.04591 -7.6
-0.04567 -9.0
-0.04543 -10.4
-0.04518 -11.7
-0.04494 -13.0
-0.04469 -14.1
-0.04445 -15.2
-0.0442 -16.2
-0.04396 -17.1
-0.04372 -17.8
-0.04347 -18.5
-0.04323 -19.0
-0.04298 -19.4
-0.04274 -19.7
-0.0425 -19.8
-0.04225 -19.8
-0.04201 -19.6
-0.04176 -19.3
-0.04152 -18.9
-0.04128 -18.4
-0.04103 -17.7
-0.04079 -16.8
-0.04054 -15.9
-0.0403 -14.8
-0.04005 -13.6
-0.03981 -12.4
-0.03957 -11.0
-0.03932 -9.5
-0.03908 -8.0
-0.03883 -6.4
-0.03859 -4.7
-0.03835 -3.0
-0.0381 -1.2
-0.03786 0.5
-0.03761 2.3
-0.03737 4.0
-0.03712 5.8
-0.03688 7.5
-0.03664 9.1
-0.03639 10.7
-0.03615 12.3
-0.0359 13.7
-0.03566 15.0
-0.03542 16.2
-0.03517 17.3
-0.03493 18.3
-0.03468 19.1
-0.03444 19.8
-0.03419 20.3
-0.03395 20.7
-0.03371 20.9
-0.03346 20.9
-0.03322 20.8
-0.03297 20.4
-0.03273 20.0
-0.03249 19.3
-0.03224 18.5
-0.032 17.5
-0.03175 16.3
-0.03151 15.0
-0.03127 13.6
-0.03102 12.0
-0.03078 10.3
-0.03053 8.6
-0.03029 6.7
-0.03004 4.7
-0.0298 2.7
-0.02956 0.7
-0.02931 -1.3
-0.02907 -3.4
-0.02882 -5.4
-0.02858 -7.4
-0.02834 -9.4
-0.02809 -11.3
-0.02785 -13.1
-0.0276 -14.7
-0.02736 -16.3
-0.02711 -17.7
-0.02687 -18.9
-0.02663 -20.0
-0.02638 -20.9
-0.02614 -21.6
-0.02589 -22.1
-0.02565 -22.3
-0.02541 -22.4
-0.02516 -22.2
-0.02492 -21.8
-0.02467 -21.1
-0.02443 -20.3
-0.02419 -19.2
-0.02394 -17.9
-0.0237 -16.4
-0.02345 -14.7
-0.02321 -12.9
-0.02296 -10.9
-0.02272 -8.7
-0.02248 -6.5
-0.02223 -4.1
-0.02199 -1.7
-0.02174 0.8
-0.0215 3.2
-0.02126 5.7
-0.02101 8.1
-0.02077 10.5
-0.02052 12.7
-0.02028 14.8
-0.02003 16.8
-0.01979 18.6
-0.01955 20.2
-0.0193 21.5
-0.01906 22.6
-0.01881 23.4
-0.01857 24.0
-0.01833 24.2
-0.01808 24.1
-0.01784 23.8
-0.01759 23.1
-0.01735 22.0
-0.01711 20.7
-0.01686 19.1
-0.01662 17.2
-0.01637 15.0
-0.01613 12.6
-0.01588 10.0
-0.01564 7.2
-0.0154 4.3
-0.01515 1.3
-0.01491 -1.8
-0.01466 -4.9
-0.01442 -8.0
-0.01418 -11.0
-0.01393 -13.8
-0.01369 -16.5
-0.01344 -19.0
-0.0132 -21.2
-0.01295 -23.1
-0.01271 -24.6
-0.01247 -25.7
-0.01222 -26.4
-0.01198 -26.7
-0.01173 -26.5
-0.01149 -25.8
-0.01125 -24.7
-0.011 -23.1
-0.01076 -21.0
-0.01051 -18.4
-0.01027 -15.5
-0.01003 -12.2
-0.00978 -8.6
-0.00954 -4.8
-0.00929 -0.8
-0.00905 3.4
-0.0088 7.5
-0.00856 11.5
-0.00832 15.4
-0.00807 19.0
-0.00783 22.3
-0.00758 25.1
-0.00734 27.3
-0.0071 29.0
-0.00685 29.9
-0.00661 30.1
-0.00636 29.5
-0.00612 28.0
-0.00587 25.8
-0.00563 22.7
-0.00539 18.9
-0.00514 14.4
-0.0049 9.4
-0.00465 3.9
-0.00441 -1.9
-0.00417 -7.9
-0.00392 -13.7
-0.00368 -19.2
-0.00343 -24.3
-0.00319 -28.5
-0.00294 -31.8
-0.0027 -33.8
-0.00246 -34.5
-0.00221 -33.7
-0.00197 -31.2
-0.00172 -27.1
-0.00148 -21.4
-0.00124 -14.4
-0.00099 -6.1
-0.00075 2.8
-0.0005 12.0
-0.00026 20.8
-2e-05 28.3
0.00023 33.8
0.00047 36.6
0.00072 36.1
0.00096 32.1
0.00121 24.9
0.00145 15.1
0.00169 3.8
0.00194 -7.8
0.00218 -18.1
0.00243 -25.7
0.00267 -29.7
0.00291 -29.6
0.00316 -25.5
0.0034 -18.2
0.00365 -8.9
0.00389 0.9
0.00414 9.7
0.00438 16.3
0.00462 19.7
0.00487 19.9
0.00511 16.9
0.00536 11.7
0.0056 5.2
0.00584 -1.4
0.00609 -7.0
0.00633 -10.8
0.00658 -12.3
0.00682 -11.7
0.00706 -9.2
0.00731 -5.5
0.00755 -1.3
0.0078 2.5
0.00804 5.5
0.00829 7.1
0.00853 7.4
0.00877 6.3
0.00902 4.3
0.00926 1.8
0.00951 -0.7
0.00975 -2.7
0.00999 -4.0
0.01024 -4.5
0.01048 -4.1
0.01073 -3.1
0.01097 -1.6
0.01122 0.0
0.01146 1.3
0.0117 2.2
0.01195 2.7
0.01219 2.6
0.01244 2.1
0.01268 1.3
0.01292 0.3
0.01317 -0.5
0.01341 -1.2
0.01366 -1.6
0.0139 -1.7
0.01414 -1.4
0.01439 -0.9
0.01463 -0.4
0.01488 0.2
0.01512 0.6
0.01537 0.9
0.01561 1.0
0.01585 0.9
0.0161 0.7
0.01634 0.3
0.01659 0.0
0.01683 -0.3
0.01707 -0.5
0.01732 -0.6
0.01756 -0.6
0.01781 -0.5
0.01805 -0.3
0.0183 0.0
0.01854 0.1
0.01878 0.3
0.01903 0.4
0.01927 0.4
0.01952 0.3
0.01976 0.2
0.02 0.0
0.02025 0.0
0.02049 -0.2
0.02074 -0.2
0.02098 -0.2
0.02122 -0.2
0.02147 -0.1
0.02171 0.0
0.02196 0.0
0.0222 0.0
0.02245 0.1
0.02269 0.1
0.02293 0.1
0.02318 0.1
0.02342 0.0
0.02367 0.0
0.02391 0.0
0.02415 0.0
0.0244 0.0
0.02464 0.0
0.02489 0.0
0.02513 0.0
0.02538 0.0
0.02562 0.0
0.02586 0.0
0.02611 0.0
0.02635 0.0
0.0266 0.0
0.02684 0.0
0.02708 0.0
0.02733 0.0
0.02757 0.0
0.02782 0.0
0.02806 0.0
0.02831 0.0
0.02855 0.0
0.02879 0.0
0.02904 0.0
0.02928 0.0
0.02953 0.0
0.02977 0.0
0.03001 0.0
0.03026 0.0
0.0305 0.0
0.03075 0.0
0.03099 0.0
0.03123 0.0
0.03148 0.0
0.03172 0.0
0.03197 0.0
0.03221 0.0
0.03246 0.0
0.0327 0.0
0.03294 0.0
0.03319 0.0
0.03343 0.0
0.03368 0.0
0.03392 0.0
0.03416 0.0
0.03441 0.0
0.03465 0.0
0.0349 0.0
0.03514 0.0
0.03539 0.0
0.03563 0.0
0.03587 0.0
0.03612 0.0
0.03636 0.0
0.03661 0.0
0.03685 0.0
0.03709 0.0
0.03734 0.0
0.03758 0.0
0.03783 0.0
0.03807 0.0
0.03831 0.0
0.03856 0.0
0.0388 0.0
0.03905 0.0
0.03929 0.0
0.03954 0.0
0.03978 0.0
0.04002 0.0
0.04027 0.0
0.04051 0.0
0.04076 0.0
0.041 0.0
0.04124 0.0
0.04149 0.0
0.04173 0.0
0.04198 0.0
0.04222 0.0
0.04247 0.0
0.04271 0.0
0.04295 0.0
0.0432 0.0
0.04344 0.0
0.04369 0.0
0.04393 0.0
0.04417 0.0
0.04442 0.0
0.04466 0.0
0.04491 0.0
0.04515 0.0
0.04539 0.0
0.04564 0.0
0.04588 0.0
0.04613 0.0
0.04637 0.0
0.04662 0.0
0.04686 0.0
0.0471 0.0
0.04735 0.0
0.04759 0.0
0.04784 0.0
0.04808 0.0
0.04832 0.0
0.04857 0.0
0.04881 0.0
0.04906 0.0
0.0493 0.0
0.04955 0.0
0.04979 0.0
0.05003 0.0
0.05028 0.0
0.05052 0.0
0.05077 0.0
0.05101 0.0
0.05125 0.0
0.0515 0.0
0.05174 0.0
0.05199 0.0
0.05223 0.0
0.05247 0.0
0.05272 0.0
0.05296 0.0
0.05321 0.0
0.05345 0.0
0.0537 0.0
0.05394 0.0
0.05418 0.0
0.05443 0.0
0.05467 0.0
0.05492 0.0
0.05516 0.0
0.0554 0.0
0.05565 0.0
0.05589 0.0
0.05614 0.0
0.05638 0.0
0.05663 0.0
0.05687 0.0
0.05711 0.0
0.05736 0.0
0.0576 0.0
0.05785 0.0
0.05809 0.0
0.05833 0.0
0.05858 0.0
0.05882 0.0
0.05907 0.0
0.05931 0.0
0.05956 0.0
0.0598 0.0
0.06004 0.0
0.06029 0.0
0.06053 0.0
0.06078 0.0
0.06102 0.0
0.06126 0.0
0.06151 0.0
0.06175 0.0
0.062 0.0
0.06224 0.0
0.06248 0.0
0.06273 0.0
0.06297 0.0
0.06322 0.0
0.06346 0.0
0.06371 0.0
0.06395 0.0
0.06419 0.0
0.06444 0.0
0.06468 0.0
0.06493 0.0
0.06517 0.0
0.06541 0.0
0.06566 0.0
0.0659 0.0
0.06615 0.0
0.06639 0.0
0.06664 0.0
0.06688 0.0
0.06712 0.0
0.06737 0.0
0.06761 0.0
0.06786 0.0
0.0681 0.0
0.06834 0.0
0.06859 0.0
0.06883 0.0
0.06908 0.0
0.06932 0.0
0.06956 0.0
0.06981 0.0
0.07005 0.0
0.0703 0.0
0.07054 0.0
0.07079 0.0
0.07103 0.0
0.07127 0.0
0.07152 0.0
0.07176 0.0
0.07201 0.0
0.07225 0.0
0.07249 0.0
0.07274 0.0
0.07298 0.0
0.07323 0.0
0.07347 0.0
0.07372 0.0
0.07396 0.0
0.0742 0.0
0.07445 0.0
0.07469 0.0
0.07494 0.0
0.07518 0.0
0.07542 0.0
0.07567 0.0
0.07591 0.0
0.07616 0.0
0.0764 0.0
0.07664 0.0
0.07689 0.0
0.07713 0.0
0.07738 0.0
0.07762 0.0
0.07787 0.0
0.07811 0.0
0.07835 0.0
0.0786 0.0
0.07884 0.0
0.07909 0.0
0.07933 0.0
0.07957 0.0
0.07982 0.0
0.08006 0.0
0.08031 0.0
0.08055 0.0
0.0808 0.0
0.08104 0.0
0.08128 0.0
0.08153 0.0
0.08177 0.0
0.08202 0.0
0.08226 0.0
0.0825 0.0
0.08275 0.0
0.08299 0.0
0.08324 0.0
0.08348 0.0
0.08372 0.0
0.08397 0.0
0.08421 0.0
0.08446 0.0
0.0847 0.0
0.08495 0.0
0.08519 0.0
0.08543 0.0
0.08568 0.0
0.08592 0.0
0.08617 0.0
0.08641 0.0
0.08665 0.0
0.0869 0.0
0.08714 0.0
0.08739 0.0
0.08763 0.0
0.08788 0.0
0.08812 0.0
0.08836 0.0
0.08861 0.0
0.08885 0.0
0.0891 0.0
0.08934 0.0
0.08958 0.0
0.08983 0.0
0.09007 0.0
0.09032 0.0
0.09056 0.0
0.09081 0.0
0.09105 0.0
0.09129 0.0
0.09154 0.0
0.09178 0.0
0.09203 0.0
0.09227 0.0
0.09251 0.0
0.09276 0.0
0.093 0.0
0.09325 0.0
0.09349 0.0
0.09373 0.0
0.09398 0.0
0.09422 0.0
0.09447 0.0
0.09471 0.0
0.09496 0.0
0.0952 0.0
0.09544 0.0
0.09569 0.0
0.09593 0.0
0.09618 0.0
0.09642 0.0
0.09666 0.0
0.09691 0.0
0.09715 0.0
0.0974 0.0
0.09764 0.0
0.09789 0.0
0.09813 0.0
0.09837 0.0
0.09862 0.0
0.09886 0.0
0.09911 0.0
0.09935 0.0
0.09959 0.0
0.09984 0.0
0.10008 0.0
0.10033 0.0
0.10057 0.0
0.10081 0.0
0.10106 0.0
0.1013 0.0
0.10155 0.0
0.10179 0.0
0.10204 0.0
0.10228 0.0
0.10252 0.0
0.10277 0.0
0.10301 0.0
0.10326 0.0
0.1035 0.0
0.10374 0.0
0.10399 0.0
0.10423 0.0
0.10448 0.0
0.10472 0.0
0.10497 0.0
0.10521 0.0
0.10545 0.0
0.1057 0.0
0.10594 0.0
0.10619 0.0
0.10643 0.0
0.10667 0.0
0.10692 0.0
0.10716 0.0
0.10741 0.0
0.10765 0.0
0.10789 0.0
0.10814 0.0
0.10838 0.0
0.10863 0.0
0.10887 0.0
0.10912 0.0
0.10936 0.0
0.1096 0.0
0.10985 0.0
0.11009 0.0
0.11034 0.0
0.11058 0.0
0.11082 0.0
0.11107 0.0
0.11131 0.0
0.11156 0.0
0.1118 0.0
0.11205 0.0
0.11229 0.0
0.11253 0.0
0.11278 0.0
0.11302 0.0
0.11327 0.0
0.11351 0.0
0.11375 0.0
0.114 0.0
0.11424 0.0
0.11449 0.0
0.11473 0.0
0.11497 0.0
0.11522 0.0
0.11546 0.0
0.11571 0.0
0.11595 0.0
0.1162 0.0
0.11644 0.0
0.11668 0.0
0.11693 0.0
0.11717 0.0
0.11742 0.0
0.11766 0.0
0.1179 0.0
0.11815 0.0
0.11839 0.0
0.11864 0.0
0.11888 0.0
0.11913 0.0
0.11937 0.0
0.11961 0.0
0.11986 0.0
0.1201 0.0
0.12035 0.0
0.12059 0.0
0.12083 0.0
0.12108 0.0
0.12132 0.0
0.12157 0.0
0.12181 0.0
0.12206 0.0
0.1223 0.0
0.12254 0.0
0.12279 0.0
0.12303 0.0
0.12328 0.0
0.12352 0.0
0.12376 0.0
0.12401 0.0
0.12425 0.0
0.1245 0.0
0.12474 0.0
0.12498 0.0
0.12523 0.0
0.12547 0.0
0.12572 0.0
0.12596 0.0
0.12621 0.0
0.12645 0.0
0.12669 0.0
0.12694 0.0
0.12718 0.0
0.12743 0.0
0.12767 0.0
0.12791 0.0
0.12816 0.0
0.1284 0.0
0.12865 0.0
0.12889 0.0
0.12914 0.0
0.12938 0.0
0.12962 0.0
0.12987 0.0
0.13011 0.0
0.13036 0.0
0.1306 0.0
0.13084 0.0
0.13109 0.0
0.13133 0.0
0.13158 0.0
0.13182 0.0
0.13206 0.0
0.13231 0.0
0.13255 0.0
0.1328 0.0
0.13304 0.0
0.13329 0.0
0.13353 0.0
0.13377 0.0
0.13402 0.0
0.13426 0.0
0.13451 0.0
0.13475 0.0
0.13499 0.0
0.13524 0.0
0.13548 0.0
0.13573 0.0
0.13597 0.0
0.13622 0.0
0.13646 0.0
0.1367 0.0
0.13695 0.0
0.13719 0.0
0.13744 0.0
0.13768 0.0
0.13792 0.0
0.13817 0.0
0.13841 0.0
0.13866 0.0
0.1389 0.0
0.13914 0.0
0.13939 0.0
0.13963 0.0
0.13988 0.0
0.14012 0.0
0.14037 0.0
0.14061 0.0
0.14085 0.0
0.1411 0.0
0.14134 0.0
0.14159 0.0
0.14183 0.0
0.14207 0.0
0.14232 0.0
0.14256 0.0
0.14281 0.0
0.14305 0.0
0.1433 0.0
0.14354 0.0
0.14378 0.0
0.14403 0.0
0.14427 0.0
0.14452 0.0
0.14476 0.0
0.145 0.0
0.14525 0.0
0.14549 0.0
0.14574 0.0
0.14598 0.0
