t strain*1e23
-0.8441 -6.6
-0.84385 -6.6
-0.84361 -6.5
-0.84336 -6.5
-0.84312 -6.4
-0.84288 -6.3
-0.84263 -6.2
-0.84239 -6.1
-0.84214 -5.9
-0.8419 -5.8
-0.84166 -5.7
-0.84141 -5.5
-0.84117 -5.4
-0.84092 -5.2
-0.84068 -5.0
-0.84044 -4.9
-0.84019 -4.7
-0.83995 -4.5
-0.8397 -4.3
-0.83946 -4.1
-0.83921 -3.9
-0.83897 -3.6
-0.83873 -3.4
-0.83848 -3.2
-0.83824 -3.0
-0.83799 -2.7
-0.83775 -2.5
-0.83751 -2.2
-0.83726 -2.0
-0.83702 -1.7
-0.83677 -1.5
-0.83653 -1.2
-0.83628 -1.0
-0.83604 -0.7
-0.8358 -0.4
-0.83555 -0.2
-0.83531 0.0
-0.83506 0.3
-0.83482 0.6
-0.83458 0.9
-0.83433 1.1
-0.83409 1.4
-0.83384 1.6
-0.8336 1.9
-0.83335 2.1
-0.83311 2.4
-0.83287 2.6
-0.83262 2.9
-0.83238 3.1
-0.83213 3.3
-0.83189 3.6
-0.83165 3.8
-0.8314 4.0
-0.83116 4.2
-0.83091 4.4
-0.83067 4.6
-0.83043 4.8
-0.83018 5.0
-0.82994 5.2
-0.82969 5.3
-0.82945 5.5
-0.8292 5.6
-0.82896 5.8
-0.82872 5.9
-0.82847 6.0
-0.82823 6.2
-0.82798 6.3
-0.82774 6.4
-0.8275 6.5
-0.82725 6.5
-0.82701 6.6
-0.82676 6.7
-0.82652 6.7
-0.82627 6.8
-0.82603 6.8
-0.82579 6.8
-0.82554 6.8
-0.8253 6.8
-0.82505 6.8
-0.82481 6.8
-0.82457 6.8
-0.82432 6.7
-0.82408 6.7
-0.82383 6.6
-0.82359 6.5
-0.82335 6.4
-0.8231 6.4
-0.82286 6.3
-0.82261 6.1
-0.82237 6.0
-0.82212 5.9
-0.82188 5.8
-0.82164 5.6
-0.82139 5.5
-0.82115 5.3
-0.8209 5.1
-0.82066 5.0
-0.82042 4.8
-0.82017 4.6
-0.81993 4.4
-0.81968 4.2
-0.81944 4.0
-0.81919 3.7
-0.81895 3.5
-0.81871 3.3
-0.81846 3.1
-0.81822 2.8
-0.81797 2.6
-0.81773 2.3
-0.81749 2.1
-0.81724 1.8
-0.817 1.6
-0.81675 1.3
-0.81651 1.0
-0.81627 0.8
-0.81602 0.5
-0.81578 0.3
-0.81553 0.0
-0.81529 -0.3
-0.81504 -0.5
-0.8148 -0.8
-0.81456 -1.1
-0.81431 -1.3
-0.81407 -1.6
-0.81382 -1.8
-0.81358 -2.1
-0.81334 -2.3
-0.81309 -2.6
-0.81285 -2.8
-0.8126 -3.1
-0.81236 -3.3
-0.81211 -3.5
-0.81187 -3.8
-0.81163 -4.0
-0.81138 -4.2
-0.81114 -4.4
-0.81089 -4.6
-0.81065 -4.8
-0.81041 -5.0
-0.81016 -5.2
-0.80992 -5.3
-0.80967 -5.5
-0.80943 -5.7
-0.80919 -5.8
-0.80894 -5.9
-0.8087 -6.1
-0.80845 -6.2
-0.80821 -6.3
-0.80796 -6.4
-0.80772 -6.5
-0.80748 -6.6
-0.80723 -6.6
-0.80699 -6.7
-0.80674 -6.8
-0.8065 -6.8
-0.80626 -6.8
-0.80601 -6.8
-0.80577 -6.9
-0.80552 -6.8
-0.80528 -6.8
-0.80503 -6.8
-0.80479 -6.8
-0.80455 -6.7
-0.8043 -6.7
-0.80406 -6.6
-0.80381 -6.6
-0.80357 -6.5
-0.80333 -6.4
-0.80308 -6.3
-0.80284 -6.2
-0.80259 -6.0
-0.80235 -5.9
-0.8021 -5.8
-0.80186 -5.6
-0.80162 -5.5
-0.80137 -5.3
-0.80113 -5.1
-0.80088 -4.9
-0.80064 -4.8
-0.8004 -4.6
-0.80015 -4.4
-0.79991 -4.1
-0.79966 -3.9
-0.79942 -3.7
-0.79918 -3.5
-0.79893 -3.2
-0.79869 -3.0
-0.79844 -2.8
-0.7982 -2.5
-0.79795 -2.3
-0.79771 -2.0
-0.79747 -1.7
-0.79722 -1.5
-0.79698 -1.2
-0.79673 -1.0
-0.79649 -0.7
-0.79625 -0.4
-0.796 -0.2
-0.79576 0.1
-0.79551 0.4
-0.79527 0.7
-0.79502 0.9
-0.79478 1.2
-0.79454 1.5
-0.79429 1.7
-0.79405 2.0
-0.7938 2.2
-0.79356 2.5
-0.79332 2.7
-0.79307 3.0
-0.79283 3.2
-0.79258 3.5
-0.79234 3.7
-0.7921 3.9
-0.79185 4.1
-0.79161 4.3
-0.79136 4.5
-0.79112 4.7
-0.79087 4.9
-0.79063 5.1
-0.79039 5.3
-0.79014 5.5
-0.7899 5.6
-0.78965 5.8
-0.78941 5.9
-0.78917 6.1
-0.78892 6.2
-0.78868 6.3
-0.78843 6.4
-0.78819 6.5
-0.78794 6.6
-0.7877 6.7
-0.78746 6.7
-0.78721 6.8
-0.78697 6.8
-0.78672 6.9
-0.78648 6.9
-0.78624 6.9
-0.78599 6.9
-0.78575 6.9
-0.7855 6.9
-0.78526 6.8
-0.78502 6.8
-0.78477 6.7
-0.78453 6.7
-0.78428 6.6
-0.78404 6.5
-0.78379 6.4
-0.78355 6.3
-0.78331 6.2
-0.78306 6.1
-0.78282 6.0
-0.78257 5.8
-0.78233 5.7
-0.78209 5.5
-0.78184 5.3
-0.7816 5.2
-0.78135 5.0
-0.78111 4.8
-0.78086 4.6
-0.78062 4.4
-0.78038 4.2
-0.78013 4.0
-0.77989 3.7
-0.77964 3.5
-0.7794 3.3
-0.77916 3.0
-0.77891 2.8
-0.77867 2.5
-0.77842 2.3
-0.77818 2.0
-0.77794 1.7
-0.77769 1.5
-0.77745 1.2
-0.7772 0.9
-0.77696 0.7
-0.77671 0.4
-0.77647 0.1
-0.77623 -0.1
-0.77598 -0.4
-0.77574 -0.7
-0.77549 -1.0
-0.77525 -1.2
-0.77501 -1.5
-0.77476 -1.8
-0.77452 -2.0
-0.77427 -2.3
-0.77403 -2.5
-0.77378 -2.8
-0.77354 -3.0
-0.7733 -3.3
-0.77305 -3.5
-0.77281 -3.8
-0.77256 -4.0
-0.77232 -4.2
-0.77208 -4.4
-0.77183 -4.6
-0.77159 -4.8
-0.77134 -5.0
-0.7711 -5.2
-0.77085 -5.4
-0.77061 -5.6
-0.77037 -5.7
-0.77012 -5.9
-0.76988 -6.0
-0.76963 -6.1
-0.76939 -6.3
-0.76915 -6.4
-0.7689 -6.5
-0.76866 -6.6
-0.76841 -6.6
-0.76817 -6.7
-0.76793 -6.8
-0.76768 -6.8
-0.76744 -6.9
-0.76719 -6.9
-0.76695 -6.9
-0.7667 -6.9
-0.76646 -6.9
-0.76622 -6.9
-0.76597 -6.9
-0.76573 -6.9
-0.76548 -6.8
-0.76524 -6.7
-0.765 -6.7
-0.76475 -6.6
-0.76451 -6.5
-0.76426 -6.4
-0.76402 -6.3
-0.76377 -6.2
-0.76353 -6.1
-0.76329 -5.9
-0.76304 -5.8
-0.7628 -5.6
-0.76255 -5.4
-0.76231 -5.3
-0.76207 -5.1
-0.76182 -4.9
-0.76158 -4.7
-0.76133 -4.5
-0.76109 -4.3
-0.76085 -4.1
-0.7606 -3.8
-0.76036 -3.6
-0.76011 -3.4
-0.75987 -3.1
-0.75962 -2.9
-0.75938 -2.6
-0.75914 -2.3
-0.75889 -2.1
-0.75865 -1.8
-0.7584 -1.6
-0.75816 -1.3
-0.75792 -1.0
-0.75767 -0.7
-0.75743 -0.5
-0.75718 -0.2
-0.75694 0.0
-0.75669 0.4
-0.75645 0.6
-0.75621 0.9
-0.75596 1.2
-0.75572 1.5
-0.75547 1.7
-0.75523 2.0
-0.75499 2.3
-0.75474 2.5
-0.7545 2.8
-0.75425 3.0
-0.75401 3.3
-0.75377 3.5
-0.75352 3.8
-0.75328 4.0
-0.75303 4.2
-0.75279 4.4
-0.75254 4.6
-0.7523 4.9
-0.75206 5.0
-0.75181 5.2
-0.75157 5.4
-0.75132 5.6
-0.75108 5.7
-0.75084 5.9
-0.75059 6.0
-0.75035 6.2
-0.7501 6.3
-0.74986 6.4
-0.74961 6.5
-0.74937 6.6
-0.74913 6.7
-0.74888 6.8
-0.74864 6.8
-0.74839 6.9
-0.74815 6.9
-0.74791 6.9
-0.74766 7.0
-0.74742 7.0
-0.74717 7.0
-0.74693 6.9
-0.74669 6.9
-0.74644 6.9
-0.7462 6.8
-0.74595 6.8
-0.74571 6.7
-0.74546 6.6
-0.74522 6.5
-0.74498 6.4
-0.74473 6.3
-0.74449 6.2
-0.74424 6.1
-0.744 5.9
-0.74376 5.8
-0.74351 5.6
-0.74327 5.4
-0.74302 5.2
-0.74278 5.1
-0.74253 4.9
-0.74229 4.7
-0.74205 4.4
-0.7418 4.2
-0.74156 4.0
-0.74131 3.8
-0.74107 3.5
-0.74083 3.3
-0.74058 3.0
-0.74034 2.8
-0.74009 2.5
-0.73985 2.2
-0.7396 2.0
-0.73936 1.7
-0.73912 1.4
-0.73887 1.2
-0.73863 0.9
-0.73838 0.6
-0.73814 0.3
-0.7379 0.0
-0.73765 -0.2
-0.73741 -0.5
-0.73716 -0.8
-0.73692 -1.1
-0.73668 -1.4
-0.73643 -1.6
-0.73619 -1.9
-0.73594 -2.2
-0.7357 -2.4
-0.73545 -2.7
-0.73521 -3.0
-0.73497 -3.2
-0.73472 -3.5
-0.73448 -3.7
-0.73423 -3.9
-0.73399 -4.2
-0.73375 -4.4
-0.7335 -4.6
-0.73326 -4.8
-0.73301 -5.0
-0.73277 -5.2
-0.73252 -5.4
-0.73228 -5.6
-0.73204 -5.7
-0.73179 -5.9
-0.73155 -6.0
-0.7313 -6.2
-0.73106 -6.3
-0.73082 -6.4
-0.73057 -6.5
-0.73033 -6.6
-0.73008 -6.7
-0.72984 -6.8
-0.7296 -6.9
-0.72935 -6.9
-0.72911 -7.0
-0.72886 -7.0
-0.72862 -7.0
-0.72837 -7.0
-0.72813 -7.0
-0.72789 -7.0
-0.72764 -7.0
-0.7274 -6.9
-0.72715 -6.9
-0.72691 -6.8
-0.72667 -6.7
-0.72642 -6.7
-0.72618 -6.6
-0.72593 -6.5
-0.72569 -6.4
-0.72544 -6.2
-0.7252 -6.1
-0.72496 -5.9
-0.72471 -5.8
-0.72447 -5.6
-0.72422 -5.5
-0.72398 -5.3
-0.72374 -5.1
-0.72349 -4.9
-0.72325 -4.7
-0.723 -4.5
-0.72276 -4.2
-0.72252 -4.0
-0.72227 -3.8
-0.72203 -3.5
-0.72178 -3.3
-0.72154 -3.0
-0.72129 -2.8
-0.72105 -2.5
-0.72081 -2.2
-0.72056 -2.0
-0.72032 -1.7
-0.72007 -1.4
-0.71983 -1.1
-0.71959 -0.8
-0.71934 -0.6
-0.7191 -0.3
-0.71885 0.0
-0.71861 0.3
-0.71836 0.6
-0.71812 0.9
-0.71788 1.2
-0.71763 1.4
-0.71739 1.7
-0.71714 2.0
-0.7169 2.3
-0.71666 2.5
-0.71641 2.8
-0.71617 3.1
-0.71592 3.3
-0.71568 3.6
-0.71544 3.8
-0.71519 4.0
-0.71495 4.3
-0.7147 4.5
-0.71446 4.7
-0.71421 4.9
-0.71397 5.1
-0.71373 5.3
-0.71348 5.5
-0.71324 5.7
-0.71299 5.8
-0.71275 6.0
-0.71251 6.1
-0.71226 6.3
-0.71202 6.4
-0.71177 6.5
-0.71153 6.6
-0.71128 6.7
-0.71104 6.8
-0.7108 6.9
-0.71055 6.9
-0.71031 7.0
-0.71006 7.0
-0.70982 7.0
-0.70958 7.0
-0.70933 7.1
-0.70909 7.0
-0.70884 7.0
-0.7086 7.0
-0.70835 6.9
-0.70811 6.9
-0.70787 6.8
-0.70762 6.7
-0.70738 6.6
-0.70713 6.5
-0.70689 6.4
-0.70665 6.3
-0.7064 6.2
-0.70616 6.0
-0.70591 5.9
-0.70567 5.7
-0.70543 5.5
-0.70518 5.4
-0.70494 5.2
-0.70469 5.0
-0.70445 4.8
-0.7042 4.5
-0.70396 4.3
-0.70372 4.1
-0.70347 3.8
-0.70323 3.6
-0.70298 3.3
-0.70274 3.1
-0.7025 2.8
-0.70225 2.6
-0.70201 2.3
-0.70176 2.0
-0.70152 1.7
-0.70127 1.4
-0.70103 1.2
-0.70079 0.9
-0.70054 0.6
-0.7003 0.3
-0.70005 0.0
-0.69981 -0.3
-0.69957 -0.6
-0.69932 -0.9
-0.69908 -1.1
-0.69883 -1.4
-0.69859 -1.7
-0.69835 -2.0
-0.6981 -2.3
-0.69786 -2.5
-0.69761 -2.8
-0.69737 -3.1
-0.69712 -3.3
-0.69688 -3.6
-0.69664 -3.8
-0.69639 -4.1
-0.69615 -4.3
-0.6959 -4.5
-0.69566 -4.8
-0.69542 -5.0
-0.69517 -5.2
-0.69493 -5.4
-0.69468 -5.6
-0.69444 -5.7
-0.69419 -5.9
-0.69395 -6.1
-0.69371 -6.2
-0.69346 -6.3
-0.69322 -6.5
-0.69297 -6.6
-0.69273 -6.7
-0.69249 -6.8
-0.69224 -6.9
-0.692 -6.9
-0.69175 -7.0
-0.69151 -7.0
-0.69127 -7.1
-0.69102 -7.1
-0.69078 -7.1
-0.69053 -7.1
-0.69029 -7.1
-0.69004 -7.1
-0.6898 -7.0
-0.68956 -7.0
-0.68931 -6.9
-0.68907 -6.8
-0.68882 -6.7
-0.68858 -6.7
-0.68834 -6.5
-0.68809 -6.4
-0.68785 -6.3
-0.6876 -6.2
-0.68736 -6.0
-0.68711 -5.8
-0.68687 -5.7
-0.68663 -5.5
-0.68638 -5.3
-0.68614 -5.1
-0.68589 -4.9
-0.68565 -4.7
-0.68541 -4.5
-0.68516 -4.2
-0.68492 -4.0
-0.68467 -3.7
-0.68443 -3.5
-0.68419 -3.2
-0.68394 -3.0
-0.6837 -2.7
-0.68345 -2.4
-0.68321 -2.1
-0.68296 -1.9
-0.68272 -1.6
-0.68248 -1.3
-0.68223 -1.0
-0.68199 -0.7
-0.68174 -0.4
-0.6815 -0.1
-0.68126 0.2
-0.68101 0.5
-0.68077 0.8
-0.68052 1.0
-0.68028 1.3
-0.68003 1.6
-0.67979 1.9
-0.67955 2.2
-0.6793 2.5
-0.67906 2.7
-0.67881 3.0
-0.67857 3.3
-0.67833 3.5
-0.67808 3.8
-0.67784 4.0
-0.67759 4.3
-0.67735 4.5
-0.6771 4.7
-0.67686 5.0
-0.67662 5.2
-0.67637 5.4
-0.67613 5.6
-0.67588 5.7
-0.67564 5.9
-0.6754 6.1
-0.67515 6.2
-0.67491 6.4
-0.67466 6.5
-0.67442 6.6
-0.67418 6.7
-0.67393 6.8
-0.67369 6.9
-0.67344 7.0
-0.6732 7.0
-0.67295 7.1
-0.67271 7.1
-0.67247 7.1
-0.67222 7.1
-0.67198 7.1
-0.67173 7.1
-0.67149 7.1
-0.67125 7.1
-0.671 7.0
-0.67076 6.9
-0.67051 6.9
-0.67027 6.8
-0.67002 6.7
-0.66978 6.6
-0.66954 6.5
-0.66929 6.3
-0.66905 6.2
-0.6688 6.0
-0.66856 5.9
-0.66832 5.7
-0.66807 5.5
-0.66783 5.3
-0.66758 5.1
-0.66734 4.9
-0.6671 4.7
-0.66685 4.4
-0.66661 4.2
-0.66636 4.0
-0.66612 3.7
-0.66587 3.5
-0.66563 3.2
-0.66539 2.9
-0.66514 2.6
-0.6649 2.4
-0.66465 2.1
-0.66441 1.8
-0.66417 1.5
-0.66392 1.2
-0.66368 0.9
-0.66343 0.6
-0.66319 0.3
-0.66294 0.0
-0.6627 -0.3
-0.66246 -0.6
-0.66221 -0.9
-0.66197 -1.2
-0.66172 -1.5
-0.66148 -1.8
-0.66124 -2.0
-0.66099 -2.3
-0.66075 -2.6
-0.6605 -2.9
-0.66026 -3.2
-0.66002 -3.4
-0.65977 -3.7
-0.65953 -3.9
-0.65928 -4.2
-0.65904 -4.4
-0.65879 -4.7
-0.65855 -4.9
-0.65831 -5.1
-0.65806 -5.3
-0.65782 -5.5
-0.65757 -5.7
-0.65733 -5.9
-0.65709 -6.0
-0.65684 -6.2
-0.6566 -6.3
-0.65635 -6.5
-0.65611 -6.6
-0.65586 -6.7
-0.65562 -6.8
-0.65538 -6.9
-0.65513 -7.0
-0.65489 -7.0
-0.65464 -7.1
-0.6544 -7.1
-0.65416 -7.2
-0.65391 -7.2
-0.65367 -7.2
-0.65342 -7.2
-0.65318 -7.2
-0.65294 -7.1
-0.65269 -7.1
-0.65245 -7.0
-0.6522 -6.9
-0.65196 -6.8
-0.65171 -6.8
-0.65147 -6.6
-0.65123 -6.5
-0.65098 -6.4
-0.65074 -6.2
-0.65049 -6.1
-0.65025 -5.9
-0.65001 -5.8
-0.64976 -5.6
-0.64952 -5.4
-0.64927 -5.2
-0.64903 -4.9
-0.64878 -4.7
-0.64854 -4.5
-0.6483 -4.3
-0.64805 -4.0
-0.64781 -3.7
-0.64756 -3.5
-0.64732 -3.2
-0.64708 -2.9
-0.64683 -2.7
-0.64659 -2.4
-0.64634 -2.1
-0.6461 -1.8
-0.64585 -1.5
-0.64561 -1.2
-0.64537 -0.9
-0.64512 -0.6
-0.64488 -0.3
-0.64463 0.0
-0.64439 0.3
-0.64415 0.6
-0.6439 0.9
-0.64366 1.2
-0.64341 1.5
-0.64317 1.8
-0.64293 2.1
-0.64268 2.4
-0.64244 2.7
-0.64219 2.9
-0.64195 3.2
-0.6417 3.5
-0.64146 3.8
-0.64122 4.0
-0.64097 4.3
-0.64073 4.5
-0.64048 4.7
-0.64024 5.0
-0.64 5.2
-0.63975 5.4
-0.63951 5.6
-0.63926 5.8
-0.63902 6.0
-0.63877 6.1
-0.63853 6.3
-0.63829 6.4
-0.63804 6.6
-0.6378 6.7
-0.63755 6.8
-0.63731 6.9
-0.63707 7.0
-0.63682 7.1
-0.63658 7.1
-0.63633 7.2
-0.63609 7.2
-0.63585 7.2
-0.6356 7.2
-0.63536 7.2
-0.63511 7.2
-0.63487 7.2
-0.63462 7.1
-0.63438 7.1
-0.63414 7.0
-0.63389 6.9
-0.63365 6.8
-0.6334 6.7
-0.63316 6.6
-0.63292 6.5
-0.63267 6.4
-0.63243 6.2
-0.63218 6.0
-0.63194 5.9
-0.63169 5.7
-0.63145 5.5
-0.63121 5.3
-0.63096 5.1
-0.63072 4.8
-0.63047 4.6
-0.63023 4.4
-0.62999 4.1
-0.62974 3.9
-0.6295 3.6
-0.62925 3.3
-0.62901 3.0
-0.62877 2.8
-0.62852 2.5
-0.62828 2.2
-0.62803 1.9
-0.62779 1.6
-0.62754 1.3
-0.6273 1.0
-0.62706 0.7
-0.62681 0.4
-0.62657 0.0
-0.62632 -0.2
-0.62608 -0.6
-0.62584 -0.9
-0.62559 -1.2
-0.62535 -1.5
-0.6251 -1.8
-0.62486 -2.1
-0.62461 -2.4
-0.62437 -2.7
-0.62413 -2.9
-0.62388 -3.2
-0.62364 -3.5
-0.62339 -3.8
-0.62315 -4.0
-0.62291 -4.3
-0.62266 -4.5
-0.62242 -4.8
-0.62217 -5.0
-0.62193 -5.2
-0.62169 -5.4
-0.62144 -5.6
-0.6212 -5.8
-0.62095 -6.0
-0.62071 -6.2
-0.62046 -6.3
-0.62022 -6.5
-0.61998 -6.6
-0.61973 -6.7
-0.61949 -6.8
-0.61924 -6.9
-0.619 -7.0
-0.61876 -7.1
-0.61851 -7.2
-0.61827 -7.2
-0.61802 -7.2
-0.61778 -7.3
-0.61753 -7.3
-0.61729 -7.3
-0.61705 -7.3
-0.6168 -7.2
-0.61656 -7.2
-0.61631 -7.1
-0.61607 -7.0
-0.61583 -7.0
-0.61558 -6.9
-0.61534 -6.8
-0.61509 -6.6
-0.61485 -6.5
-0.6146 -6.4
-0.61436 -6.2
-0.61412 -6.0
-0.61387 -5.8
-0.61363 -5.7
-0.61338 -5.5
-0.61314 -5.2
-0.6129 -5.0
-0.61265 -4.8
-0.61241 -4.5
-0.61216 -4.3
-0.61192 -4.0
-0.61168 -3.8
-0.61143 -3.5
-0.61119 -3.2
-0.61094 -2.9
-0.6107 -2.7
-0.61045 -2.4
-0.61021 -2.1
-0.60997 -1.8
-0.60972 -1.5
-0.60948 -1.2
-0.60923 -0.8
-0.60899 -0.5
-0.60875 -0.2
-0.6085 0.0
-0.60826 0.4
-0.60801 0.7
-0.60777 1.0
-0.60752 1.3
-0.60728 1.7
-0.60704 2.0
-0.60679 2.3
-0.60655 2.6
-0.6063 2.8
-0.60606 3.1
-0.60582 3.4
-0.60557 3.7
-0.60533 4.0
-0.60508 4.2
-0.60484 4.5
-0.6046 4.7
-0.60435 5.0
-0.60411 5.2
-0.60386 5.4
-0.60362 5.6
-0.60337 5.8
-0.60313 6.0
-0.60289 6.2
-0.60264 6.3
-0.6024 6.5
-0.60215 6.6
-0.60191 6.8
-0.60167 6.9
-0.60142 7.0
-0.60118 7.1
-0.60093 7.1
-0.60069 7.2
-0.60044 7.3
-0.6002 7.3
-0.59996 7.3
-0.59971 7.3
-0.59947 7.3
-0.59922 7.3
-0.59898 7.3
-0.59874 7.2
-0.59849 7.2
-0.59825 7.1
-0.598 7.0
-0.59776 6.9
-0.59752 6.8
-0.59727 6.7
-0.59703 6.5
-0.59678 6.4
-0.59654 6.2
-0.59629 6.1
-0.59605 5.9
-0.59581 5.7
-0.59556 5.5
-0.59532 5.3
-0.59507 5.0
-0.59483 4.8
-0.59459 4.6
-0.59434 4.3
-0.5941 4.0
-0.59385 3.8
-0.59361 3.5
-0.59336 3.2
-0.59312 2.9
-0.59288 2.6
-0.59263 2.3
-0.59239 2.0
-0.59214 1.7
-0.5919 1.4
-0.59166 1.1
-0.59141 0.8
-0.59117 0.5
-0.59092 0.1
-0.59068 -0.2
-0.59044 -0.5
-0.59019 -0.8
-0.58995 -1.1
-0.5897 -1.5
-0.58946 -1.8
-0.58921 -2.1
-0.58897 -2.4
-0.58873 -2.7
-0.58848 -3.0
-0.58824 -3.3
-0.58799 -3.5
-0.58775 -3.8
-0.58751 -4.1
-0.58726 -4.4
-0.58702 -4.6
-0.58677 -4.9
-0.58653 -5.1
-0.58628 -5.3
-0.58604 -5.5
-0.5858 -5.7
-0.58555 -5.9
-0.58531 -6.1
-0.58506 -6.3
-0.58482 -6.5
-0.58458 -6.6
-0.58433 -6.7
-0.58409 -6.9
-0.58384 -7.0
-0.5836 -7.1
-0.58335 -7.2
-0.58311 -7.2
-0.58287 -7.3
-0.58262 -7.3
-0.58238 -7.4
-0.58213 -7.4
-0.58189 -7.4
-0.58165 -7.4
-0.5814 -7.3
-0.58116 -7.3
-0.58091 -7.2
-0.58067 -7.2
-0.58043 -7.1
-0.58018 -7.0
-0.57994 -6.9
-0.57969 -6.8
-0.57945 -6.6
-0.5792 -6.5
-0.57896 -6.3
-0.57872 -6.1
-0.57847 -6.0
-0.57823 -5.8
-0.57798 -5.5
-0.57774 -5.3
-0.5775 -5.1
-0.57725 -4.9
-0.57701 -4.6
-0.57676 -4.4
-0.57652 -4.1
-0.57627 -3.8
-0.57603 -3.5
-0.57579 -3.3
-0.57554 -3.0
-0.5753 -2.7
-0.57505 -2.4
-0.57481 -2.0
-0.57457 -1.7
-0.57432 -1.4
-0.57408 -1.1
-0.57383 -0.8
-0.57359 -0.5
-0.57335 -0.1
-0.5731 0.2
-0.57286 0.5
-0.57261 0.8
-0.57237 1.2
-0.57212 1.5
-0.57188 1.8
-0.57164 2.1
-0.57139 2.4
-0.57115 2.7
-0.5709 3.0
-0.57066 3.3
-0.57042 3.6
-0.57017 3.9
-0.56993 4.2
-0.56968 4.4
-0.56944 4.7
-0.56919 4.9
-0.56895 5.2
-0.56871 5.4
-0.56846 5.6
-0.56822 5.8
-0.56797 6.0
-0.56773 6.2
-0.56749 6.4
-0.56724 6.5
-0.567 6.7
-0.56675 6.8
-0.56651 7.0
-0.56627 7.1
-0.56602 7.2
-0.56578 7.2
-0.56553 7.3
-0.56529 7.4
-0.56504 7.4
-0.5648 7.4
-0.56456 7.4
-0.56431 7.4
-0.56407 7.4
-0.56382 7.4
-0.56358 7.3
-0.56334 7.3
-0.56309 7.2
-0.56285 7.1
-0.5626 7.0
-0.56236 6.9
-0.56211 6.7
-0.56187 6.6
-0.56163 6.4
-0.56138 6.3
-0.56114 6.1
-0.56089 5.9
-0.56065 5.7
-0.56041 5.5
-0.56016 5.2
-0.55992 5.0
-0.55967 4.7
-0.55943 4.5
-0.55919 4.2
-0.55894 3.9
-0.5587 3.7
-0.55845 3.4
-0.55821 3.1
-0.55796 2.8
-0.55772 2.5
-0.55748 2.2
-0.55723 1.8
-0.55699 1.5
-0.55674 1.2
-0.5565 0.9
-0.55626 0.5
-0.55601 0.2
-0.55577 -0.1
-0.55552 -0.5
-0.55528 -0.8
-0.55503 -1.1
-0.55479 -1.4
-0.55455 -1.8
-0.5543 -2.1
-0.55406 -2.4
-0.55381 -2.7
-0.55357 -3.0
-0.55333 -3.3
-0.55308 -3.6
-0.55284 -3.9
-0.55259 -4.2
-0.55235 -4.4
-0.5521 -4.7
-0.55186 -5.0
-0.55162 -5.2
-0.55137 -5.4
-0.55113 -5.7
-0.55088 -5.9
-0.55064 -6.1
-0.5504 -6.3
-0.55015 -6.4
-0.54991 -6.6
-0.54966 -6.7
-0.54942 -6.9
-0.54918 -7.0
-0.54893 -7.1
-0.54869 -7.2
-0.54844 -7.3
-0.5482 -7.4
-0.54795 -7.4
-0.54771 -7.4
-0.54747 -7.5
-0.54722 -7.5
-0.54698 -7.5
-0.54673 -7.4
-0.54649 -7.4
-0.54625 -7.4
-0.546 -7.3
-0.54576 -7.2
-0.54551 -7.1
-0.54527 -7.0
-0.54502 -6.9
-0.54478 -6.7
-0.54454 -6.6
-0.54429 -6.4
-0.54405 -6.3
-0.5438 -6.1
-0.54356 -5.9
-0.54332 -5.6
-0.54307 -5.4
-0.54283 -5.2
-0.54258 -4.9
-0.54234 -4.7
-0.5421 -4.4
-0.54185 -4.1
-0.54161 -3.9
-0.54136 -3.6
-0.54112 -3.3
-0.54087 -3.0
-0.54063 -2.7
-0.54039 -2.3
-0.54014 -2.0
-0.5399 -1.7
-0.53965 -1.4
-0.53941 -1.0
-0.53917 -0.7
-0.53892 -0.4
-0.53868 0.0
-0.53843 0.3
-0.53819 0.6
-0.53794 1.0
-0.5377 1.3
-0.53746 1.6
-0.53721 2.0
-0.53697 2.3
-0.53672 2.6
-0.53648 2.9
-0.53624 3.2
-0.53599 3.5
-0.53575 3.8
-0.5355 4.1
-0.53526 4.4
-0.53502 4.7
-0.53477 4.9
-0.53453 5.2
-0.53428 5.4
-0.53404 5.6
-0.53379 5.9
-0.53355 6.1
-0.53331 6.3
-0.53306 6.4
-0.53282 6.6
-0.53257 6.8
-0.53233 6.9
-0.53209 7.0
-0.53184 7.2
-0.5316 7.3
-0.53135 7.3
-0.53111 7.4
-0.53086 7.5
-0.53062 7.5
-0.53038 7.5
-0.53013 7.5
-0.52989 7.5
-0.52964 7.5
-0.5294 7.5
-0.52916 7.4
-0.52891 7.3
-0.52867 7.3
-0.52842 7.2
-0.52818 7.1
-0.52794 6.9
-0.52769 6.8
-0.52745 6.6
-0.5272 6.5
-0.52696 6.3
-0.52671 6.1
-0.52647 5.9
-0.52623 5.7
-0.52598 5.4
-0.52574 5.2
-0.52549 4.9
-0.52525 4.7
-0.52501 4.4
-0.52476 4.1
-0.52452 3.8
-0.52427 3.5
-0.52403 3.2
-0.52378 2.9
-0.52354 2.6
-0.5233 2.3
-0.52305 2.0
-0.52281 1.6
-0.52256 1.3
-0.52232 0.9
-0.52208 0.6
-0.52183 0.3
-0.52159 0.0
-0.52134 -0.4
-0.5211 -0.8
-0.52085 -1.1
-0.52061 -1.4
-0.52037 -1.8
-0.52012 -2.1
-0.51988 -2.4
-0.51963 -2.8
-0.51939 -3.1
-0.51915 -3.4
-0.5189 -3.7
-0.51866 -4.0
-0.51841 -4.3
-0.51817 -4.6
-0.51793 -4.8
-0.51768 -5.1
-0.51744 -5.3
-0.51719 -5.6
-0.51695 -5.8
-0.5167 -6.0
-0.51646 -6.2
-0.51622 -6.4
-0.51597 -6.6
-0.51573 -6.8
-0.51548 -6.9
-0.51524 -7.0
-0.515 -7.2
-0.51475 -7.3
-0.51451 -7.4
-0.51426 -7.4
-0.51402 -7.5
-0.51377 -7.5
-0.51353 -7.6
-0.51329 -7.6
-0.51304 -7.6
-0.5128 -7.6
-0.51255 -7.5
-0.51231 -7.5
-0.51207 -7.4
-0.51182 -7.3
-0.51158 -7.2
-0.51133 -7.1
-0.51109 -7.0
-0.51085 -6.9
-0.5106 -6.7
-0.51036 -6.5
-0.51011 -6.4
-0.50987 -6.2
-0.50962 -6.0
-0.50938 -5.7
-0.50914 -5.5
-0.50889 -5.3
-0.50865 -5.0
-0.5084 -4.7
-0.50816 -4.5
-0.50792 -4.2
-0.50767 -3.9
-0.50743 -3.6
-0.50718 -3.3
-0.50694 -3.0
-0.50669 -2.6
-0.50645 -2.3
-0.50621 -2.0
-0.50596 -1.6
-0.50572 -1.3
-0.50547 -0.9
-0.50523 -0.6
-0.50499 -0.2
-0.50474 0.1
-0.5045 0.5
-0.50425 0.8
-0.50401 1.1
-0.50377 1.5
-0.50352 1.8
-0.50328 2.2
-0.50303 2.5
-0.50279 2.8
-0.50254 3.2
-0.5023 3.5
-0.50206 3.8
-0.50181 4.1
-0.50157 4.4
-0.50132 4.7
-0.50108 4.9
-0.50084 5.2
-0.50059 5.4
-0.50035 5.7
-0.5001 5.9
-0.49986 6.1
-0.49961 6.3
-0.49937 6.5
-0.49913 6.7
-0.49888 6.9
-0.49864 7.0
-0.49839 7.1
-0.49815 7.3
-0.49791 7.4
-0.49766 7.4
-0.49742 7.5
-0.49717 7.6
-0.49693 7.6
-0.49669 7.6
-0.49644 7.6
-0.4962 7.6
-0.49595 7.6
-0.49571 7.6
-0.49546 7.5
-0.49522 7.4
-0.49498 7.3
-0.49473 7.2
-0.49449 7.1
-0.49424 7.0
-0.494 6.8
-0.49376 6.7
-0.49351 6.5
-0.49327 6.3
-0.49302 6.1
-0.49278 5.9
-0.49253 5.6
-0.49229 5.4
-0.49205 5.1
-0.4918 4.9
-0.49156 4.6
-0.49131 4.3
-0.49107 4.0
-0.49083 3.7
-0.49058 3.4
-0.49034 3.1
-0.49009 2.7
-0.48985 2.4
-0.4896 2.1
-0.48936 1.7
-0.48912 1.4
-0.48887 1.0
-0.48863 0.7
-0.48838 0.3
-0.48814 0.0
-0.4879 -0.4
-0.48765 -0.8
-0.48741 -1.1
-0.48716 -1.5
-0.48692 -1.8
-0.48668 -2.2
-0.48643 -2.5
-0.48619 -2.8
-0.48594 -3.2
-0.4857 -3.5
-0.48545 -3.8
-0.48521 -4.1
-0.48497 -4.4
-0.48472 -4.7
-0.48448 -5.0
-0.48423 -5.2
-0.48399 -5.5
-0.48375 -5.7
-0.4835 -6.0
-0.48326 -6.2
-0.48301 -6.4
-0.48277 -6.6
-0.48252 -6.8
-0.48228 -6.9
-0.48204 -7.1
-0.48179 -7.2
-0.48155 -7.3
-0.4813 -7.4
-0.48106 -7.5
-0.48082 -7.6
-0.48057 -7.6
-0.48033 -7.7
-0.48008 -7.7
-0.47984 -7.7
-0.4796 -7.7
-0.47935 -7.7
-0.47911 -7.6
-0.47886 -7.5
-0.47862 -7.5
-0.47837 -7.4
-0.47813 -7.3
-0.47789 -7.1
-0.47764 -7.0
-0.4774 -6.8
-0.47715 -6.6
-0.47691 -6.5
-0.47667 -6.3
-0.47642 -6.0
-0.47618 -5.8
-0.47593 -5.6
-0.47569 -5.3
-0.47544 -5.0
-0.4752 -4.8
-0.47496 -4.5
-0.47471 -4.2
-0.47447 -3.9
-0.47422 -3.6
-0.47398 -3.2
-0.47374 -2.9
-0.47349 -2.6
-0.47325 -2.2
-0.473 -1.9
-0.47276 -1.5
-0.47252 -1.2
-0.47227 -0.8
-0.47203 -0.4
-0.47178 0.0
-0.47154 0.3
-0.47129 0.7
-0.47105 1.0
-0.47081 1.4
-0.47056 1.7
-0.47032 2.1
-0.47007 2.4
-0.46983 2.8
-0.46959 3.1
-0.46934 3.4
-0.4691 3.8
-0.46885 4.1
-0.46861 4.4
-0.46836 4.7
-0.46812 5.0
-0.46788 5.2
-0.46763 5.5
-0.46739 5.8
-0.46714 6.0
-0.4669 6.2
-0.46666 6.4
-0.46641 6.6
-0.46617 6.8
-0.46592 7.0
-0.46568 7.1
-0.46544 7.3
-0.46519 7.4
-0.46495 7.5
-0.4647 7.6
-0.46446 7.6
-0.46421 7.7
-0.46397 7.7
-0.46373 7.8
-0.46348 7.8
-0.46324 7.7
-0.46299 7.7
-0.46275 7.7
-0.46251 7.6
-0.46226 7.5
-0.46202 7.4
-0.46177 7.3
-0.46153 7.2
-0.46128 7.0
-0.46104 6.8
-0.4608 6.7
-0.46055 6.5
-0.46031 6.3
-0.46006 6.0
-0.45982 5.8
-0.45958 5.5
-0.45933 5.3
-0.45909 5.0
-0.45884 4.7
-0.4586 4.4
-0.45835 4.1
-0.45811 3.8
-0.45787 3.5
-0.45762 3.1
-0.45738 2.8
-0.45713 2.5
-0.45689 2.1
-0.45665 1.7
-0.4564 1.4
-0.45616 1.0
-0.45591 0.6
-0.45567 0.3
-0.45543 0.0
-0.45518 -0.5
-0.45494 -0.8
-0.45469 -1.2
-0.45445 -1.6
-0.4542 -1.9
-0.45396 -2.3
-0.45372 -2.6
-0.45347 -3.0
-0.45323 -3.3
-0.45298 -3.7
-0.45274 -4.0
-0.4525 -4.3
-0.45225 -4.6
-0.45201 -4.9
-0.45176 -5.2
-0.45152 -5.5
-0.45127 -5.7
-0.45103 -6.0
-0.45079 -6.2
-0.45054 -6.4
-0.4503 -6.6
-0.45005 -6.8
-0.44981 -7.0
-0.44957 -7.1
-0.44932 -7.3
-0.44908 -7.4
-0.44883 -7.5
-0.44859 -7.6
-0.44835 -7.7
-0.4481 -7.8
-0.44786 -7.8
-0.44761 -7.8
-0.44737 -7.8
-0.44712 -7.8
-0.44688 -7.8
-0.44664 -7.7
-0.44639 -7.7
-0.44615 -7.6
-0.4459 -7.5
-0.44566 -7.4
-0.44542 -7.2
-0.44517 -7.1
-0.44493 -6.9
-0.44468 -6.7
-0.44444 -6.5
-0.44419 -6.3
-0.44395 -6.1
-0.44371 -5.8
-0.44346 -5.6
-0.44322 -5.3
-0.44297 -5.0
-0.44273 -4.7
-0.44249 -4.4
-0.44224 -4.1
-0.442 -3.8
-0.44175 -3.5
-0.44151 -3.1
-0.44127 -2.8
-0.44102 -2.4
-0.44078 -2.1
-0.44053 -1.7
-0.44029 -1.3
-0.44004 -0.9
-0.4398 -0.6
-0.43956 -0.2
-0.43931 0.2
-0.43907 0.6
-0.43882 0.9
-0.43858 1.3
-0.43834 1.7
-0.43809 2.1
-0.43785 2.4
-0.4376 2.8
-0.43736 3.1
-0.43711 3.5
-0.43687 3.8
-0.43663 4.1
-0.43638 4.5
-0.43614 4.8
-0.43589 5.1
-0.43565 5.3
-0.43541 5.6
-0.43516 5.9
-0.43492 6.1
-0.43467 6.4
-0.43443 6.6
-0.43419 6.8
-0.43394 7.0
-0.4337 7.1
-0.43345 7.3
-0.43321 7.4
-0.43296 7.5
-0.43272 7.6
-0.43248 7.7
-0.43223 7.8
-0.43199 7.8
-0.43174 7.9
-0.4315 7.9
-0.43126 7.9
-0.43101 7.9
-0.43077 7.8
-0.43052 7.7
-0.43028 7.7
-0.43003 7.6
-0.42979 7.5
-0.42955 7.3
-0.4293 7.2
-0.42906 7.0
-0.42881 6.8
-0.42857 6.6
-0.42833 6.4
-0.42808 6.2
-0.42784 5.9
-0.42759 5.7
-0.42735 5.4
-0.4271 5.1
-0.42686 4.8
-0.42662 4.5
-0.42637 4.2
-0.42613 3.8
-0.42588 3.5
-0.42564 3.2
-0.4254 2.8
-0.42515 2.4
-0.42491 2.1
-0.42466 1.7
-0.42442 1.3
-0.42418 0.9
-0.42393 0.6
-0.42369 0.2
-0.42344 -0.2
-0.4232 -0.6
-0.42295 -1.0
-0.42271 -1.4
-0.42247 -1.7
-0.42222 -2.1
-0.42198 -2.5
-0.42173 -2.9
-0.42149 -3.2
-0.42125 -3.6
-0.421 -3.9
-0.42076 -4.2
-0.42051 -4.6
-0.42027 -4.9
-0.42002 -5.2
-0.41978 -5.5
-0.41954 -5.7
-0.41929 -6.0
-0.41905 -6.2
-0.4188 -6.5
-0.41856 -6.7
-0.41832 -6.9
-0.41807 -7.1
-0.41783 -7.2
-0.41758 -7.4
-0.41734 -7.5
-0.4171 -7.6
-0.41685 -7.7
-0.41661 -7.8
-0.41636 -7.9
-0.41612 -7.9
-0.41587 -7.9
-0.41563 -8.0
-0.41539 -7.9
-0.41514 -7.9
-0.4149 -7.8
-0.41465 -7.8
-0.41441 -7.7
-0.41417 -7.6
-0.41392 -7.4
-0.41368 -7.3
-0.41343 -7.1
-0.41319 -7.0
-0.41294 -6.8
-0.4127 -6.5
-0.41246 -6.3
-0.41221 -6.1
-0.41197 -5.8
-0.41172 -5.5
-0.41148 -5.2
-0.41124 -4.9
-0.41099 -4.6
-0.41075 -4.3
-0.4105 -4.0
-0.41026 -3.6
-0.41002 -3.3
-0.40977 -2.9
-0.40953 -2.5
-0.40928 -2.2
-0.40904 -1.8
-0.40879 -1.4
-0.40855 -1.0
-0.40831 -0.6
-0.40806 -0.2
-0.40782 0.2
-0.40757 0.6
-0.40733 1.0
-0.40709 1.4
-0.40684 1.7
-0.4066 2.1
-0.40635 2.5
-0.40611 2.9
-0.40586 3.2
-0.40562 3.6
-0.40538 3.9
-0.40513 4.3
-0.40489 4.6
-0.40464 4.9
-0.4044 5.2
-0.40416 5.5
-0.40391 5.8
-0.40367 6.1
-0.40342 6.3
-0.40318 6.6
-0.40294 6.8
-0.40269 7.0
-0.40245 7.2
-0.4022 7.3
-0.40196 7.5
-0.40171 7.6
-0.40147 7.7
-0.40123 7.8
-0.40098 7.9
-0.40074 8.0
-0.40049 8.0
-0.40025 8.0
-0.40001 8.0
-0.39976 8.0
-0.39952 8.0
-0.39927 7.9
-0.39903 7.8
-0.39878 7.7
-0.39854 7.6
-0.3983 7.5
-0.39805 7.3
-0.39781 7.1
-0.39756 6.9
-0.39732 6.7
-0.39708 6.5
-0.39683 6.2
-0.39659 6.0
-0.39634 5.7
-0.3961 5.4
-0.39585 5.1
-0.39561 4.8
-0.39537 4.5
-0.39512 4.1
-0.39488 3.8
-0.39463 3.4
-0.39439 3.1
-0.39415 2.7
-0.3939 2.3
-0.39366 1.9
-0.39341 1.5
-0.39317 1.1
-0.39293 0.7
-0.39268 0.3
-0.39244 0.0
-0.39219 -0.5
-0.39195 -0.9
-0.3917 -1.3
-0.39146 -1.7
-0.39122 -2.1
-0.39097 -2.4
-0.39073 -2.8
-0.39048 -3.2
-0.39024 -3.6
-0.39 -3.9
-0.38975 -4.3
-0.38951 -4.6
-0.38926 -4.9
-0.38902 -5.3
-0.38877 -5.6
-0.38853 -5.8
-0.38829 -6.1
-0.38804 -6.4
-0.3878 -6.6
-0.38755 -6.8
-0.38731 -7.0
-0.38707 -7.2
-0.38682 -7.4
-0.38658 -7.6
-0.38633 -7.7
-0.38609 -7.8
-0.38585 -7.9
-0.3856 -8.0
-0.38536 -8.0
-0.38511 -8.1
-0.38487 -8.1
-0.38462 -8.1
-0.38438 -8.1
-0.38414 -8.0
-0.38389 -7.9
-0.38365 -7.9
-0.3834 -7.8
-0.38316 -7.6
-0.38292 -7.5
-0.38267 -7.3
-0.38243 -7.1
-0.38218 -6.9
-0.38194 -6.7
-0.38169 -6.5
-0.38145 -6.2
-0.38121 -5.9
-0.38096 -5.7
-0.38072 -5.4
-0.38047 -5.0
-0.38023 -4.7
-0.37999 -4.4
-0.37974 -4.0
-0.3795 -3.7
-0.37925 -3.3
-0.37901 -2.9
-0.37877 -2.5
-0.37852 -2.1
-0.37828 -1.7
-0.37803 -1.3
-0.37779 -0.9
-0.37754 -0.5
-0.3773 -0.1
-0.37706 0.3
-0.37681 0.7
-0.37657 1.1
-0.37632 1.5
-0.37608 1.9
-0.37584 2.3
-0.37559 2.7
-0.37535 3.1
-0.3751 3.5
-0.37486 3.9
-0.37461 4.2
-0.37437 4.6
-0.37413 4.9
-0.37388 5.2
-0.37364 5.5
-0.37339 5.8
-0.37315 6.1
-0.37291 6.4
-0.37266 6.6
-0.37242 6.9
-0.37217 7.1
-0.37193 7.3
-0.37169 7.5
-0.37144 7.6
-0.3712 7.8
-0.37095 7.9
-0.37071 8.0
-0.37046 8.1
-0.37022 8.1
-0.36998 8.1
-0.36973 8.2
-0.36949 8.2
-0.36924 8.1
-0.369 8.1
-0.36876 8.0
-0.36851 7.9
-0.36827 7.8
-0.36802 7.7
-0.36778 7.5
-0.36753 7.4
-0.36729 7.2
-0.36705 7.0
-0.3668 6.7
-0.36656 6.5
-0.36631 6.2
-0.36607 5.9
-0.36583 5.7
-0.36558 5.3
-0.36534 5.0
-0.36509 4.7
-0.36485 4.3
-0.3646 4.0
-0.36436 3.6
-0.36412 3.2
-0.36387 2.8
-0.36363 2.4
-0.36338 2.0
-0.36314 1.6
-0.3629 1.2
-0.36265 0.8
-0.36241 0.4
-0.36216 0.0
-0.36192 -0.5
-0.36168 -0.9
-0.36143 -1.3
-0.36119 -1.7
-0.36094 -2.1
-0.3607 -2.5
-0.36045 -2.9
-0.36021 -3.3
-0.35997 -3.7
-0.35972 -4.1
-0.35948 -4.5
-0.35923 -4.8
-0.35899 -5.1
-0.35875 -5.5
-0.3585 -5.8
-0.35826 -6.1
-0.35801 -6.3
-0.35777 -6.6
-0.35752 -6.9
-0.35728 -7.1
-0.35704 -7.3
-0.35679 -7.5
-0.35655 -7.6
-0.3563 -7.8
-0.35606 -7.9
-0.35582 -8.0
-0.35557 -8.1
-0.35533 -8.2
-0.35508 -8.2
-0.35484 -8.2
-0.3546 -8.2
-0.35435 -8.2
-0.35411 -8.2
-0.35386 -8.1
-0.35362 -8.0
-0.35337 -7.9
-0.35313 -7.8
-0.35289 -7.6
-0.35264 -7.4
-0.3524 -7.2
-0.35215 -7.0
-0.35191 -6.8
-0.35167 -6.5
-0.35142 -6.3
-0.35118 -6.0
-0.35093 -5.7
-0.35069 -5.4
-0.35044 -5.0
-0.3502 -4.7
-0.34996 -4.3
-0.34971 -4.0
-0.34947 -3.6
-0.34922 -3.2
-0.34898 -2.8
-0.34874 -2.4
-0.34849 -2.0
-0.34825 -1.5
-0.348 -1.1
-0.34776 -0.7
-0.34752 -0.3
-0.34727 0.2
-0.34703 0.6
-0.34678 1.0
-0.34654 1.5
-0.34629 1.9
-0.34605 2.3
-0.34581 2.7
-0.34556 3.1
-0.34532 3.5
-0.34507 3.9
-0.34483 4.3
-0.34459 4.6
-0.34434 5.0
-0.3441 5.3
-0.34385 5.7
-0.34361 6.0
-0.34336 6.3
-0.34312 6.5
-0.34288 6.8
-0.34263 7.0
-0.34239 7.3
-0.34214 7.5
-0.3419 7.6
-0.34166 7.8
-0.34141 7.9
-0.34117 8.1
-0.34092 8.2
-0.34068 8.2
-0.34044 8.3
-0.34019 8.3
-0.33995 8.3
-0.3397 8.3
-0.33946 8.3
-0.33921 8.2
-0.33897 8.1
-0.33873 8.0
-0.33848 7.9
-0.33824 7.7
-0.33799 7.5
-0.33775 7.3
-0.33751 7.1
-0.33726 6.9
-0.33702 6.6
-0.33677 6.4
-0.33653 6.1
-0.33628 5.8
-0.33604 5.4
-0.3358 5.1
-0.33555 4.7
-0.33531 4.4
-0.33506 4.0
-0.33482 3.6
-0.33458 3.2
-0.33433 2.8
-0.33409 2.4
-0.33384 2.0
-0.3336 1.5
-0.33335 1.1
-0.33311 0.6
-0.33287 0.2
-0.33262 -0.2
-0.33238 -0.7
-0.33213 -1.1
-0.33189 -1.6
-0.33165 -2.0
-0.3314 -2.4
-0.33116 -2.8
-0.33091 -3.2
-0.33067 -3.7
-0.33043 -4.0
-0.33018 -4.4
-0.32994 -4.8
-0.32969 -5.2
-0.32945 -5.5
-0.3292 -5.8
-0.32896 -6.1
-0.32872 -6.4
-0.32847 -6.7
-0.32823 -7.0
-0.32798 -7.2
-0.32774 -7.4
-0.3275 -7.6
-0.32725 -7.8
-0.32701 -8.0
-0.32676 -8.1
-0.32652 -8.2
-0.32627 -8.3
-0.32603 -8.3
-0.32579 -8.4
-0.32554 -8.4
-0.3253 -8.4
-0.32505 -8.4
-0.32481 -8.3
-0.32457 -8.2
-0.32432 -8.1
-0.32408 -8.0
-0.32383 -7.8
-0.32359 -7.7
-0.32335 -7.5
-0.3231 -7.3
-0.32286 -7.0
-0.32261 -6.8
-0.32237 -6.5
-0.32212 -6.2
-0.32188 -5.9
-0.32164 -5.6
-0.32139 -5.2
-0.32115 -4.9
-0.3209 -4.5
-0.32066 -4.1
-0.32042 -3.7
-0.32017 -3.3
-0.31993 -2.9
-0.31968 -2.4
-0.31944 -2.0
-0.31919 -1.6
-0.31895 -1.1
-0.31871 -0.7
-0.31846 -0.2
-0.31822 0.2
-0.31797 0.7
-0.31773 1.2
-0.31749 1.6
-0.31724 2.0
-0.317 2.5
-0.31675 2.9
-0.31651 3.3
-0.31627 3.7
-0.31602 4.2
-0.31578 4.5
-0.31553 4.9
-0.31529 5.3
-0.31504 5.6
-0.3148 6.0
-0.31456 6.3
-0.31431 6.6
-0.31407 6.9
-0.31382 7.1
-0.31358 7.4
-0.31334 7.6
-0.31309 7.8
-0.31285 7.9
-0.3126 8.1
-0.31236 8.2
-0.31211 8.3
-0.31187 8.4
-0.31163 8.5
-0.31138 8.5
-0.31114 8.5
-0.31089 8.5
-0.31065 8.4
-0.31041 8.3
-0.31016 8.3
-0.30992 8.1
-0.30967 8.0
-0.30943 7.8
-0.30919 7.6
-0.30894 7.4
-0.3087 7.2
-0.30845 6.9
-0.30821 6.7
-0.30796 6.4
-0.30772 6.0
-0.30748 5.7
-0.30723 5.4
-0.30699 5.0
-0.30674 4.6
-0.3065 4.2
-0.30626 3.8
-0.30601 3.4
-0.30577 3.0
-0.30552 2.5
-0.30528 2.1
-0.30503 1.6
-0.30479 1.2
-0.30455 0.7
-0.3043 0.2
-0.30406 -0.2
-0.30381 -0.7
-0.30357 -1.1
-0.30333 -1.6
-0.30308 -2.1
-0.30284 -2.5
-0.30259 -2.9
-0.30235 -3.4
-0.3021 -3.8
-0.30186 -4.2
-0.30162 -4.6
-0.30137 -5.0
-0.30113 -5.4
-0.30088 -5.7
-0.30064 -6.1
-0.3004 -6.4
-0.30015 -6.7
-0.29991 -7.0
-0.29966 -7.2
-0.29942 -7.5
-0.29918 -7.7
-0.29893 -7.9
-0.29869 -8.1
-0.29844 -8.2
-0.2982 -8.3
-0.29795 -8.4
-0.29771 -8.5
-0.29747 -8.6
-0.29722 -8.6
-0.29698 -8.6
-0.29673 -8.5
-0.29649 -8.5
-0.29625 -8.4
-0.296 -8.3
-0.29576 -8.2
-0.29551 -8.0
-0.29527 -7.8
-0.29502 -7.6
-0.29478 -7.4
-0.29454 -7.1
-0.29429 -6.9
-0.29405 -6.6
-0.2938 -6.2
-0.29356 -5.9
-0.29332 -5.6
-0.29307 -5.2
-0.29283 -4.8
-0.29258 -4.4
-0.29234 -4.0
-0.2921 -3.6
-0.29185 -3.1
-0.29161 -2.7
-0.29136 -2.2
-0.29112 -1.8
-0.29087 -1.3
-0.29063 -0.8
-0.29039 -0.3
-0.29014 0.1
-0.2899 0.6
-0.28965 1.1
-0.28941 1.6
-0.28917 2.0
-0.28892 2.5
-0.28868 2.9
-0.28843 3.4
-0.28819 3.8
-0.28794 4.3
-0.2877 4.7
-0.28746 5.1
-0.28721 5.4
-0.28697 5.8
-0.28672 6.2
-0.28648 6.5
-0.28624 6.8
-0.28599 7.1
-0.28575 7.3
-0.2855 7.6
-0.28526 7.8
-0.28502 8.0
-0.28477 8.2
-0.28453 8.3
-0.28428 8.4
-0.28404 8.5
-0.28379 8.6
-0.28355 8.6
-0.28331 8.7
-0.28306 8.7
-0.28282 8.6
-0.28257 8.5
-0.28233 8.5
-0.28209 8.3
-0.28184 8.2
-0.2816 8.0
-0.28135 7.8
-0.28111 7.6
-0.28086 7.3
-0.28062 7.1
-0.28038 6.8
-0.28013 6.5
-0.27989 6.1
-0.27964 5.8
-0.2794 5.4
-0.27916 5.0
-0.27891 4.6
-0.27867 4.2
-0.27842 3.8
-0.27818 3.3
-0.27794 2.9
-0.27769 2.4
-0.27745 1.9
-0.2772 1.5
-0.27696 1.0
-0.27671 0.5
-0.27647 0.0
-0.27623 -0.5
-0.27598 -1.0
-0.27574 -1.5
-0.27549 -2.0
-0.27525 -2.4
-0.27501 -2.9
-0.27476 -3.4
-0.27452 -3.8
-0.27427 -4.2
-0.27403 -4.7
-0.27378 -5.1
-0.27354 -5.5
-0.2733 -5.9
-0.27305 -6.2
-0.27281 -6.5
-0.27256 -6.9
-0.27232 -7.2
-0.27208 -7.4
-0.27183 -7.7
-0.27159 -7.9
-0.27134 -8.1
-0.2711 -8.3
-0.27085 -8.4
-0.27061 -8.6
-0.27037 -8.6
-0.27012 -8.7
-0.26988 -8.7
-0.26963 -8.8
-0.26939 -8.7
-0.26915 -8.7
-0.2689 -8.6
-0.26866 -8.5
-0.26841 -8.4
-0.26817 -8.2
-0.26793 -8.0
-0.26768 -7.8
-0.26744 -7.6
-0.26719 -7.3
-0.26695 -7.0
-0.2667 -6.7
-0.26646 -6.4
-0.26622 -6.1
-0.26597 -5.7
-0.26573 -5.3
-0.26548 -4.9
-0.26524 -4.5
-0.265 -4.0
-0.26475 -3.6
-0.26451 -3.1
-0.26426 -2.6
-0.26402 -2.2
-0.26377 -1.7
-0.26353 -1.2
-0.26329 -0.7
-0.26304 -0.2
-0.2628 0.3
-0.26255 0.8
-0.26231 1.3
-0.26207 1.8
-0.26182 2.3
-0.26158 2.8
-0.26133 3.3
-0.26109 3.8
-0.26085 4.2
-0.2606 4.7
-0.26036 5.1
-0.26011 5.5
-0.25987 5.9
-0.25962 6.2
-0.25938 6.6
-0.25914 6.9
-0.25889 7.2
-0.25865 7.5
-0.2584 7.8
-0.25816 8.0
-0.25792 8.2
-0.25767 8.4
-0.25743 8.5
-0.25718 8.7
-0.25694 8.8
-0.25669 8.8
-0.25645 8.9
-0.25621 8.9
-0.25596 8.8
-0.25572 8.8
-0.25547 8.7
-0.25523 8.6
-0.25499 8.4
-0.25474 8.3
-0.2545 8.1
-0.25425 7.9
-0.25401 7.6
-0.25377 7.3
-0.25352 7.0
-0.25328 6.7
-0.25303 6.4
-0.25279 6.0
-0.25254 5.6
-0.2523 5.2
-0.25206 4.8
-0.25181 4.3
-0.25157 3.9
-0.25132 3.4
-0.25108 2.9
-0.25084 2.4
-0.25059 1.9
-0.25035 1.4
-0.2501 0.9
-0.24986 0.4
-0.24961 -0.2
-0.24937 -0.7
-0.24913 -1.2
-0.24888 -1.7
-0.24864 -2.2
-0.24839 -2.7
-0.24815 -3.2
-0.24791 -3.7
-0.24766 -4.2
-0.24742 -4.6
-0.24717 -5.0
-0.24693 -5.5
-0.24669 -5.9
-0.24644 -6.3
-0.2462 -6.6
-0.24595 -7.0
-0.24571 -7.3
-0.24546 -7.6
-0.24522 -7.8
-0.24498 -8.1
-0.24473 -8.3
-0.24449 -8.5
-0.24424 -8.6
-0.244 -8.8
-0.24376 -8.9
-0.24351 -8.9
-0.24327 -9.0
-0.24302 -9.0
-0.24278 -8.9
-0.24253 -8.9
-0.24229 -8.8
-0.24205 -8.7
-0.2418 -8.5
-0.24156 -8.3
-0.24131 -8.1
-0.24107 -7.9
-0.24083 -7.6
-0.24058 -7.3
-0.24034 -7.0
-0.24009 -6.7
-0.23985 -6.3
-0.2396 -5.9
-0.23936 -5.5
-0.23912 -5.1
-0.23887 -4.6
-0.23863 -4.2
-0.23838 -3.7
-0.23814 -3.2
-0.2379 -2.7
-0.23765 -2.2
-0.23741 -1.7
-0.23716 -1.1
-0.23692 -0.6
-0.23668 0.0
-0.23643 0.5
-0.23619 1.0
-0.23594 1.5
-0.2357 2.1
-0.23545 2.6
-0.23521 3.1
-0.23497 3.6
-0.23472 4.1
-0.23448 4.5
-0.23423 5.0
-0.23399 5.4
-0.23375 5.9
-0.2335 6.3
-0.23326 6.6
-0.23301 7.0
-0.23277 7.3
-0.23252 7.6
-0.23228 7.9
-0.23204 8.2
-0.23179 8.4
-0.23155 8.6
-0.2313 8.7
-0.23106 8.9
-0.23082 9.0
-0.23057 9.0
-0.23033 9.1
-0.23008 9.1
-0.22984 9.0
-0.2296 9.0
-0.22935 8.9
-0.22911 8.8
-0.22886 8.6
-0.22862 8.4
-0.22837 8.2
-0.22813 7.9
-0.22789 7.6
-0.22764 7.3
-0.2274 7.0
-0.22715 6.6
-0.22691 6.3
-0.22667 5.9
-0.22642 5.4
-0.22618 5.0
-0.22593 4.5
-0.22569 4.0
-0.22544 3.5
-0.2252 3.0
-0.22496 2.5
-0.22471 2.0
-0.22447 1.4
-0.22422 0.9
-0.22398 0.3
-0.22374 -0.2
-0.22349 -0.8
-0.22325 -1.3
-0.223 -1.9
-0.22276 -2.4
-0.22252 -2.9
-0.22227 -3.5
-0.22203 -4.0
-0.22178 -4.5
-0.22154 -4.9
-0.22129 -5.4
-0.22105 -5.8
-0.22081 -6.3
-0.22056 -6.7
-0.22032 -7.0
-0.22007 -7.4
-0.21983 -7.7
-0.21959 -8.0
-0.21934 -8.2
-0.2191 -8.5
-0.21885 -8.7
-0.21861 -8.8
-0.21836 -9.0
-0.21812 -9.1
-0.21788 -9.2
-0.21763 -9.2
-0.21739 -9.2
-0.21714 -9.1
-0.2169 -9.1
-0.21666 -9.0
-0.21641 -8.8
-0.21617 -8.7
-0.21592 -8.5
-0.21568 -8.2
-0.21544 -8.0
-0.21519 -7.7
-0.21495 -7.4
-0.2147 -7.0
-0.21446 -6.6
-0.21421 -6.2
-0.21397 -5.8
-0.21373 -5.3
-0.21348 -4.9
-0.21324 -4.4
-0.21299 -3.9
-0.21275 -3.4
-0.21251 -2.8
-0.21226 -2.3
-0.21202 -1.7
-0.21177 -1.2
-0.21153 -0.6
-0.21128 0.0
-0.21104 0.6
-0.2108 1.1
-0.21055 1.7
-0.21031 2.2
-0.21006 2.8
-0.20982 3.3
-0.20958 3.9
-0.20933 4.4
-0.20909 4.9
-0.20884 5.4
-0.2086 5.8
-0.20835 6.3
-0.20811 6.7
-0.20787 7.1
-0.20762 7.4
-0.20738 7.8
-0.20713 8.1
-0.20689 8.3
-0.20665 8.6
-0.2064 8.8
-0.20616 9.0
-0.20591 9.1
-0.20567 9.2
-0.20543 9.3
-0.20518 9.3
-0.20494 9.3
-0.20469 9.3
-0.20445 9.2
-0.2042 9.1
-0.20396 8.9
-0.20372 8.8
-0.20347 8.5
-0.20323 8.3
-0.20298 8.0
-0.20274 7.7
-0.2025 7.4
-0.20225 7.0
-0.20201 6.6
-0.20176 6.2
-0.20152 5.7
-0.20127 5.2
-0.20103 4.7
-0.20079 4.2
-0.20054 3.7
-0.2003 3.2
-0.20005 2.6
-0.19981 2.0
-0.19957 1.5
-0.19932 0.9
-0.19908 0.3
-0.19883 -0.3
-0.19859 -0.9
-0.19835 -1.5
-0.1981 -2.1
-0.19786 -2.6
-0.19761 -3.2
-0.19737 -3.7
-0.19712 -4.3
-0.19688 -4.8
-0.19664 -5.3
-0.19639 -5.8
-0.19615 -6.2
-0.1959 -6.7
-0.19566 -7.1
-0.19542 -7.5
-0.19517 -7.8
-0.19493 -8.1
-0.19468 -8.4
-0.19444 -8.7
-0.19419 -8.9
-0.19395 -9.1
-0.19371 -9.2
-0.19346 -9.3
-0.19322 -9.4
-0.19297 -9.4
-0.19273 -9.4
-0.19249 -9.4
-0.19224 -9.3
-0.192 -9.2
-0.19175 -9.0
-0.19151 -8.8
-0.19127 -8.6
-0.19102 -8.3
-0.19078 -8.1
-0.19053 -7.7
-0.19029 -7.4
-0.19004 -7.0
-0.1898 -6.5
-0.18956 -6.1
-0.18931 -5.6
-0.18907 -5.1
-0.18882 -4.6
-0.18858 -4.1
-0.18834 -3.5
-0.18809 -2.9
-0.18785 -2.4
-0.1876 -1.8
-0.18736 -1.2
-0.18711 -0.6
-0.18687 0.0
-0.18663 0.7
-0.18638 1.3
-0.18614 1.9
-0.18589 2.5
-0.18565 3.1
-0.18541 3.6
-0.18516 4.2
-0.18492 4.7
-0.18467 5.3
-0.18443 5.8
-0.18419 6.2
-0.18394 6.7
-0.1837 7.1
-0.18345 7.5
-0.18321 7.9
-0.18296 8.2
-0.18272 8.5
-0.18248 8.8
-0.18223 9.0
-0.18199 9.2
-0.18174 9.4
-0.1815 9.5
-0.18126 9.5
-0.18101 9.6
-0.18077 9.6
-0.18052 9.5
-0.18028 9.4
-0.18003 9.3
-0.17979 9.1
-0.17955 8.9
-0.1793 8.7
-0.17906 8.4
-0.17881 8.1
-0.17857 7.7
-0.17833 7.3
-0.17808 6.9
-0.17784 6.5
-0.17759 6.0
-0.17735 5.5
-0.1771 5.0
-0.17686 4.4
-0.17662 3.8
-0.17637 3.3
-0.17613 2.7
-0.17588 2.1
-0.17564 1.4
-0.1754 0.8
-0.17515 0.2
-0.17491 -0.5
-0.17466 -1.1
-0.17442 -1.7
-0.17418 -2.3
-0.17393 -3.0
-0.17369 -3.6
-0.17344 -4.1
-0.1732 -4.7
-0.17295 -5.3
-0.17271 -5.8
-0.17247 -6.3
-0.17222 -6.8
-0.17198 -7.2
-0.17173 -7.6
-0.17149 -8.0
-0.17125 -8.3
-0.171 -8.7
-0.17076 -8.9
-0.17051 -9.2
-0.17027 -9.4
-0.17002 -9.5
-0.16978 -9.6
-0.16954 -9.7
-0.16929 -9.7
-0.16905 -9.7
-0.1688 -9.6
-0.16856 -9.5
-0.16832 -9.4
-0.16807 -9.2
-0.16783 -9.0
-0.16758 -8.7
-0.16734 -8.4
-0.1671 -8.1
-0.16685 -7.7
-0.16661 -7.3
-0.16636 -6.8
-0.16612 -6.3
-0.16587 -5.8
-0.16563 -5.3
-0.16539 -4.7
-0.16514 -4.2
-0.1649 -3.6
-0.16465 -2.9
-0.16441 -2.3
-0.16417 -1.7
-0.16392 -1.0
-0.16368 -0.4
-0.16343 0.3
-0.16319 0.9
-0.16294 1.6
-0.1627 2.2
-0.16246 2.9
-0.16221 3.5
-0.16197 4.1
-0.16172 4.7
-0.16148 5.3
-0.16124 5.8
-0.16099 6.4
-0.16075 6.8
-0.1605 7.3
-0.16026 7.7
-0.16002 8.1
-0.15977 8.5
-0.15953 8.8
-0.15928 9.1
-0.15904 9.3
-0.15879 9.5
-0.15855 9.7
-0.15831 9.8
-0.15806 9.8
-0.15782 9.9
-0.15757 9.8
-0.15733 9.8
-0.15709 9.6
-0.15684 9.5
-0.1566 9.3
-0.15635 9.0
-0.15611 8.7
-0.15586 8.4
-0.15562 8.0
-0.15538 7.6
-0.15513 7.2
-0.15489 6.7
-0.15464 6.2
-0.1544 5.6
-0.15416 5.0
-0.15391 4.4
-0.15367 3.8
-0.15342 3.2
-0.15318 2.5
-0.15294 1.9
-0.15269 1.2
-0.15245 0.5
-0.1522 -0.2
-0.15196 -0.8
-0.15171 -1.5
-0.15147 -2.2
-0.15123 -2.9
-0.15098 -3.5
-0.15074 -4.2
-0.15049 -4.8
-0.15025 -5.4
-0.15001 -5.9
-0.14976 -6.5
-0.14952 -7.0
-0.14927 -7.5
-0.14903 -7.9
-0.14878 -8.3
-0.14854 -8.7
-0.1483 -9.0
-0.14805 -9.3
-0.14781 -9.5
-0.14756 -9.7
-0.14732 -9.9
-0.14708 -10.0
-0.14683 -10.0
-0.14659 -10.0
-0.14634 -10.0
-0.1461 -9.9
-0.14585 -9.7
-0.14561 -9.5
-0.14537 -9.3
-0.14512 -9.0
-0.14488 -8.7
-0.14463 -8.3
-0.14439 -7.9
-0.14415 -7.5
-0.1439 -7.0
-0.14366 -6.4
-0.14341 -5.9
-0.14317 -5.3
-0.14293 -4.7
-0.14268 -4.0
-0.14244 -3.4
-0.14219 -2.7
-0.14195 -2.0
-0.1417 -1.3
-0.14146 -0.6
-0.14122 0.1
-0.14097 0.8
-0.14073 1.5
-0.14048 2.2
-0.14024 2.9
-0.14 3.6
-0.13975 4.3
-0.13951 4.9
-0.13926 5.5
-0.13902 6.1
-0.13877 6.7
-0.13853 7.2
-0.13829 7.7
-0.13804 8.2
-0.1378 8.6
-0.13755 8.9
-0.13731 9.3
-0.13707 9.5
-0.13682 9.8
-0.13658 10.0
-0.13633 10.1
-0.13609 10.2
-0.13585 10.2
-0.1356 10.2
-0.13536 10.1
-0.13511 10.0
-0.13487 9.8
-0.13462 9.6
-0.13438 9.3
-0.13414 9.0
-0.13389 8.6
-0.13365 8.2
-0.1334 7.7
-0.13316 7.2
-0.13292 6.7
-0.13267 6.1
-0.13243 5.5
-0.13218 4.8
-0.13194 4.2
-0.13169 3.5
-0.13145 2.8
-0.13121 2.1
-0.13096 1.3
-0.13072 0.6
-0.13047 -0.2
-0.13023 -0.9
-0.12999 -1.6
-0.12974 -2.4
-0.1295 -3.1
-0.12925 -3.8
-0.12901 -4.5
-0.12877 -5.2
-0.12852 -5.8
-0.12828 -6.4
-0.12803 -7.0
-0.12779 -7.5
-0.12754 -8.0
-0.1273 -8.5
-0.12706 -8.9
-0.12681 -9.3
-0.12657 -9.6
-0.12632 -9.9
-0.12608 -10.1
-0.12584 -10.2
-0.12559 -10.3
-0.12535 -10.4
-0.1251 -10.4
-0.12486 -10.3
-0.12461 -10.2
-0.12437 -10.0
-0.12413 -9.8
-0.12388 -9.5
-0.12364 -9.2
-0.12339 -8.8
-0.12315 -8.4
-0.12291 -7.9
-0.12266 -7.4
-0.12242 -6.8
-0.12217 -6.2
-0.12193 -5.6
-0.12169 -4.9
-0.12144 -4.2
-0.1212 -3.5
-0.12095 -2.7
-0.12071 -2.0
-0.12046 -1.2
-0.12022 -0.4
-0.11998 0.4
-0.11973 1.1
-0.11949 1.9
-0.11924 2.7
-0.119 3.4
-0.11876 4.2
-0.11851 4.9
-0.11827 5.6
-0.11802 6.2
-0.11778 6.8
-0.11753 7.4
-0.11729 8.0
-0.11705 8.5
-0.1168 8.9
-0.11656 9.3
-0.11631 9.7
-0.11607 10.0
-0.11583 10.2
-0.11558 10.4
-0.11534 10.5
-0.11509 10.6
-0.11485 10.6
-0.1146 10.5
-0.11436 10.4
-0.11412 10.2
-0.11387 10.0
-0.11363 9.7
-0.11338 9.3
-0.11314 8.9
-0.1129 8.5
-0.11265 8.0
-0.11241 7.4
-0.11216 6.8
-0.11192 6.2
-0.11168 5.5
-0.11143 4.8
-0.11119 4.1
-0.11094 3.3
-0.1107 2.5
-0.11045 1.7
-0.11021 0.9
-0.10997 0.0
-0.10972 -0.7
-0.10948 -1.6
-0.10923 -2.4
-0.10899 -3.2
-0.10875 -4.0
-0.1085 -4.7
-0.10826 -5.4
-0.10801 -6.1
-0.10777 -6.8
-0.10752 -7.4
-0.10728 -8.0
-0.10704 -8.5
-0.10679 -9.0
-0.10655 -9.5
-0.1063 -9.8
-0.10606 -10.2
-0.10582 -10.4
-0.10557 -10.6
-0.10533 -10.7
-0.10508 -10.8
-0.10484 -10.8
-0.1046 -10.7
-0.10435 -10.6
-0.10411 -10.4
-0.10386 -10.1
-0.10362 -9.8
-0.10337 -9.4
-0.10313 -9.0
-0.10289 -8.5
-0.10264 -7.9
-0.1024 -7.3
-0.10215 -6.7
-0.10191 -6.0
-0.10167 -5.3
-0.10142 -4.5
-0.10118 -3.7
-0.10093 -2.9
-0.10069 -2.0
-0.10044 -1.2
-0.1002 -0.3
-0.09996 0.5
-0.09971 1.4
-0.09947 2.2
-0.09922 3.1
-0.09898 3.9
-0.09874 4.7
-0.09849 5.5
-0.09825 6.2
-0.098 6.9
-0.09776 7.6
-0.09752 8.2
-0.09727 8.8
-0.09703 9.3
-0.09678 9.7
-0.09654 10.1
-0.09629 10.4
-0.09605 10.7
-0.09581 10.9
-0.09556 11.0
-0.09532 11.0
-0.09507 11.0
-0.09483 10.9
-0.09459 10.7
-0.09434 10.5
-0.0941 10.2
-0.09385 9.8
-0.09361 9.4
-0.09336 8.9
-0.09312 8.3
-0.09288 7.7
-0.09263 7.0
-0.09239 6.3
-0.09214 5.6
-0.0919 4.8
-0.09166 3.9
-0.09141 3.1
-0.09117 2.2
-0.09092 1.3
-0.09068 0.4
-0.09044 -0.5
-0.09019 -1.5
-0.08995 -2.4
-0.0897 -3.3
-0.08946 -4.1
-0.08921 -5.0
-0.08897 -5.8
-0.08873 -6.6
-0.08848 -7.3
-0.08824 -8.0
-0.08799 -8.6
-0.08775 -9.2
-0.08751 -9.7
-0.08726 -10.1
-0.08702 -10.5
-0.08677 -10.8
-0.08653 -11.0
-0.08628 -11.2
-0.08604 -11.3
-0.0858 -11.3
-0.08555 -11.2
-0.08531 -11.1
-0.08506 -10.8
-0.08482 -10.5
-0.08458 -10.1
-0.08433 -9.7
-0.08409 -9.1
-0.08384 -8.5
-0.0836 -7.9
-0.08335 -7.2
-0.08311 -6.4
-0.08287 -5.6
-0.08262 -4.8
-0.08238 -3.9
-0.08213 -3.0
-0.08189 -2.0
-0.08165 -1.1
-0.0814 0.0
-0.08116 0.9
-0.08091 1.8
-0.08067 2.8
-0.08043 3.7
-0.08018 4.7
-0.07994 5.5
-0.07969 6.4
-0.07945 7.2
-0.0792 7.9
-0.07896 8.6
-0.07872 9.2
-0.07847 9.8
-0.07823 10.3
-0.07798 10.7
-0.07774 11.1
-0.0775 11.3
-0.07725 11.5
-0.07701 11.6
-0.07676 11.6
-0.07652 11.5
-0.07627 11.3
-0.07603 11.1
-0.07579 10.7
-0.07554 10.3
-0.0753 9.8
-0.07505 9.2
-0.07481 8.6
-0.07457 7.8
-0.07432 7.1
-0.07408 6.2
-0.07383 5.3
-0.07359 4.4
-0.07335 3.5
-0.0731 2.5
-0.07286 1.4
-0.07261 0.4
-0.07237 -0.6
-0.07212 -1.7
-0.07188 -2.7
-0.07164 -3.7
-0.07139 -4.7
-0.07115 -5.6
-0.0709 -6.5
-0.07066 -7.4
-0.07042 -8.2
-0.07017 -8.9
-0.06993 -9.6
-0.06968 -10.2
-0.06944 -10.7
-0.06919 -11.1
-0.06895 -11.4
-0.06871 -11.7
-0.06846 -11.8
-0.06822 -11.9
-0.06797 -11.9
-0.06773 -11.7
-0.06749 -11.5
-0.06724 -11.2
-0.067 -10.8
-0.06675 -10.2
-0.06651 -9.7
-0.06627 -9.0
-0.06602 -8.2
-0.06578 -7.4
-0.06553 -6.5
-0.06529 -5.6
-0.06504 -4.6
-0.0648 -3.6
-0.06456 -2.5
-0.06431 -1.4
-0.06407 -0.3
-0.06382 0.8
-0.06358 1.9
-0.06334 3.0
-0.06309 4.1
-0.06285 5.1
-0.0626 6.1
-0.06236 7.1
-0.06211 8.0
-0.06187 8.8
-0.06163 9.5
-0.06138 10.2
-0.06114 10.8
-0.06089 11.3
-0.06065 11.7
-0.06041 12.0
-0.06016 12.2
-0.05992 12.2
-0.05967 12.2
-0.05943 12.1
-0.05919 11.8
-0.05894 11.5
-0.0587 11.0
-0.05845 10.5
-0.05821 9.8
-0.05796 9.1
-0.05772 8.3
-0.05748 7.4
-0.05723 6.4
-0.05699 5.3
-0.05674 4.3
-0.0565 3.1
-0.05626 2.0
-0.05601 0.8
-0.05577 -0.4
-0.05552 -1.6
-0.05528 -2.8
-0.05503 -4.0
-0.05479 -5.1
-0.05455 -6.2
-0.0543 -7.2
-0.05406 -8.2
-0.05381 -9.1
-0.05357 -9.9
-0.05333 -10.6
-0.05308 -11.2
-0.05284 -11.8
-0.05259 -12.2
-0.05235 -12.4
-0.0521 -12.6
-0.05186 -12.7
-0.05162 -12.6
-0.05137 -12.4
-0.05113 -12.0
-0.05088 -11.6
-0.05064 -11.0
-0.0504 -10.4
-0.05015 -9.6
-0.04991 -8.7
-0.04966 -7.7
-0.04942 -6.7
-0.04918 -5.5
-0.04893 -4.4
-0.04869 -3.1
-0.04844 -1.9
-0.0482 -0.6
-0.04795 0.7
-0.04771 2.0
-0.04747 3.3
-0.04722 4.6
-0.04698 5.8
-0.04673 7.0
-0.04649 8.1
-0.04625 9.1
-0.046 10.0
-0.04576 10.8
-0.04551 11.5
-0.04527 12.1
-0.04502 12.6
-0.04478 12.9
-0.04454 13.1
-0.04429 13.1
-0.04405 13.0
-0.0438 12.8
-0.04356 12.4
-0.04332 11.9
-0.04307 11.2
-0.04283 10.4
-0.04258 9.5
-0.04234 8.5
-0.0421 7.4
-0.04185 6.2
-0.04161 4.9
-0.04136 3.6
-0.04112 2.2
-0.04087 0.8
-0.04063 -0.6
-0.04039 -2.1
-0.04014 -3.5
-0.0399 -4.9
-0.03965 -6.2
-0.03941 -7.5
-0.03917 -8.7
-0.03892 -9.7
-0.03868 -10.7
-0.03843 -11.6
-0.03819 -12.3
-0.03794 -12.9
-0.0377 -13.3
-0.03746 -13.6
-0.03721 -13.7
-0.03697 -13.6
-0.03672 -13.4
-0.03648 -13.0
-0.03624 -12.4
-0.03599 -11.7
-0.03575 -10.8
-0.0355 -9.8
-0.03526 -8.6
-0.03502 -7.4
-0.03477 -6.0
-0.03453 -4.5
-0.03428 -3.0
-0.03404 -1.5
-0.03379 0.1
-0.03355 1.7
-0.03331 3.3
-0.03306 4.9
-0.03282 6.4
-0.03257 7.8
-0.03233 9.1
-0.03209 10.3
-0.03184 11.4
-0.0316 12.3
-0.03135 13.1
-0.03111 13.7
-0.03086 14.1
-0.03062 14.3
-0.03038 14.3
-0.03013 14.1
-0.02989 13.7
-0.02964 13.1
-0.0294 12.3
-0.02916 11.3
-0.02891 10.2
-0.02867 8.9
-0.02842 7.4
-0.02818 5.9
-0.02794 4.2
-0.02769 2.5
-0.02745 0.7
-0.0272 -1.1
-0.02696 -2.9
-0.02671 -4.7
-0.02647 -6.4
-0.02623 -8.0
-0.02598 -9.6
-0.02574 -10.9
-0.02549 -12.2
-0.02525 -13.2
-0.02501 -14.0
-0.02476 -14.6
-0.02452 -15.0
-0.02427 -15.1
-0.02403 -15.0
-0.02378 -14.6
-0.02354 -14.0
-0.0233 -13.1
-0.02305 -12.0
-0.02281 -10.7
-0.02256 -9.2
-0.02232 -7.5
-0.02208 -5.7
-0.02183 -3.7
-0.02159 -1.7
-0.02134 0.4
-0.0211 2.5
-0.02085 4.6
-0.02061 6.6
-0.02037 8.5
-0.02012 10.3
-0.01988 11.8
-0.01963 13.2
-0.01939 14.4
-0.01915 15.2
-0.0189 15.8
-0.01866 16.1
-0.01841 16.0
-0.01817 15.7
-0.01793 15.0
-0.01768 13.9
-0.01744 12.6
-0.01719 11.0
-0.01695 9.2
-0.0167 7.1
-0.01646 4.8
-0.01622 2.5
-0.01597 0.0
-0.01573 -2.5
-0.01548 -5.0
-0.01524 -7.4
-0.015 -9.6
-0.01475 -11.7
-0.01451 -13.5
-0.01426 -15.0
-0.01402 -16.2
-0.01377 -17.0
-0.01353 -17.4
-0.01329 -17.3
-0.01304 -16.8
-0.0128 -15.8
-0.01255 -14.4
-0.01231 -12.6
-0.01207 -10.5
-0.01182 -8.0
-0.01158 -5.2
-0.01133 -2.3
-0.01109 0.8
-0.01085 3.9
-0.0106 7.0
-0.01036 9.9
-0.01011 12.5
-0.00987 14.8
-0.00962 16.7
-0.00938 18.1
-0.00914 18.9
-0.00889 19.1
-0.00865 18.6
-0.0084 17.5
-0.00816 15.7
-0.00792 13.3
-0.00767 10.3
-0.00743 6.9
-0.00718 3.1
-0.00694 -0.9
-0.00669 -5.0
-0.00645 -9.0
-0.00621 -12.7
-0.00596 -16.0
-0.00572 -18.6
-0.00547 -20.5
-0.00523 -21.4
-0.00499 -21.2
-0.00474 -20.0
-0.0045 -17.6
-0.00425 -14.2
-0.00401 -9.9
-0.00377 -4.8
-0.00352 0.8
-0.00328 6.6
-0.00303 12.2
-0.00279 17.2
-0.00254 21.2
-0.0023 23.7
-0.00206 24.5
-0.00181 23.2
-0.00157 19.8
-0.00132 14.3
-0.00108 7.1
-0.00084 -1.4
-0.00059 -10.1
-0.00035 -18.1
-0.0001 -24.1
0.00014 -26.6
0.00039 -24.8
0.00063 -18.6
0.00087 -8.8
0.00112 2.7
0.00136 13.3
0.00161 20.6
0.00185 22.6
0.00209 18.9
0.00234 10.8
0.00258 0.7
0.00283 -8.4
0.00307 -14.1
0.00331 -15.2
0.00356 -11.8
0.0038 -5.5
0.00405 1.4
0.00429 6.7
0.00454 9.2
0.00478 8.5
0.00502 5.3
0.00527 1.1
0.00551 -2.8
0.00576 -5.1
0.006 -5.4
0.00624 -3.9
0.00649 -1.5
0.00673 1.0
0.00698 2.7
0.00722 3.2
0.00747 2.7
0.00771 1.3
0.00795 -0.2
0.0082 -1.4
0.00844 -1.9
0.00869 -1.7
0.00893 -1.0
0.00917 -0.1
0.00942 0.7
0.00966 1.1
0.00991 1.1
0.01015 0.7
0.0104 0.2
0.01064 -0.3
0.01088 -0.6
0.01113 -0.7
0.01137 -0.5
0.01162 -0.2
0.01186 0.1
0.0121 0.3
0.01235 0.4
0.01259 0.3
0.01284 0.2
0.01308 0.0
0.01332 -0.2
0.01357 -0.2
0.01381 -0.2
0.01406 -0.1
0.0143 0.0
0.01455 0.0
0.01479 0.1
0.01503 0.1
0.01528 0.0
0.01552 0.0
0.01577 0.0
0.01601 0.0
0.01625 0.0
0.0165 0.0
0.01674 0.0
0.01699 0.0
0.01723 0.0
0.01748 0.0
0.01772 0.0
0.01796 0.0
0.01821 0.0
0.01845 0.0
0.0187 0.0
0.01894 0.0
0.01918 0.0
0.01943 0.0
0.01967 0.0
0.01992 0.0
0.02016 0.0
0.0204 0.0
0.02065 0.0
0.02089 0.0
0.02114 0.0
0.02138 0.0
0.02163 0.0
0.02187 0.0
0.02211 0.0
0.02236 0.0
0.0226 0.0
0.02285 0.0
0.02309 0.0
0.02333 0.0
0.02358 0.0
0.02382 0.0
0.02407 0.0
0.02431 0.0
0.02456 0.0
0.0248 0.0
0.02504 0.0
0.02529 0.0
0.02553 0.0
0.02578 0.0
0.02602 0.0
0.02626 0.0
0.02651 0.0
0.02675 0.0
0.027 0.0
0.02724 0.0
0.02748 0.0
0.02773 0.0
0.02797 0.0
0.02822 0.0
0.02846 0.0
0.02871 0.0
0.02895 0.0
0.02919 0.0
0.02944 0.0
0.02968 0.0
0.02993 0.0
0.03017 0.0
0.03041 0.0
0.03066 0.0
0.0309 0.0
0.03115 0.0
0.03139 0.0
0.03164 0.0
0.03188 0.0
0.03212 0.0
0.03237 0.0
0.03261 0.0
0.03286 0.0
0.0331 0.0
0.03334 0.0
0.03359 0.0
0.03383 0.0
0.03408 0.0
0.03432 0.0
0.03456 0.0
0.03481 0.0
0.03505 0.0
0.0353 0.0
0.03554 0.0
0.03579 0.0
0.03603 0.0
0.03627 0.0
0.03652 0.0
0.03676 0.0
0.03701 0.0
0.03725 0.0
0.03749 0.0
0.03774 0.0
0.03798 0.0
0.03823 0.0
0.03847 0.0
0.03872 0.0
0.03896 0.0
0.0392 0.0
0.03945 0.0
0.03969 0.0
0.03994 0.0
0.04018 0.0
0.04042 0.0
0.04067 0.0
0.04091 0.0
0.04116 0.0
0.0414 0.0
0.04165 0.0
0.04189 0.0
0.04213 0.0
0.04238 0.0
0.04262 0.0
0.04287 0.0
0.04311 0.0
0.04335 0.0
0.0436 0.0
0.04384 0.0
0.04409 0.0
0.04433 0.0
0.04457 0.0
0.04482 0.0
0.04506 0.0
0.04531 0.0
0.04555 0.0
0.0458 0.0
0.04604 0.0
0.04628 0.0
0.04653 0.0
0.04677 0.0
0.04702 0.0
0.04726 0.0
0.0475 0.0
0.04775 0.0
0.04799 0.0
0.04824 0.0
0.04848 0.0
0.04873 0.0
0.04897 0.0
0.04921 0.0
0.04946 0.0
0.0497 0.0
0.04995 0.0
0.05019 0.0
0.05043 0.0
0.05068 0.0
0.05092 0.0
0.05117 0.0
0.05141 0.0
0.05165 0.0
0.0519 0.0
0.05214 0.0
0.05239 0.0
0.05263 0.0
0.05288 0.0
0.05312 0.0
0.05336 0.0
0.05361 0.0
0.05385 0.0
0.0541 0.0
0.05434 0.0
0.05458 0.0
0.05483 0.0
0.05507 0.0
0.05532 0.0
0.05556 0.0
0.05581 0.0
0.05605 0.0
0.05629 0.0
0.05654 0.0
0.05678 0.0
0.05703 0.0
0.05727 0.0
0.05751 0.0
0.05776 0.0
0.058 0.0
0.05825 0.0
0.05849 0.0
0.05873 0.0
0.05898 0.0
0.05922 0.0
0.05947 0.0
0.05971 0.0
0.05996 0.0
0.0602 0.0
0.06044 0.0
0.06069 0.0
0.06093 0.0
0.06118 0.0
0.06142 0.0
0.06166 0.0
0.06191 0.0
0.06215 0.0
0.0624 0.0
0.06264 0.0
0.06289 0.0
0.06313 0.0
0.06337 0.0
0.06362 0.0
0.06386 0.0
0.06411 0.0
0.06435 0.0
0.06459 0.0
0.06484 0.0
0.06508 0.0
0.06533 0.0
0.06557 0.0
0.06581 0.0
0.06606 0.0
0.0663 0.0
0.06655 0.0
0.06679 0.0
0.06704 0.0
0.06728 0.0
0.06752 0.0
0.06777 0.0
0.06801 0.0
0.06826 0.0
0.0685 0.0
0.06874 0.0
0.06899 0.0
0.06923 0.0
0.06948 0.0
0.06972 0.0
0.06997 0.0
0.07021 0.0
0.07045 0.0
0.0707 0.0
0.07094 0.0
0.07119 0.0
0.07143 0.0
0.07167 0.0
0.07192 0.0
0.07216 0.0
0.07241 0.0
0.07265 0.0
0.0729 0.0
0.07314 0.0
0.07338 0.0
0.07363 0.0
0.07387 0.0
0.07412 0.0
0.07436 0.0
0.0746 0.0
0.07485 0.0
0.07509 0.0
0.07534 0.0
0.07558 0.0
0.07582 0.0
0.07607 0.0
0.07631 0.0
0.07656 0.0
0.0768 0.0
0.07705 0.0
0.07729 0.0
0.07753 0.0
0.07778 0.0
0.07802 0.0
0.07827 0.0
0.07851 0.0
0.07875 0.0
0.079 0.0
0.07924 0.0
0.07949 0.0
0.07973 0.0
0.07998 0.0
0.08022 0.0
0.08046 0.0
0.08071 0.0
0.08095 0.0
0.0812 0.0
0.08144 0.0
0.08168 0.0
0.08193 0.0
0.08217 0.0
0.08242 0.0
0.08266 0.0
0.0829 0.0
0.08315 0.0
0.08339 0.0
0.08364 0.0
0.08388 0.0
0.08413 0.0
0.08437 0.0
0.08461 0.0
0.08486 0.0
0.0851 0.0
0.08535 0.0
0.08559 0.0
0.08583 0.0
0.08608 0.0
0.08632 0.0
0.08657 0.0
0.08681 0.0
0.08706 0.0
0.0873 0.0
0.08754 0.0
0.08779 0.0
0.08803 0.0
0.08828 0.0
0.08852 0.0
0.08876 0.0
0.08901 0.0
0.08925 0.0
0.0895 0.0
0.08974 0.0
0.08998 0.0
0.09023 0.0
0.09047 0.0
0.09072 0.0
0.09096 0.0
0.09121 0.0
0.09145 0.0
0.09169 0.0
0.09194 0.0
0.09218 0.0
0.09243 0.0
0.09267 0.0
0.09291 0.0
0.09316 0.0
0.0934 0.0
0.09365 0.0
0.09389 0.0
0.09414 0.0
0.09438 0.0
0.09462 0.0
0.09487 0.0
0.09511 0.0
0.09536 0.0
0.0956 0.0
0.09584 0.0
0.09609 0.0
0.09633 0.0
0.09658 0.0
0.09682 0.0
0.09706 0.0
0.09731 0.0
0.09755 0.0
0.0978 0.0
0.09804 0.0
0.09829 0.0
0.09853 0.0
0.09877 0.0
0.09902 0.0
0.09926 0.0
0.09951 0.0
0.09975 0.0
0.09999 0.0
0.10024 0.0
0.10048 0.0
0.10073 0.0
0.10097 0.0
0.10122 0.0
