t strain*1e23
-0.41715 -8.2
-0.4169 -8.2
-0.41666 -8.1
-0.41642 -7.9
-0.41617 -7.8
-0.41593 -7.7
-0.41568 -7.5
-0.41544 -7.4
-0.4152 -7.2
-0.41495 -7.0
-0.41471 -6.9
-0.41446 -6.7
-0.41422 -6.4
-0.41397 -6.2
-0.41373 -6.0
-0.41349 -5.8
-0.41324 -5.5
-0.413 -5.3
-0.41275 -5.0
-0.41251 -4.7
-0.41227 -4.5
-0.41202 -4.2
-0.41178 -3.9
-0.41153 -3.6
-0.41129 -3.3
-0.41105 -3.0
-0.4108 -2.7
-0.41056 -2.4
-0.41031 -2.1
-0.41007 -1.7
-0.40982 -1.4
-0.40958 -1.1
-0.40934 -0.8
-0.40909 -0.4
-0.40885 0.0
-0.4086 0.2
-0.40836 0.6
-0.40812 0.9
-0.40787 1.2
-0.40763 1.6
-0.40738 1.9
-0.40714 2.2
-0.40689 2.5
-0.40665 2.8
-0.40641 3.1
-0.40616 3.4
-0.40592 3.7
-0.40567 4.0
-0.40543 4.3
-0.40519 4.6
-0.40494 4.9
-0.4047 5.2
-0.40445 5.4
-0.40421 5.7
-0.40396 5.9
-0.40372 6.2
-0.40348 6.4
-0.40323 6.6
-0.40299 6.8
-0.40274 7.0
-0.4025 7.2
-0.40226 7.4
-0.40201 7.5
-0.40177 7.7
-0.40152 7.8
-0.40128 8.0
-0.40104 8.1
-0.40079 8.2
-0.40055 8.3
-0.4003 8.4
-0.40006 8.4
-0.39981 8.5
-0.39957 8.5
-0.39933 8.6
-0.39908 8.6
-0.39884 8.6
-0.39859 8.6
-0.39835 8.6
-0.39811 8.5
-0.39786 8.5
-0.39762 8.4
-0.39737 8.3
-0.39713 8.3
-0.39688 8.2
-0.39664 8.0
-0.3964 7.9
-0.39615 7.8
-0.39591 7.6
-0.39566 7.5
-0.39542 7.3
-0.39518 7.1
-0.39493 6.9
-0.39469 6.7
-0.39444 6.5
-0.3942 6.3
-0.39396 6.1
-0.39371 5.8
-0.39347 5.6
-0.39322 5.3
-0.39298 5.0
-0.39273 4.8
-0.39249 4.5
-0.39225 4.2
-0.392 3.9
-0.39176 3.6
-0.39151 3.3
-0.39127 3.0
-0.39103 2.6
-0.39078 2.3
-0.39054 2.0
-0.39029 1.7
-0.39005 1.3
-0.3898 1.0
-0.38956 0.7
-0.38932 0.3
-0.38907 0.0
-0.38883 -0.4
-0.38858 -0.7
-0.38834 -1.0
-0.3881 -1.4
-0.38785 -1.7
-0.38761 -2.0
-0.38736 -2.4
-0.38712 -2.7
-0.38688 -3.0
-0.38663 -3.3
-0.38639 -3.6
-0.38614 -4.0
-0.3859 -4.3
-0.38565 -4.5
-0.38541 -4.8
-0.38517 -5.1
-0.38492 -5.4
-0.38468 -5.7
-0.38443 -5.9
-0.38419 -6.2
-0.38395 -6.4
-0.3837 -6.6
-0.38346 -6.8
-0.38321 -7.0
-0.38297 -7.2
-0.38272 -7.4
-0.38248 -7.6
-0.38224 -7.7
-0.38199 -7.9
-0.38175 -8.0
-0.3815 -8.2
-0.38126 -8.3
-0.38102 -8.4
-0.38077 -8.5
-0.38053 -8.5
-0.38028 -8.6
-0.38004 -8.6
-0.3798 -8.7
-0.37955 -8.7
-0.37931 -8.7
-0.37906 -8.7
-0.37882 -8.6
-0.37857 -8.6
-0.37833 -8.6
-0.37809 -8.5
-0.37784 -8.4
-0.3776 -8.3
-0.37735 -8.2
-0.37711 -8.1
-0.37687 -8.0
-0.37662 -7.8
-0.37638 -7.7
-0.37613 -7.5
-0.37589 -7.3
-0.37564 -7.2
-0.3754 -7.0
-0.37516 -6.7
-0.37491 -6.5
-0.37467 -6.3
-0.37442 -6.0
-0.37418 -5.8
-0.37394 -5.5
-0.37369 -5.3
-0.37345 -5.0
-0.3732 -4.7
-0.37296 -4.4
-0.37271 -4.1
-0.37247 -3.8
-0.37223 -3.5
-0.37198 -3.1
-0.37174 -2.8
-0.37149 -2.5
-0.37125 -2.1
-0.37101 -1.8
-0.37076 -1.5
-0.37052 -1.1
-0.37027 -0.8
-0.37003 -0.4
-0.36979 0.0
-0.36954 0.3
-0.3693 0.6
-0.36905 1.0
-0.36881 1.3
-0.36856 1.7
-0.36832 2.0
-0.36808 2.3
-0.36783 2.7
-0.36759 3.0
-0.36734 3.3
-0.3671 3.6
-0.36686 4.0
-0.36661 4.3
-0.36637 4.6
-0.36612 4.9
-0.36588 5.2
-0.36563 5.4
-0.36539 5.7
-0.36515 6.0
-0.3649 6.2
-0.36466 6.5
-0.36441 6.7
-0.36417 6.9
-0.36393 7.1
-0.36368 7.3
-0.36344 7.5
-0.36319 7.7
-0.36295 7.9
-0.36271 8.0
-0.36246 8.2
-0.36222 8.3
-0.36197 8.4
-0.36173 8.5
-0.36148 8.6
-0.36124 8.6
-0.361 8.7
-0.36075 8.7
-0.36051 8.8
-0.36026 8.8
-0.36002 8.8
-0.35978 8.8
-0.35953 8.7
-0.35929 8.7
-0.35904 8.6
-0.3588 8.6
-0.35855 8.5
-0.35831 8.4
-0.35807 8.3
-0.35782 8.1
-0.35758 8.0
-0.35733 7.8
-0.35709 7.7
-0.35685 7.5
-0.3566 7.3
-0.35636 7.1
-0.35611 6.9
-0.35587 6.7
-0.35563 6.4
-0.35538 6.2
-0.35514 5.9
-0.35489 5.7
-0.35465 5.4
-0.3544 5.1
-0.35416 4.8
-0.35392 4.5
-0.35367 4.2
-0.35343 3.9
-0.35318 3.5
-0.35294 3.2
-0.3527 2.9
-0.35245 2.5
-0.35221 2.2
-0.35196 1.8
-0.35172 1.5
-0.35147 1.1
-0.35123 0.8
-0.35099 0.4
-0.35074 0.0
-0.3505 -0.3
-0.35025 -0.7
-0.35001 -1.0
-0.34977 -1.4
-0.34952 -1.7
-0.34928 -2.1
-0.34903 -2.4
-0.34879 -2.8
-0.34855 -3.1
-0.3483 -3.4
-0.34806 -3.8
-0.34781 -4.1
-0.34757 -4.4
-0.34732 -4.7
-0.34708 -5.0
-0.34684 -5.3
-0.34659 -5.6
-0.34635 -5.9
-0.3461 -6.2
-0.34586 -6.4
-0.34562 -6.7
-0.34537 -6.9
-0.34513 -7.1
-0.34488 -7.3
-0.34464 -7.5
-0.34439 -7.7
-0.34415 -7.9
-0.34391 -8.0
-0.34366 -8.2
-0.34342 -8.3
-0.34317 -8.4
-0.34293 -8.6
-0.34269 -8.6
-0.34244 -8.7
-0.3422 -8.8
-0.34195 -8.8
-0.34171 -8.9
-0.34146 -8.9
-0.34122 -8.9
-0.34098 -8.9
-0.34073 -8.8
-0.34049 -8.8
-0.34024 -8.8
-0.34 -8.7
-0.33976 -8.6
-0.33951 -8.5
-0.33927 -8.4
-0.33902 -8.2
-0.33878 -8.1
-0.33854 -7.9
-0.33829 -7.8
-0.33805 -7.6
-0.3378 -7.4
-0.33756 -7.2
-0.33731 -7.0
-0.33707 -6.7
-0.33683 -6.5
-0.33658 -6.2
-0.33634 -6.0
-0.33609 -5.7
-0.33585 -5.4
-0.33561 -5.1
-0.33536 -4.8
-0.33512 -4.5
-0.33487 -4.2
-0.33463 -3.8
-0.33438 -3.5
-0.33414 -3.1
-0.3339 -2.8
-0.33365 -2.4
-0.33341 -2.1
-0.33316 -1.7
-0.33292 -1.4
-0.33268 -1.0
-0.33243 -0.6
-0.33219 -0.3
-0.33194 0.1
-0.3317 0.5
-0.33146 0.9
-0.33121 1.2
-0.33097 1.6
-0.33072 2.0
-0.33048 2.3
-0.33023 2.7
-0.32999 3.0
-0.32975 3.4
-0.3295 3.7
-0.32926 4.1
-0.32901 4.4
-0.32877 4.7
-0.32853 5.0
-0.32828 5.3
-0.32804 5.6
-0.32779 5.9
-0.32755 6.2
-0.3273 6.5
-0.32706 6.7
-0.32682 7.0
-0.32657 7.2
-0.32633 7.4
-0.32608 7.6
-0.32584 7.8
-0.3256 8.0
-0.32535 8.2
-0.32511 8.3
-0.32486 8.4
-0.32462 8.6
-0.32438 8.7
-0.32413 8.8
-0.32389 8.8
-0.32364 8.9
-0.3234 9.0
-0.32315 9.0
-0.32291 9.0
-0.32267 9.0
-0.32242 9.0
-0.32218 9.0
-0.32193 8.9
-0.32169 8.8
-0.32145 8.8
-0.3212 8.7
-0.32096 8.6
-0.32071 8.4
-0.32047 8.3
-0.32022 8.1
-0.31998 8.0
-0.31974 7.8
-0.31949 7.6
-0.31925 7.4
-0.319 7.2
-0.31876 6.9
-0.31852 6.7
-0.31827 6.4
-0.31803 6.1
-0.31778 5.9
-0.31754 5.6
-0.3173 5.3
-0.31705 4.9
-0.31681 4.6
-0.31656 4.3
-0.31632 4.0
-0.31607 3.6
-0.31583 3.3
-0.31559 2.9
-0.31534 2.5
-0.3151 2.2
-0.31485 1.8
-0.31461 1.4
-0.31437 1.0
-0.31412 0.7
-0.31388 0.3
-0.31363 -0.1
-0.31339 -0.5
-0.31314 -0.9
-0.3129 -1.3
-0.31266 -1.6
-0.31241 -2.0
-0.31217 -2.4
-0.31192 -2.8
-0.31168 -3.1
-0.31144 -3.5
-0.31119 -3.8
-0.31095 -4.2
-0.3107 -4.5
-0.31046 -4.8
-0.31021 -5.2
-0.30997 -5.5
-0.30973 -5.8
-0.30948 -6.1
-0.30924 -6.4
-0.30899 -6.6
-0.30875 -6.9
-0.30851 -7.1
-0.30826 -7.4
-0.30802 -7.6
-0.30777 -7.8
-0.30753 -8.0
-0.30729 -8.2
-0.30704 -8.3
-0.3068 -8.5
-0.30655 -8.6
-0.30631 -8.7
-0.30606 -8.8
-0.30582 -8.9
-0.30558 -9.0
-0.30533 -9.1
-0.30509 -9.1
-0.30484 -9.1
-0.3046 -9.1
-0.30436 -9.1
-0.30411 -9.1
-0.30387 -9.0
-0.30362 -9.0
-0.30338 -8.9
-0.30313 -8.8
-0.30289 -8.7
-0.30265 -8.6
-0.3024 -8.4
-0.30216 -8.3
-0.30191 -8.1
-0.30167 -7.9
-0.30143 -7.7
-0.30118 -7.5
-0.30094 -7.3
-0.30069 -7.0
-0.30045 -6.7
-0.30021 -6.5
-0.29996 -6.2
-0.29972 -5.9
-0.29947 -5.6
-0.29923 -5.3
-0.29898 -5.0
-0.29874 -4.6
-0.2985 -4.3
-0.29825 -3.9
-0.29801 -3.6
-0.29776 -3.2
-0.29752 -2.8
-0.29728 -2.5
-0.29703 -2.1
-0.29679 -1.7
-0.29654 -1.3
-0.2963 -0.9
-0.29605 -0.5
-0.29581 -0.1
-0.29557 0.3
-0.29532 0.7
-0.29508 1.1
-0.29483 1.5
-0.29459 1.9
-0.29435 2.2
-0.2941 2.6
-0.29386 3.0
-0.29361 3.4
-0.29337 3.7
-0.29313 4.1
-0.29288 4.5
-0.29264 4.8
-0.29239 5.1
-0.29215 5.5
-0.2919 5.8
-0.29166 6.1
-0.29142 6.4
-0.29117 6.7
-0.29093 6.9
-0.29068 7.2
-0.29044 7.4
-0.2902 7.7
-0.28995 7.9
-0.28971 8.1
-0.28946 8.3
-0.28922 8.4
-0.28897 8.6
-0.28873 8.7
-0.28849 8.9
-0.28824 9.0
-0.288 9.1
-0.28775 9.1
-0.28751 9.2
-0.28727 9.2
-0.28702 9.2
-0.28678 9.2
-0.28653 9.2
-0.28629 9.2
-0.28605 9.1
-0.2858 9.1
-0.28556 9.0
-0.28531 8.9
-0.28507 8.8
-0.28482 8.6
-0.28458 8.5
-0.28434 8.3
-0.28409 8.1
-0.28385 7.9
-0.2836 7.7
-0.28336 7.5
-0.28312 7.2
-0.28287 7.0
-0.28263 6.7
-0.28238 6.4
-0.28214 6.1
-0.28189 5.8
-0.28165 5.5
-0.28141 5.2
-0.28116 4.8
-0.28092 4.5
-0.28067 4.1
-0.28043 3.7
-0.28019 3.4
-0.27994 3.0
-0.2797 2.6
-0.27945 2.2
-0.27921 1.8
-0.27896 1.4
-0.27872 1.0
-0.27848 0.6
-0.27823 0.2
-0.27799 -0.2
-0.27774 -0.7
-0.2775 -1.1
-0.27726 -1.5
-0.27701 -1.9
-0.27677 -2.3
-0.27652 -2.7
-0.27628 -3.1
-0.27604 -3.5
-0.27579 -3.8
-0.27555 -4.2
-0.2753 -4.6
-0.27506 -4.9
-0.27481 -5.3
-0.27457 -5.6
-0.27433 -5.9
-0.27408 -6.2
-0.27384 -6.5
-0.27359 -6.8
-0.27335 -7.1
-0.27311 -7.4
-0.27286 -7.6
-0.27262 -7.9
-0.27237 -8.1
-0.27213 -8.3
-0.27188 -8.5
-0.27164 -8.6
-0.2714 -8.8
-0.27115 -8.9
-0.27091 -9.0
-0.27066 -9.1
-0.27042 -9.2
-0.27018 -9.3
-0.26993 -9.3
-0.26969 -9.4
-0.26944 -9.4
-0.2692 -9.4
-0.26896 -9.3
-0.26871 -9.3
-0.26847 -9.2
-0.26822 -9.1
-0.26798 -9.0
-0.26773 -8.9
-0.26749 -8.8
-0.26725 -8.6
-0.267 -8.5
-0.26676 -8.3
-0.26651 -8.1
-0.26627 -7.8
-0.26603 -7.6
-0.26578 -7.3
-0.26554 -7.1
-0.26529 -6.8
-0.26505 -6.5
-0.2648 -6.2
-0.26456 -5.9
-0.26432 -5.5
-0.26407 -5.2
-0.26383 -4.8
-0.26358 -4.5
-0.26334 -4.1
-0.2631 -3.7
-0.26285 -3.3
-0.26261 -2.9
-0.26236 -2.5
-0.26212 -2.1
-0.26188 -1.7
-0.26163 -1.3
-0.26139 -0.9
-0.26114 -0.4
-0.2609 0.0
-0.26065 0.4
-0.26041 0.8
-0.26017 1.3
-0.25992 1.7
-0.25968 2.1
-0.25943 2.5
-0.25919 2.9
-0.25895 3.3
-0.2587 3.7
-0.25846 4.1
-0.25821 4.5
-0.25797 4.9
-0.25772 5.2
-0.25748 5.6
-0.25724 5.9
-0.25699 6.2
-0.25675 6.6
-0.2565 6.9
-0.25626 7.2
-0.25602 7.4
-0.25577 7.7
-0.25553 7.9
-0.25528 8.2
-0.25504 8.4
-0.2548 8.6
-0.25455 8.7
-0.25431 8.9
-0.25406 9.1
-0.25382 9.2
-0.25357 9.3
-0.25333 9.4
-0.25309 9.4
-0.25284 9.5
-0.2526 9.5
-0.25235 9.5
-0.25211 9.5
-0.25187 9.5
-0.25162 9.4
-0.25138 9.3
-0.25113 9.2
-0.25089 9.1
-0.25064 9.0
-0.2504 8.9
-0.25016 8.7
-0.24991 8.5
-0.24967 8.3
-0.24942 8.1
-0.24918 7.8
-0.24894 7.6
-0.24869 7.3
-0.24845 7.0
-0.2482 6.7
-0.24796 6.4
-0.24771 6.1
-0.24747 5.8
-0.24723 5.4
-0.24698 5.0
-0.24674 4.7
-0.24649 4.3
-0.24625 3.9
-0.24601 3.5
-0.24576 3.1
-0.24552 2.6
-0.24527 2.2
-0.24503 1.8
-0.24479 1.4
-0.24454 0.9
-0.2443 0.5
-0.24405 0.0
-0.24381 -0.4
-0.24356 -0.8
-0.24332 -1.3
-0.24308 -1.7
-0.24283 -2.1
-0.24259 -2.6
-0.24234 -3.0
-0.2421 -3.4
-0.24186 -3.8
-0.24161 -4.2
-0.24137 -4.6
-0.24112 -5.0
-0.24088 -5.4
-0.24063 -5.7
-0.24039 -6.1
-0.24015 -6.4
-0.2399 -6.8
-0.23966 -7.1
-0.23941 -7.4
-0.23917 -7.7
-0.23893 -7.9
-0.23868 -8.2
-0.23844 -8.4
-0.23819 -8.6
-0.23795 -8.8
-0.23771 -9.0
-0.23746 -9.1
-0.23722 -9.3
-0.23697 -9.4
-0.23673 -9.5
-0.23648 -9.6
-0.23624 -9.6
-0.236 -9.6
-0.23575 -9.7
-0.23551 -9.6
-0.23526 -9.6
-0.23502 -9.6
-0.23478 -9.5
-0.23453 -9.4
-0.23429 -9.3
-0.23404 -9.2
-0.2338 -9.0
-0.23355 -8.8
-0.23331 -8.7
-0.23307 -8.4
-0.23282 -8.2
-0.23258 -8.0
-0.23233 -7.7
-0.23209 -7.4
-0.23185 -7.1
-0.2316 -6.8
-0.23136 -6.5
-0.23111 -6.1
-0.23087 -5.8
-0.23063 -5.4
-0.23038 -5.0
-0.23014 -4.6
-0.22989 -4.2
-0.22965 -3.8
-0.2294 -3.4
-0.22916 -3.0
-0.22892 -2.5
-0.22867 -2.1
-0.22843 -1.6
-0.22818 -1.2
-0.22794 -0.7
-0.2277 -0.3
-0.22745 0.2
-0.22721 0.7
-0.22696 1.1
-0.22672 1.6
-0.22647 2.0
-0.22623 2.5
-0.22599 2.9
-0.22574 3.3
-0.2255 3.8
-0.22525 4.2
-0.22501 4.6
-0.22477 5.0
-0.22452 5.4
-0.22428 5.8
-0.22403 6.2
-0.22379 6.5
-0.22355 6.8
-0.2233 7.2
-0.22306 7.5
-0.22281 7.8
-0.22257 8.0
-0.22232 8.3
-0.22208 8.5
-0.22184 8.8
-0.22159 9.0
-0.22135 9.1
-0.2211 9.3
-0.22086 9.4
-0.22062 9.6
-0.22037 9.7
-0.22013 9.7
-0.21988 9.8
-0.21964 9.8
-0.21939 9.8
-0.21915 9.8
-0.21891 9.8
-0.21866 9.7
-0.21842 9.6
-0.21817 9.5
-0.21793 9.4
-0.21769 9.2
-0.21744 9.1
-0.2172 8.9
-0.21695 8.7
-0.21671 8.4
-0.21646 8.2
-0.21622 7.9
-0.21598 7.6
-0.21573 7.3
-0.21549 7.0
-0.21524 6.7
-0.215 6.3
-0.21476 5.9
-0.21451 5.6
-0.21427 5.2
-0.21402 4.8
-0.21378 4.3
-0.21354 3.9
-0.21329 3.5
-0.21305 3.0
-0.2128 2.6
-0.21256 2.1
-0.21231 1.6
-0.21207 1.2
-0.21183 0.7
-0.21158 0.2
-0.21134 -0.3
-0.21109 -0.8
-0.21085 -1.2
-0.21061 -1.7
-0.21036 -2.2
-0.21012 -2.6
-0.20987 -3.1
-0.20963 -3.6
-0.20938 -4.0
-0.20914 -4.4
-0.2089 -4.9
-0.20865 -5.3
-0.20841 -5.7
-0.20816 -6.1
-0.20792 -6.5
-0.20768 -6.8
-0.20743 -7.2
-0.20719 -7.5
-0.20694 -7.8
-0.2067 -8.1
-0.20646 -8.4
-0.20621 -8.6
-0.20597 -8.9
-0.20572 -9.1
-0.20548 -9.3
-0.20523 -9.4
-0.20499 -9.6
-0.20475 -9.7
-0.2045 -9.8
-0.20426 -9.9
-0.20401 -9.9
-0.20377 -10.0
-0.20353 -10.0
-0.20328 -10.0
-0.20304 -9.9
-0.20279 -9.9
-0.20255 -9.8
-0.2023 -9.7
-0.20206 -9.5
-0.20182 -9.4
-0.20157 -9.2
-0.20133 -9.0
-0.20108 -8.8
-0.20084 -8.5
-0.2006 -8.3
-0.20035 -8.0
-0.20011 -7.7
-0.19986 -7.3
-0.19962 -7.0
-0.19938 -6.6
-0.19913 -6.3
-0.19889 -5.9
-0.19864 -5.5
-0.1984 -5.0
-0.19815 -4.6
-0.19791 -4.2
-0.19767 -3.7
-0.19742 -3.2
-0.19718 -2.8
-0.19693 -2.3
-0.19669 -1.8
-0.19645 -1.3
-0.1962 -0.8
-0.19596 -0.3
-0.19571 0.2
-0.19547 0.7
-0.19522 1.2
-0.19498 1.7
-0.19474 2.2
-0.19449 2.7
-0.19425 3.1
-0.194 3.6
-0.19376 4.1
-0.19352 4.5
-0.19327 5.0
-0.19303 5.4
-0.19278 5.8
-0.19254 6.2
-0.1923 6.6
-0.19205 7.0
-0.19181 7.4
-0.19156 7.7
-0.19132 8.0
-0.19107 8.3
-0.19083 8.6
-0.19059 8.9
-0.19034 9.1
-0.1901 9.3
-0.18985 9.5
-0.18961 9.7
-0.18937 9.8
-0.18912 9.9
-0.18888 10.0
-0.18863 10.1
-0.18839 10.1
-0.18814 10.2
-0.1879 10.1
-0.18766 10.1
-0.18741 10.1
-0.18717 10.0
-0.18692 9.9
-0.18668 9.7
-0.18644 9.6
-0.18619 9.4
-0.18595 9.2
-0.1857 8.9
-0.18546 8.7
-0.18521 8.4
-0.18497 8.1
-0.18473 7.8
-0.18448 7.5
-0.18424 7.1
-0.18399 6.7
-0.18375 6.3
-0.18351 5.9
-0.18326 5.5
-0.18302 5.0
-0.18277 4.6
-0.18253 4.1
-0.18229 3.6
-0.18204 3.1
-0.1818 2.6
-0.18155 2.1
-0.18131 1.6
-0.18106 1.1
-0.18082 0.6
-0.18058 0.0
-0.18033 -0.5
-0.18009 -1.0
-0.17984 -1.5
-0.1796 -2.0
-0.17936 -2.5
-0.17911 -3.0
-0.17887 -3.5
-0.17862 -4.0
-0.17838 -4.5
-0.17813 -5.0
-0.17789 -5.4
-0.17765 -5.9
-0.1774 -6.3
-0.17716 -6.7
-0.17691 -7.1
-0.17667 -7.5
-0.17643 -7.8
-0.17618 -8.2
-0.17594 -8.5
-0.17569 -8.8
-0.17545 -9.0
-0.17521 -9.3
-0.17496 -9.5
-0.17472 -9.7
-0.17447 -9.9
-0.17423 -10.0
-0.17398 -10.1
-0.17374 -10.2
-0.1735 -10.3
-0.17325 -10.3
-0.17301 -10.3
-0.17276 -10.3
-0.17252 -10.3
-0.17228 -10.2
-0.17203 -10.1
-0.17179 -10.0
-0.17154 -9.8
-0.1713 -9.6
-0.17105 -9.4
-0.17081 -9.2
-0.17057 -9.0
-0.17032 -8.7
-0.17008 -8.4
-0.16983 -8.0
-0.16959 -7.7
-0.16935 -7.3
-0.1691 -6.9
-0.16886 -6.5
-0.16861 -6.1
-0.16837 -5.6
-0.16813 -5.2
-0.16788 -4.7
-0.16764 -4.2
-0.16739 -3.7
-0.16715 -3.2
-0.1669 -2.7
-0.16666 -2.1
-0.16642 -1.6
-0.16617 -1.1
-0.16593 -0.5
-0.16568 0.0
-0.16544 0.6
-0.1652 1.1
-0.16495 1.7
-0.16471 2.2
-0.16446 2.7
-0.16422 3.3
-0.16397 3.8
-0.16373 4.3
-0.16349 4.8
-0.16324 5.3
-0.163 5.8
-0.16275 6.2
-0.16251 6.7
-0.16227 7.1
-0.16202 7.5
-0.16178 7.9
-0.16153 8.2
-0.16129 8.6
-0.16105 8.9
-0.1608 9.2
-0.16056 9.4
-0.16031 9.7
-0.16007 9.9
-0.15982 10.1
-0.15958 10.2
-0.15934 10.3
-0.15909 10.4
-0.15885 10.5
-0.1586 10.5
-0.15836 10.6
-0.15812 10.5
-0.15787 10.5
-0.15763 10.4
-0.15738 10.3
-0.15714 10.1
-0.15689 10.0
-0.15665 9.8
-0.15641 9.6
-0.15616 9.3
-0.15592 9.0
-0.15567 8.7
-0.15543 8.4
-0.15519 8.0
-0.15494 7.7
-0.1547 7.2
-0.15445 6.8
-0.15421 6.4
-0.15396 5.9
-0.15372 5.4
-0.15348 4.9
-0.15323 4.4
-0.15299 3.9
-0.15274 3.4
-0.1525 2.8
-0.15226 2.3
-0.15201 1.7
-0.15177 1.1
-0.15152 0.6
-0.15128 0.0
-0.15104 -0.6
-0.15079 -1.2
-0.15055 -1.7
-0.1503 -2.3
-0.15006 -2.9
-0.14981 -3.4
-0.14957 -4.0
-0.14933 -4.5
-0.14908 -5.0
-0.14884 -5.5
-0.14859 -6.0
-0.14835 -6.5
-0.14811 -7.0
-0.14786 -7.4
-0.14762 -7.8
-0.14737 -8.2
-0.14713 -8.6
-0.14688 -8.9
-0.14664 -9.2
-0.1464 -9.5
-0.14615 -9.8
-0.14591 -10.0
-0.14566 -10.2
-0.14542 -10.4
-0.14518 -10.5
-0.14493 -10.6
-0.14469 -10.7
-0.14444 -10.8
-0.1442 -10.8
-0.14396 -10.8
-0.14371 -10.7
-0.14347 -10.6
-0.14322 -10.5
-0.14298 -10.4
-0.14273 -10.2
-0.14249 -10.0
-0.14225 -9.7
-0.142 -9.5
-0.14176 -9.1
-0.14151 -8.8
-0.14127 -8.5
-0.14103 -8.1
-0.14078 -7.7
-0.14054 -7.2
-0.14029 -6.8
-0.14005 -6.3
-0.1398 -5.8
-0.13956 -5.3
-0.13932 -4.8
-0.13907 -4.2
-0.13883 -3.6
-0.13858 -3.1
-0.13834 -2.5
-0.1381 -1.9
-0.13785 -1.3
-0.13761 -0.7
-0.13736 0.0
-0.13712 0.5
-0.13688 1.1
-0.13663 1.7
-0.13639 2.3
-0.13614 2.9
-0.1359 3.5
-0.13565 4.1
-0.13541 4.7
-0.13517 5.2
-0.13492 5.8
-0.13468 6.3
-0.13443 6.8
-0.13419 7.2
-0.13395 7.7
-0.1337 8.1
-0.13346 8.5
-0.13321 8.9
-0.13297 9.3
-0.13272 9.6
-0.13248 9.9
-0.13224 10.1
-0.13199 10.4
-0.13175 10.6
-0.1315 10.7
-0.13126 10.9
-0.13102 10.9
-0.13077 11.0
-0.13053 11.0
-0.13028 11.0
-0.13004 11.0
-0.1298 10.9
-0.12955 10.8
-0.12931 10.6
-0.12906 10.4
-0.12882 10.2
-0.12857 9.9
-0.12833 9.6
-0.12809 9.3
-0.12784 9.0
-0.1276 8.6
-0.12735 8.2
-0.12711 7.7
-0.12687 7.3
-0.12662 6.8
-0.12638 6.3
-0.12613 5.7
-0.12589 5.2
-0.12564 4.6
-0.1254 4.0
-0.12516 3.4
-0.12491 2.8
-0.12467 2.2
-0.12442 1.5
-0.12418 0.9
-0.12394 0.2
-0.12369 -0.4
-0.12345 -1.0
-0.1232 -1.7
-0.12296 -2.3
-0.12271 -3.0
-0.12247 -3.6
-0.12223 -4.2
-0.12198 -4.8
-0.12174 -5.4
-0.12149 -5.9
-0.12125 -6.5
-0.12101 -7.0
-0.12076 -7.5
-0.12052 -8.0
-0.12027 -8.4
-0.12003 -8.9
-0.11979 -9.3
-0.11954 -9.6
-0.1193 -9.9
-0.11905 -10.2
-0.11881 -10.5
-0.11856 -10.7
-0.11832 -10.9
-0.11808 -11.1
-0.11783 -11.2
-0.11759 -11.3
-0.11734 -11.3
-0.1171 -11.3
-0.11686 -11.2
-0.11661 -11.2
-0.11637 -11.0
-0.11612 -10.9
-0.11588 -10.7
-0.11563 -10.4
-0.11539 -10.2
-0.11515 -9.9
-0.1149 -9.5
-0.11466 -9.1
-0.11441 -8.7
-0.11417 -8.3
-0.11393 -7.8
-0.11368 -7.3
-0.11344 -6.8
-0.11319 -6.2
-0.11295 -5.6
-0.11271 -5.0
-0.11246 -4.4
-0.11222 -3.8
-0.11197 -3.1
-0.11173 -2.5
-0.11148 -1.8
-0.11124 -1.1
-0.111 -0.5
-0.11075 0.2
-0.11051 0.9
-0.11026 1.6
-0.11002 2.3
-0.10978 3.0
-0.10953 3.6
-0.10929 4.3
-0.10904 4.9
-0.1088 5.5
-0.10855 6.1
-0.10831 6.7
-0.10807 7.3
-0.10782 7.8
-0.10758 8.3
-0.10733 8.8
-0.10709 9.2
-0.10685 9.6
-0.1066 10.0
-0.10636 10.3
-0.10611 10.6
-0.10587 10.9
-0.10563 11.1
-0.10538 11.3
-0.10514 11.4
-0.10489 11.5
-0.10465 11.6
-0.1044 11.6
-0.10416 11.6
-0.10392 11.5
-0.10367 11.4
-0.10343 11.2
-0.10318 11.0
-0.10294 10.7
-0.1027 10.4
-0.10245 10.1
-0.10221 9.7
-0.10196 9.3
-0.10172 8.9
-0.10147 8.4
-0.10123 7.9
-0.10099 7.3
-0.10074 6.8
-0.1005 6.2
-0.10025 5.5
-0.10001 4.9
-0.09977 4.2
-0.09952 3.5
-0.09928 2.8
-0.09903 2.1
-0.09879 1.4
-0.09855 0.7
-0.0983 0.0
-0.09806 -0.8
-0.09781 -1.5
-0.09757 -2.3
-0.09732 -3.0
-0.09708 -3.7
-0.09684 -4.4
-0.09659 -5.1
-0.09635 -5.7
-0.0961 -6.4
-0.09586 -7.0
-0.09562 -7.6
-0.09537 -8.2
-0.09513 -8.7
-0.09488 -9.2
-0.09464 -9.6
-0.09439 -10.1
-0.09415 -10.5
-0.09391 -10.8
-0.09366 -11.1
-0.09342 -11.3
-0.09317 -11.6
-0.09293 -11.7
-0.09269 -11.8
-0.09244 -11.9
-0.0922 -11.9
-0.09195 -11.9
-0.09171 -11.8
-0.09146 -11.7
-0.09122 -11.5
-0.09098 -11.3
-0.09073 -11.0
-0.09049 -10.7
-0.09024 -10.3
-0.09 -9.9
-0.08976 -9.5
-0.08951 -9.0
-0.08927 -8.5
-0.08902 -7.9
-0.08878 -7.3
-0.08854 -6.7
-0.08829 -6.0
-0.08805 -5.3
-0.0878 -4.6
-0.08756 -3.9
-0.08731 -3.1
-0.08707 -2.4
-0.08683 -1.6
-0.08658 -0.8
-0.08634 0.0
-0.08609 0.8
-0.08585 1.6
-0.08561 2.3
-0.08536 3.1
-0.08512 3.9
-0.08487 4.6
-0.08463 5.4
-0.08438 6.1
-0.08414 6.8
-0.0839 7.4
-0.08365 8.0
-0.08341 8.6
-0.08316 9.2
-0.08292 9.7
-0.08268 10.2
-0.08243 10.6
-0.08219 11.0
-0.08194 11.3
-0.0817 11.6
-0.08146 11.9
-0.08121 12.1
-0.08097 12.2
-0.08072 12.3
-0.08048 12.3
-0.08023 12.3
-0.07999 12.2
-0.07975 12.0
-0.0795 11.8
-0.07926 11.6
-0.07901 11.3
-0.07877 10.9
-0.07853 10.5
-0.07828 10.1
-0.07804 9.6
-0.07779 9.0
-0.07755 8.4
-0.0773 7.8
-0.07706 7.1
-0.07682 6.4
-0.07657 5.7
-0.07633 4.9
-0.07608 4.1
-0.07584 3.3
-0.0756 2.5
-0.07535 1.7
-0.07511 0.8
-0.07486 0.0
-0.07462 -0.9
-0.07438 -1.8
-0.07413 -2.6
-0.07389 -3.5
-0.07364 -4.3
-0.0734 -5.1
-0.07315 -5.9
-0.07291 -6.6
-0.07267 -7.4
-0.07242 -8.1
-0.07218 -8.7
-0.07193 -9.3
-0.07169 -9.9
-0.07145 -10.5
-0.0712 -10.9
-0.07096 -11.4
-0.07071 -11.7
-0.07047 -12.0
-0.07022 -12.3
-0.06998 -12.5
-0.06974 -12.6
-0.06949 -12.7
-0.06925 -12.7
-0.069 -12.7
-0.06876 -12.6
-0.06852 -12.4
-0.06827 -12.1
-0.06803 -11.8
-0.06778 -11.5
-0.06754 -11.1
-0.0673 -10.6
-0.06705 -10.0
-0.06681 -9.5
-0.06656 -8.8
-0.06632 -8.1
-0.06607 -7.4
-0.06583 -6.6
-0.06559 -5.8
-0.06534 -5.0
-0.0651 -4.1
-0.06485 -3.2
-0.06461 -2.3
-0.06437 -1.4
-0.06412 -0.5
-0.06388 0.5
-0.06363 1.4
-0.06339 2.4
-0.06314 3.3
-0.0629 4.2
-0.06266 5.1
-0.06241 6.0
-0.06217 6.8
-0.06192 7.6
-0.06168 8.4
-0.06144 9.1
-0.06119 9.8
-0.06095 10.4
-0.0607 11.0
-0.06046 11.5
-0.06021 11.9
-0.05997 12.3
-0.05973 12.6
-0.05948 12.9
-0.05924 13.1
-0.05899 13.2
-0.05875 13.2
-0.05851 13.2
-0.05826 13.1
-0.05802 12.9
-0.05777 12.6
-0.05753 12.3
-0.05729 11.9
-0.05704 11.4
-0.0568 10.9
-0.05655 10.3
-0.05631 9.6
-0.05606 8.9
-0.05582 8.2
-0.05558 7.3
-0.05533 6.5
-0.05509 5.6
-0.05484 4.6
-0.0546 3.6
-0.05436 2.6
-0.05411 1.6
-0.05387 0.6
-0.05362 -0.5
-0.05338 -1.5
-0.05313 -2.5
-0.05289 -3.6
-0.05265 -4.6
-0.0524 -5.6
-0.05216 -6.5
-0.05191 -7.4
-0.05167 -8.3
-0.05143 -9.1
-0.05118 -9.9
-0.05094 -10.6
-0.05069 -11.3
-0.05045 -11.9
-0.05021 -12.4
-0.04996 -12.8
-0.04972 -13.2
-0.04947 -13.5
-0.04923 -13.7
-0.04898 -13.8
-0.04874 -13.8
-0.0485 -13.8
-0.04825 -13.6
-0.04801 -13.4
-0.04776 -13.0
-0.04752 -12.6
-0.04728 -12.1
-0.04703 -11.6
-0.04679 -10.9
-0.04654 -10.2
-0.0463 -9.4
-0.04605 -8.5
-0.04581 -7.6
-0.04557 -6.6
-0.04532 -5.6
-0.04508 -4.5
-0.04483 -3.4
-0.04459 -2.3
-0.04435 -1.1
-0.0441 0.0
-0.04386 1.2
-0.04361 2.4
-0.04337 3.5
-0.04313 4.7
-0.04288 5.8
-0.04264 6.8
-0.04239 7.9
-0.04215 8.9
-0.0419 9.8
-0.04166 10.6
-0.04142 11.4
-0.04117 12.1
-0.04093 12.8
-0.04068 13.3
-0.04044 13.8
-0.0402 14.1
-0.03995 14.3
-0.03971 14.5
-0.03946 14.5
-0.03922 14.5
-0.03897 14.3
-0.03873 14.0
-0.03849 13.6
-0.03824 13.1
-0.038 12.5
-0.03775 11.8
-0.03751 11.0
-0.03727 10.1
-0.03702 9.2
-0.03678 8.1
-0.03653 7.0
-0.03629 5.9
-0.03605 4.6
-0.0358 3.4
-0.03556 2.1
-0.03531 0.7
-0.03507 -0.6
-0.03482 -1.9
-0.03458 -3.3
-0.03434 -4.6
-0.03409 -5.9
-0.03385 -7.1
-0.0336 -8.3
-0.03336 -9.4
-0.03312 -10.5
-0.03287 -11.5
-0.03263 -12.3
-0.03238 -13.1
-0.03214 -13.8
-0.03189 -14.4
-0.03165 -14.8
-0.03141 -15.1
-0.03116 -15.3
-0.03092 -15.4
-0.03067 -15.3
-0.03043 -15.1
-0.03019 -14.8
-0.02994 -14.3
-0.0297 -13.7
-0.02945 -12.9
-0.02921 -12.0
-0.02896 -11.1
-0.02872 -10.0
-0.02848 -8.8
-0.02823 -7.5
-0.02799 -6.1
-0.02774 -4.7
-0.0275 -3.2
-0.02726 -1.7
-0.02701 -0.1
-0.02677 1.5
-0.02652 3.0
-0.02628 4.6
-0.02604 6.1
-0.02579 7.6
-0.02555 9.0
-0.0253 10.3
-0.02506 11.5
-0.02481 12.6
-0.02457 13.6
-0.02433 14.5
-0.02408 15.2
-0.02384 15.8
-0.02359 16.2
-0.02335 16.4
-0.02311 16.5
-0.02286 16.4
-0.02262 16.1
-0.02237 15.6
-0.02213 14.9
-0.02188 14.1
-0.02164 13.1
-0.0214 11.9
-0.02115 10.6
-0.02091 9.2
-0.02066 7.6
-0.02042 5.9
-0.02018 4.2
-0.01993 2.3
-0.01969 0.5
-0.01944 -1.4
-0.0192 -3.4
-0.01896 -5.2
-0.01871 -7.1
-0.01847 -8.8
-0.01822 -10.5
-0.01798 -12.1
-0.01773 -13.5
-0.01749 -14.8
-0.01725 -15.8
-0.017 -16.7
-0.01676 -17.4
-0.01651 -17.8
-0.01627 -18.0
-0.01603 -17.9
-0.01578 -17.6
-0.01554 -17.0
-0.01529 -16.1
-0.01505 -15.0
-0.0148 -13.7
-0.01456 -12.1
-0.01432 -10.4
-0.01407 -8.4
-0.01383 -6.3
-0.01358 -4.1
-0.01334 -1.7
-0.0131 0.7
-0.01285 3.1
-0.01261 5.5
-0.01236 7.9
-0.01212 10.1
-0.01188 12.3
-0.01163 14.2
-0.01139 15.9
-0.01114 17.4
-0.0109 18.5
-0.01065 19.4
-0.01041 19.8
-0.01017 19.9
-0.00992 19.6
-0.00968 18.9
-0.00943 17.8
-0.00919 16.3
-0.00895 14.4
-0.0087 12.2
-0.00846 9.6
-0.00821 6.8
-0.00797 3.7
-0.00772 0.5
-0.00748 -2.7
-0.00724 -6.0
-0.00699 -9.3
-0.00675 -12.3
-0.0065 -15.1
-0.00626 -17.6
-0.00602 -19.7
-0.00577 -21.3
-0.00553 -22.2
-0.00528 -22.6
-0.00504 -22.3
-0.0048 -21.2
-0.00455 -19.5
-0.00431 -17.0
-0.00406 -13.9
-0.00382 -10.2
-0.00357 -5.9
-0.00333 -1.3
-0.00309 3.5
-0.00284 8.3
-0.0026 13.0
-0.00235 17.2
-0.00211 20.9
-0.00187 23.7
-0.00162 25.4
-0.00138 25.8
-0.00113 24.8
-0.00089 22.3
-0.00064 18.3
-0.0004 12.9
-0.00016 6.3
9e-05 -1.0
0.00033 -8.4
0.00058 -15.3
0.00082 -20.9
0.00106 -24.5
0.00131 -25.7
0.00155 -24.1
0.0018 -19.9
0.00204 -13.5
0.00229 -5.7
0.00253 2.4
0.00277 9.9
0.00302 15.7
0.00326 19.0
0.00351 19.5
0.00375 17.3
0.00399 12.8
0.00424 6.8
0.00448 0.4
0.00473 -5.4
0.00497 -9.8
0.00521 -12.2
0.00546 -12.6
0.0057 -10.9
0.00595 -7.7
0.00619 -3.7
0.00644 0.5
0.00668 4.0
0.00692 6.5
0.00717 7.6
0.00741 7.3
0.00766 5.9
0.0079 3.6
0.00814 1.1
0.00839 -1.3
0.00863 -3.2
0.00888 -4.3
0.00912 -4.5
0.00937 -4.0
0.00961 -2.8
0.00985 -1.3
0.0101 0.2
0.01034 1.5
0.01059 2.4
0.01083 2.7
0.01107 2.6
0.01132 2.0
0.01156 1.1
0.01181 0.2
0.01205 -0.7
0.01229 -1.3
0.01254 -1.6
0.01278 -1.6
0.01303 -1.3
0.01327 -0.9
0.01352 -0.3
0.01376 0.2
0.014 0.7
0.01425 0.9
0.01449 1.0
0.01474 0.9
0.01498 0.6
0.01522 0.3
0.01547 0.0
0.01571 -0.3
0.01596 -0.5
0.0162 -0.6
0.01645 -0.6
0.01669 -0.5
0.01693 -0.3
0.01718 0.0
0.01742 0.1
0.01767 0.3
0.01791 0.4
0.01815 0.4
0.0184 0.3
0.01864 0.2
0.01889 0.0
0.01913 0.0
0.01937 -0.1
0.01962 -0.2
0.01986 -0.2
0.02011 -0.2
0.02035 -0.1
0.0206 0.0
0.02084 0.0
0.02108 0.0
0.02133 0.1
0.02157 0.1
0.02182 0.1
0.02206 0.1
0.0223 0.0
0.02255 0.0
0.02279 0.0
0.02304 0.0
0.02328 0.0
0.02353 0.0
0.02377 0.0
0.02401 0.0
0.02426 0.0
0.0245 0.0
0.02475 0.0
0.02499 0.0
0.02523 0.0
0.02548 0.0
0.02572 0.0
0.02597 0.0
0.02621 0.0
0.02645 0.0
0.0267 0.0
0.02694 0.0
0.02719 0.0
0.02743 0.0
0.02768 0.0
0.02792 0.0
0.02816 0.0
0.02841 0.0
0.02865 0.0
0.0289 0.0
0.02914 0.0
0.02938 0.0
0.02963 0.0
0.02987 0.0
0.03012 0.0
0.03036 0.0
0.03061 0.0
0.03085 0.0
0.03109 0.0
0.03134 0.0
0.03158 0.0
0.03183 0.0
0.03207 0.0
0.03231 0.0
0.03256 0.0
0.0328 0.0
0.03305 0.0
0.03329 0.0
0.03354 0.0
0.03378 0.0
0.03402 0.0
0.03427 0.0
0.03451 0.0
0.03476 0.0
0.035 0.0
0.03524 0.0
0.03549 0.0
0.03573 0.0
0.03598 0.0
0.03622 0.0
0.03646 0.0
0.03671 0.0
0.03695 0.0
0.0372 0.0
0.03744 0.0
0.03769 0.0
0.03793 0.0
0.03817 0.0
0.03842 0.0
0.03866 0.0
0.03891 0.0
0.03915 0.0
0.03939 0.0
0.03964 0.0
0.03988 0.0
0.04013 0.0
0.04037 0.0
0.04062 0.0
0.04086 0.0
0.0411 0.0
0.04135 0.0
0.04159 0.0
0.04184 0.0
0.04208 0.0
0.04232 0.0
0.04257 0.0
0.04281 0.0
0.04306 0.0
0.0433 0.0
0.04354 0.0
0.04379 0.0
0.04403 0.0
0.04428 0.0
0.04452 0.0
0.04477 0.0
0.04501 0.0
0.04525 0.0
0.0455 0.0
0.04574 0.0
0.04599 0.0
0.04623 0.0
0.04647 0.0
0.04672 0.0
0.04696 0.0
0.04721 0.0
0.04745 0.0
0.0477 0.0
0.04794 0.0
0.04818 0.0
0.04843 0.0
0.04867 0.0
0.04892 0.0
0.04916 0.0
0.0494 0.0
0.04965 0.0
0.04989 0.0
0.05014 0.0
0.05038 0.0
0.05062 0.0
0.05087 0.0
0.05111 0.0
0.05136 0.0
0.0516 0.0
0.05185 0.0
0.05209 0.0
0.05233 0.0
0.05258 0.0
0.05282 0.0
0.05307 0.0
0.05331 0.0
0.05355 0.0
0.0538 0.0
0.05404 0.0
0.05429 0.0
0.05453 0.0
0.05478 0.0
0.05502 0.0
0.05526 0.0
0.05551 0.0
0.05575 0.0
0.056 0.0
0.05624 0.0
0.05648 0.0
0.05673 0.0
0.05697 0.0
0.05722 0.0
0.05746 0.0
0.0577 0.0
0.05795 0.0
0.05819 0.0
0.05844 0.0
0.05868 0.0
0.05893 0.0
0.05917 0.0
0.05941 0.0
0.05966 0.0
0.0599 0.0
0.06015 0.0
0.06039 0.0
0.06063 0.0
0.06088 0.0
0.06112 0.0
0.06137 0.0
0.06161 0.0
0.06186 0.0
0.0621 0.0
0.06234 0.0
0.06259 0.0
0.06283 0.0
0.06308 0.0
0.06332 0.0
0.06356 0.0
0.06381 0.0
0.06405 0.0
0.0643 0.0
0.06454 0.0
0.06479 0.0
0.06503 0.0
0.06527 0.0
0.06552 0.0
0.06576 0.0
0.06601 0.0
0.06625 0.0
0.06649 0.0
0.06674 0.0
0.06698 0.0
0.06723 0.0
0.06747 0.0
0.06771 0.0
0.06796 0.0
0.0682 0.0
0.06845 0.0
0.06869 0.0
0.06894 0.0
0.06918 0.0
0.06942 0.0
0.06967 0.0
0.06991 0.0
0.07016 0.0
0.0704 0.0
0.07064 0.0
0.07089 0.0
0.07113 0.0
0.07138 0.0
0.07162 0.0
0.07187 0.0
0.07211 0.0
0.07235 0.0
0.0726 0.0
0.07284 0.0
0.07309 0.0
0.07333 0.0
0.07357 0.0
0.07382 0.0
0.07406 0.0
0.07431 0.0
0.07455 0.0
0.07479 0.0
0.07504 0.0
0.07528 0.0
0.07553 0.0
0.07577 0.0
0.07602 0.0
0.07626 0.0
0.0765 0.0
0.07675 0.0
0.07699 0.0
0.07724 0.0
0.07748 0.0
0.07772 0.0
0.07797 0.0
0.07821 0.0
0.07846 0.0
0.0787 0.0
0.07895 0.0
0.07919 0.0
0.07943 0.0
0.07968 0.0
0.07992 0.0
0.08017 0.0
0.08041 0.0
0.08065 0.0
0.0809 0.0
0.08114 0.0
0.08139 0.0
0.08163 0.0
0.08187 0.0
0.08212 0.0
0.08236 0.0
0.08261 0.0
0.08285 0.0
0.0831 0.0
0.08334 0.0
0.08358 0.0
0.08383 0.0
0.08407 0.0
0.08432 0.0
0.08456 0.0
0.0848 0.0
0.08505 0.0
0.08529 0.0
0.08554 0.0
0.08578 0.0
0.08603 0.0
0.08627 0.0
0.08651 0.0
0.08676 0.0
0.087 0.0
0.08725 0.0
0.08749 0.0
0.08773 0.0
0.08798 0.0
0.08822 0.0
0.08847 0.0
0.08871 0.0
0.08895 0.0
0.0892 0.0
0.08944 0.0
0.08969 0.0
0.08993 0.0
0.09018 0.0
0.09042 0.0
0.09066 0.0
0.09091 0.0
0.09115 0.0
0.0914 0.0
0.09164 0.0
0.09188 0.0
0.09213 0.0
0.09237 0.0
0.09262 0.0
0.09286 0.0
0.09311 0.0
0.09335 0.0
0.09359 0.0
0.09384 0.0
0.09408 0.0
0.09433 0.0
0.09457 0.0
0.09481 0.0
0.09506 0.0
0.0953 0.0
0.09555 0.0
0.09579 0.0
0.09604 0.0
0.09628 0.0
0.09652 0.0
0.09677 0.0
0.09701 0.0
0.09726 0.0
0.0975 0.0
0.09774 0.0
0.09799 0.0
0.09823 0.0
0.09848 0.0
0.09872 0.0
0.09896 0.0
0.09921 0.0
0.09945 0.0
0.0997 0.0
0.09994 0.0
0.10019 0.0
0.10043 0.0
0.10067 0.0
0.10092 0.0
0.10116 0.0
0.10141 0.0
0.10165 0.0
0.10189 0.0
0.10214 0.0
0.10238 0.0
0.10263 0.0
0.10287 0.0
0.10312 0.0
0.10336 0.0
0.1036 0.0
0.10385 0.0
0.10409 0.0
0.10434 0.0
0.10458 0.0
0.10482 0.0
0.10507 0.0
0.10531 0.0
0.10556 0.0
0.1058 0.0
0.10604 0.0
0.10629 0.0
0.10653 0.0
0.10678 0.0
0.10702 0.0
0.10727 0.0
0.10751 0.0
0.10775 0.0
0.108 0.0
0.10824 0.0
0.10849 0.0
0.10873 0.0
0.10897 0.0
0.10922 0.0
0.10946 0.0
0.10971 0.0
0.10995 0.0
0.1102 0.0
0.11044 0.0
0.11068 0.0
0.11093 0.0
0.11117 0.0
0.11142 0.0
0.11166 0.0
0.1119 0.0
0.11215 0.0
0.11239 0.0
0.11264 0.0
0.11288 0.0
0.11312 0.0
0.11337 0.0
0.11361 0.0
0.11386 0.0
0.1141 0.0
0.11435 0.0
0.11459 0.0
0.11483 0.0
0.11508 0.0
0.11532 0.0
0.11557 0.0
0.11581 0.0
0.11605 0.0
0.1163 0.0
0.11654 0.0
0.11679 0.0
0.11703 0.0
0.11728 0.0
0.11752 0.0
0.11776 0.0
0.11801 0.0
0.11825 0.0
0.1185 0.0
0.11874 0.0
0.11898 0.0
0.11923 0.0
0.11947 0.0
0.11972 0.0
0.11996 0.0
0.1202 0.0
0.12045 0.0
0.12069 0.0
0.12094 0.0
0.12118 0.0
0.12143 0.0
0.12167 0.0
0.12191 0.0
0.12216 0.0
0.1224 0.0
0.12265 0.0
0.12289 0.0
0.12313 0.0
0.12338 0.0
0.12362 0.0
0.12387 0.0
0.12411 0.0
0.12436 0.0
0.1246 0.0
0.12484 0.0
0.12509 0.0
0.12533 0.0
0.12558 0.0
0.12582 0.0
0.12606 0.0
0.12631 0.0
0.12655 0.0
0.1268 0.0
0.12704 0.0
0.12729 0.0
0.12753 0.0
0.12777 0.0
0.12802 0.0
0.12826 0.0
0.12851 0.0
0.12875 0.0
0.12899 0.0
0.12924 0.0
0.12948 0.0
0.12973 0.0
0.12997 0.0
0.13021 0.0
0.13046 0.0
0.1307 0.0
0.13095 0.0
0.13119 0.0
0.13144 0.0
0.13168 0.0
0.13192 0.0
0.13217 0.0
0.13241 0.0
0.13266 0.0
0.1329 0.0
0.13314 0.0
0.13339 0.0
0.13363 0.0
0.13388 0.0
0.13412 0.0
0.13437 0.0
0.13461 0.0
0.13485 0.0
0.1351 0.0
0.13534 0.0
0.13559 0.0
0.13583 0.0
0.13607 0.0
0.13632 0.0
0.13656 0.0
0.13681 0.0
0.13705 0.0
0.13729 0.0
0.13754 0.0
0.13778 0.0
0.13803 0.0
0.13827 0.0
0.13852 0.0
0.13876 0.0
0.139 0.0
0.13925 0.0
0.13949 0.0
0.13974 0.0
0.13998 0.0
0.14022 0.0
0.14047 0.0
0.14071 0.0
0.14096 0.0
0.1412 0.0
0.14145 0.0
0.14169 0.0
0.14193 0.0
0.14218 0.0
0.14242 0.0
0.14267 0.0
0.14291 0.0
0.14315 0.0
0.1434 0.0
0.14364 0.0
0.14389 0.0
0.14413 0.0
0.14437 0.0
0.14462 0.0
0.14486 0.0
