t strain*1e23
-0.42931 -5.7
-0.42906 -5.7
-0.42882 -5.6
-0.42857 -5.6
-0.42833 -5.5
-0.42809 -5.5
-0.42784 -5.4
-0.4276 -5.3
-0.42735 -5.2
-0.42711 -5.2
-0.42686 -5.1
-0.42662 -5.0
-0.42638 -4.8
-0.42613 -4.7
-0.42589 -4.6
-0.42564 -4.5
-0.4254 -4.4
-0.42516 -4.2
-0.42491 -4.1
-0.42467 -3.9
-0.42442 -3.8
-0.42418 -3.6
-0.42393 -3.5
-0.42369 -3.3
-0.42345 -3.1
-0.4232 -3.0
-0.42296 -2.8
-0.42271 -2.6
-0.42247 -2.4
-0.42223 -2.2
-0.42198 -2.0
-0.42174 -1.9
-0.42149 -1.7
-0.42125 -1.5
-0.42101 -1.3
-0.42076 -1.1
-0.42052 -0.9
-0.42027 -0.7
-0.42003 -0.5
-0.41978 -0.3
-0.41954 0.0
-0.4193 0.1
-0.41905 0.4
-0.41881 0.6
-0.41856 0.8
-0.41832 1.0
-0.41808 1.2
-0.41783 1.4
-0.41759 1.6
-0.41734 1.8
-0.4171 1.9
-0.41685 2.1
-0.41661 2.3
-0.41637 2.5
-0.41612 2.7
-0.41588 2.9
-0.41563 3.1
-0.41539 3.2
-0.41515 3.4
-0.4149 3.6
-0.41466 3.7
-0.41441 3.9
-0.41417 4.0
-0.41393 4.2
-0.41368 4.3
-0.41344 4.5
-0.41319 4.6
-0.41295 4.7
-0.4127 4.8
-0.41246 4.9
-0.41222 5.1
-0.41197 5.2
-0.41173 5.3
-0.41148 5.3
-0.41124 5.4
-0.411 5.5
-0.41075 5.6
-0.41051 5.6
-0.41026 5.7
-0.41002 5.7
-0.40977 5.8
-0.40953 5.8
-0.40929 5.8
-0.40904 5.8
-0.4088 5.9
-0.40855 5.9
-0.40831 5.9
-0.40807 5.9
-0.40782 5.8
-0.40758 5.8
-0.40733 5.8
-0.40709 5.7
-0.40685 5.7
-0.4066 5.6
-0.40636 5.6
-0.40611 5.5
-0.40587 5.4
-0.40562 5.4
-0.40538 5.3
-0.40514 5.2
-0.40489 5.1
-0.40465 5.0
-0.4044 4.8
-0.40416 4.7
-0.40392 4.6
-0.40367 4.5
-0.40343 4.3
-0.40318 4.2
-0.40294 4.0
-0.40269 3.9
-0.40245 3.7
-0.40221 3.6
-0.40196 3.4
-0.40172 3.2
-0.40147 3.0
-0.40123 2.9
-0.40099 2.7
-0.40074 2.5
-0.4005 2.3
-0.40025 2.1
-0.40001 1.9
-0.39977 1.7
-0.39952 1.5
-0.39928 1.3
-0.39903 1.1
-0.39879 0.9
-0.39854 0.7
-0.3983 0.5
-0.39806 0.3
-0.39781 0.0
-0.39757 -0.2
-0.39732 -0.4
-0.39708 -0.6
-0.39684 -0.8
-0.39659 -1.0
-0.39635 -1.2
-0.3961 -1.4
-0.39586 -1.6
-0.39561 -1.8
-0.39537 -2.0
-0.39513 -2.2
-0.39488 -2.4
-0.39464 -2.6
-0.39439 -2.8
-0.39415 -3.0
-0.39391 -3.2
-0.39366 -3.3
-0.39342 -3.5
-0.39317 -3.7
-0.39293 -3.8
-0.39268 -4.0
-0.39244 -4.1
-0.3922 -4.3
-0.39195 -4.4
-0.39171 -4.6
-0.39146 -4.7
-0.39122 -4.8
-0.39098 -5.0
-0.39073 -5.1
-0.39049 -5.2
-0.39024 -5.3
-0.39 -5.4
-0.38976 -5.5
-0.38951 -5.5
-0.38927 -5.6
-0.38902 -5.7
-0.38878 -5.7
-0.38853 -5.8
-0.38829 -5.8
-0.38805 -5.9
-0.3878 -5.9
-0.38756 -5.9
-0.38731 -5.9
-0.38707 -5.9
-0.38683 -5.9
-0.38658 -5.9
-0.38634 -5.9
-0.38609 -5.9
-0.38585 -5.9
-0.3856 -5.8
-0.38536 -5.8
-0.38512 -5.7
-0.38487 -5.6
-0.38463 -5.6
-0.38438 -5.5
-0.38414 -5.4
-0.3839 -5.3
-0.38365 -5.2
-0.38341 -5.1
-0.38316 -5.0
-0.38292 -4.9
-0.38268 -4.8
-0.38243 -4.6
-0.38219 -4.5
-0.38194 -4.3
-0.3817 -4.2
-0.38145 -4.0
-0.38121 -3.9
-0.38097 -3.7
-0.38072 -3.5
-0.38048 -3.4
-0.38023 -3.2
-0.37999 -3.0
-0.37975 -2.8
-0.3795 -2.6
-0.37926 -2.4
-0.37901 -2.2
-0.37877 -2.0
-0.37852 -1.8
-0.37828 -1.6
-0.37804 -1.4
-0.37779 -1.2
-0.37755 -1.0
-0.3773 -0.8
-0.37706 -0.6
-0.37682 -0.3
-0.37657 -0.1
-0.37633 0.0
-0.37608 0.3
-0.37584 0.5
-0.3756 0.7
-0.37535 1.0
-0.37511 1.2
-0.37486 1.4
-0.37462 1.6
-0.37437 1.8
-0.37413 2.0
-0.37389 2.2
-0.37364 2.4
-0.3734 2.6
-0.37315 2.8
-0.37291 3.0
-0.37267 3.2
-0.37242 3.4
-0.37218 3.5
-0.37193 3.7
-0.37169 3.9
-0.37144 4.1
-0.3712 4.2
-0.37096 4.4
-0.37071 4.5
-0.37047 4.7
-0.37022 4.8
-0.36998 4.9
-0.36974 5.0
-0.36949 5.2
-0.36925 5.3
-0.369 5.4
-0.36876 5.5
-0.36852 5.6
-0.36827 5.6
-0.36803 5.7
-0.36778 5.8
-0.36754 5.8
-0.36729 5.9
-0.36705 5.9
-0.36681 6.0
-0.36656 6.0
-0.36632 6.0
-0.36607 6.0
-0.36583 6.0
-0.36559 6.0
-0.36534 6.0
-0.3651 6.0
-0.36485 5.9
-0.36461 5.9
-0.36436 5.9
-0.36412 5.8
-0.36388 5.7
-0.36363 5.7
-0.36339 5.6
-0.36314 5.5
-0.3629 5.4
-0.36266 5.3
-0.36241 5.2
-0.36217 5.1
-0.36192 5.0
-0.36168 4.8
-0.36143 4.7
-0.36119 4.6
-0.36095 4.4
-0.3607 4.3
-0.36046 4.1
-0.36021 3.9
-0.35997 3.8
-0.35973 3.6
-0.35948 3.4
-0.35924 3.2
-0.35899 3.0
-0.35875 2.8
-0.35851 2.6
-0.35826 2.4
-0.35802 2.2
-0.35777 2.0
-0.35753 1.8
-0.35728 1.6
-0.35704 1.4
-0.3568 1.2
-0.35655 0.9
-0.35631 0.7
-0.35606 0.5
-0.35582 0.3
-0.35558 0.0
-0.35533 -0.2
-0.35509 -0.4
-0.35484 -0.6
-0.3546 -0.8
-0.35435 -1.1
-0.35411 -1.3
-0.35387 -1.5
-0.35362 -1.7
-0.35338 -1.9
-0.35313 -2.1
-0.35289 -2.3
-0.35265 -2.6
-0.3524 -2.8
-0.35216 -3.0
-0.35191 -3.2
-0.35167 -3.3
-0.35143 -3.5
-0.35118 -3.7
-0.35094 -3.9
-0.35069 -4.1
-0.35045 -4.2
-0.3502 -4.4
-0.34996 -4.5
-0.34972 -4.7
-0.34947 -4.8
-0.34923 -5.0
-0.34898 -5.1
-0.34874 -5.2
-0.3485 -5.3
-0.34825 -5.4
-0.34801 -5.5
-0.34776 -5.6
-0.34752 -5.7
-0.34727 -5.8
-0.34703 -5.8
-0.34679 -5.9
-0.34654 -6.0
-0.3463 -6.0
-0.34605 -6.0
-0.34581 -6.1
-0.34557 -6.1
-0.34532 -6.1
-0.34508 -6.1
-0.34483 -6.1
-0.34459 -6.1
-0.34435 -6.0
-0.3441 -6.0
-0.34386 -6.0
-0.34361 -5.9
-0.34337 -5.9
-0.34312 -5.8
-0.34288 -5.7
-0.34264 -5.6
-0.34239 -5.5
-0.34215 -5.4
-0.3419 -5.3
-0.34166 -5.2
-0.34142 -5.1
-0.34117 -5.0
-0.34093 -4.8
-0.34068 -4.7
-0.34044 -4.5
-0.34019 -4.4
-0.33995 -4.2
-0.33971 -4.1
-0.33946 -3.9
-0.33922 -3.7
-0.33897 -3.5
-0.33873 -3.3
-0.33849 -3.1
-0.33824 -2.9
-0.338 -2.7
-0.33775 -2.5
-0.33751 -2.3
-0.33727 -2.1
-0.33702 -1.9
-0.33678 -1.7
-0.33653 -1.4
-0.33629 -1.2
-0.33604 -1.0
-0.3358 -0.8
-0.33556 -0.5
-0.33531 -0.3
-0.33507 0.0
-0.33482 0.2
-0.33458 0.4
-0.33434 0.6
-0.33409 0.9
-0.33385 1.1
-0.3336 1.3
-0.33336 1.5
-0.33311 1.8
-0.33287 2.0
-0.33263 2.2
-0.33238 2.4
-0.33214 2.6
-0.33189 2.8
-0.33165 3.0
-0.33141 3.2
-0.33116 3.4
-0.33092 3.6
-0.33067 3.8
-0.33043 4.0
-0.33018 4.2
-0.32994 4.3
-0.3297 4.5
-0.32945 4.7
-0.32921 4.8
-0.32896 5.0
-0.32872 5.1
-0.32848 5.2
-0.32823 5.3
-0.32799 5.5
-0.32774 5.6
-0.3275 5.7
-0.32726 5.8
-0.32701 5.8
-0.32677 5.9
-0.32652 6.0
-0.32628 6.0
-0.32603 6.1
-0.32579 6.1
-0.32555 6.1
-0.3253 6.2
-0.32506 6.2
-0.32481 6.2
-0.32457 6.2
-0.32433 6.2
-0.32408 6.1
-0.32384 6.1
-0.32359 6.0
-0.32335 6.0
-0.3231 5.9
-0.32286 5.9
-0.32262 5.8
-0.32237 5.7
-0.32213 5.6
-0.32188 5.5
-0.32164 5.4
-0.3214 5.3
-0.32115 5.2
-0.32091 5.0
-0.32066 4.9
-0.32042 4.7
-0.32018 4.6
-0.31993 4.4
-0.31969 4.2
-0.31944 4.1
-0.3192 3.9
-0.31895 3.7
-0.31871 3.5
-0.31847 3.3
-0.31822 3.1
-0.31798 2.9
-0.31773 2.7
-0.31749 2.5
-0.31725 2.2
-0.317 2.0
-0.31676 1.8
-0.31651 1.6
-0.31627 1.3
-0.31602 1.1
-0.31578 0.9
-0.31554 0.6
-0.31529 0.4
-0.31505 0.1
-0.3148 0.0
-0.31456 -0.3
-0.31432 -0.6
-0.31407 -0.8
-0.31383 -1.0
-0.31358 -1.3
-0.31334 -1.5
-0.3131 -1.8
-0.31285 -2.0
-0.31261 -2.2
-0.31236 -2.4
-0.31212 -2.7
-0.31187 -2.9
-0.31163 -3.1
-0.31139 -3.3
-0.31114 -3.5
-0.3109 -3.7
-0.31065 -3.9
-0.31041 -4.1
-0.31017 -4.2
-0.30992 -4.4
-0.30968 -4.6
-0.30943 -4.8
-0.30919 -4.9
-0.30894 -5.1
-0.3087 -5.2
-0.30846 -5.3
-0.30821 -5.4
-0.30797 -5.6
-0.30772 -5.7
-0.30748 -5.8
-0.30724 -5.9
-0.30699 -5.9
-0.30675 -6.0
-0.3065 -6.1
-0.30626 -6.1
-0.30602 -6.2
-0.30577 -6.2
-0.30553 -6.2
-0.30528 -6.3
-0.30504 -6.3
-0.30479 -6.3
-0.30455 -6.2
-0.30431 -6.2
-0.30406 -6.2
-0.30382 -6.2
-0.30357 -6.1
-0.30333 -6.0
-0.30309 -6.0
-0.30284 -5.9
-0.3026 -5.8
-0.30235 -5.7
-0.30211 -5.6
-0.30186 -5.5
-0.30162 -5.4
-0.30138 -5.2
-0.30113 -5.1
-0.30089 -5.0
-0.30064 -4.8
-0.3004 -4.6
-0.30016 -4.5
-0.29991 -4.3
-0.29967 -4.1
-0.29942 -3.9
-0.29918 -3.7
-0.29893 -3.5
-0.29869 -3.3
-0.29845 -3.1
-0.2982 -2.9
-0.29796 -2.7
-0.29771 -2.5
-0.29747 -2.2
-0.29723 -2.0
-0.29698 -1.8
-0.29674 -1.5
-0.29649 -1.3
-0.29625 -1.0
-0.29601 -0.8
-0.29576 -0.6
-0.29552 -0.3
-0.29527 0.0
-0.29503 0.2
-0.29478 0.4
-0.29454 0.7
-0.2943 0.9
-0.29405 1.2
-0.29381 1.4
-0.29356 1.7
-0.29332 1.9
-0.29308 2.1
-0.29283 2.4
-0.29259 2.6
-0.29234 2.8
-0.2921 3.1
-0.29185 3.3
-0.29161 3.5
-0.29137 3.7
-0.29112 3.9
-0.29088 4.1
-0.29063 4.3
-0.29039 4.5
-0.29015 4.6
-0.2899 4.8
-0.28966 5.0
-0.28941 5.1
-0.28917 5.3
-0.28893 5.4
-0.28868 5.5
-0.28844 5.6
-0.28819 5.8
-0.28795 5.9
-0.2877 6.0
-0.28746 6.0
-0.28722 6.1
-0.28697 6.2
-0.28673 6.2
-0.28648 6.3
-0.28624 6.3
-0.286 6.3
-0.28575 6.3
-0.28551 6.4
-0.28526 6.3
-0.28502 6.3
-0.28477 6.3
-0.28453 6.3
-0.28429 6.2
-0.28404 6.2
-0.2838 6.1
-0.28355 6.0
-0.28331 5.9
-0.28307 5.9
-0.28282 5.7
-0.28258 5.6
-0.28233 5.5
-0.28209 5.4
-0.28185 5.2
-0.2816 5.1
-0.28136 4.9
-0.28111 4.8
-0.28087 4.6
-0.28062 4.4
-0.28038 4.2
-0.28014 4.0
-0.27989 3.8
-0.27965 3.6
-0.2794 3.4
-0.27916 3.2
-0.27892 3.0
-0.27867 2.7
-0.27843 2.5
-0.27818 2.3
-0.27794 2.0
-0.27769 1.8
-0.27745 1.5
-0.27721 1.3
-0.27696 1.0
-0.27672 0.8
-0.27647 0.5
-0.27623 0.3
-0.27599 0.0
-0.27574 -0.2
-0.2755 -0.5
-0.27525 -0.8
-0.27501 -1.0
-0.27477 -1.3
-0.27452 -1.5
-0.27428 -1.8
-0.27403 -2.0
-0.27379 -2.3
-0.27354 -2.5
-0.2733 -2.7
-0.27306 -3.0
-0.27281 -3.2
-0.27257 -3.4
-0.27232 -3.6
-0.27208 -3.9
-0.27184 -4.1
-0.27159 -4.3
-0.27135 -4.5
-0.2711 -4.6
-0.27086 -4.8
-0.27061 -5.0
-0.27037 -5.1
-0.27013 -5.3
-0.26988 -5.4
-0.26964 -5.6
-0.26939 -5.7
-0.26915 -5.8
-0.26891 -5.9
-0.26866 -6.0
-0.26842 -6.1
-0.26817 -6.2
-0.26793 -6.3
-0.26768 -6.3
-0.26744 -6.4
-0.2672 -6.4
-0.26695 -6.4
-0.26671 -6.4
-0.26646 -6.5
-0.26622 -6.4
-0.26598 -6.4
-0.26573 -6.4
-0.26549 -6.4
-0.26524 -6.3
-0.265 -6.3
-0.26476 -6.2
-0.26451 -6.1
-0.26427 -6.0
-0.26402 -5.9
-0.26378 -5.8
-0.26353 -5.7
-0.26329 -5.5
-0.26305 -5.4
-0.2628 -5.3
-0.26256 -5.1
-0.26231 -4.9
-0.26207 -4.8
-0.26183 -4.6
-0.26158 -4.4
-0.26134 -4.2
-0.26109 -4.0
-0.26085 -3.8
-0.2606 -3.5
-0.26036 -3.3
-0.26012 -3.1
-0.25987 -2.9
-0.25963 -2.6
-0.25938 -2.4
-0.25914 -2.1
-0.2589 -1.9
-0.25865 -1.6
-0.25841 -1.3
-0.25816 -1.1
-0.25792 -0.8
-0.25768 -0.5
-0.25743 -0.3
-0.25719 0.0
-0.25694 0.3
-0.2567 0.5
-0.25645 0.8
-0.25621 1.1
-0.25597 1.3
-0.25572 1.6
-0.25548 1.8
-0.25523 2.1
-0.25499 2.4
-0.25475 2.6
-0.2545 2.9
-0.25426 3.1
-0.25401 3.3
-0.25377 3.6
-0.25352 3.8
-0.25328 4.0
-0.25304 4.2
-0.25279 4.4
-0.25255 4.6
-0.2523 4.8
-0.25206 5.0
-0.25182 5.2
-0.25157 5.3
-0.25133 5.5
-0.25108 5.6
-0.25084 5.8
-0.2506 5.9
-0.25035 6.0
-0.25011 6.1
-0.24986 6.2
-0.24962 6.3
-0.24937 6.4
-0.24913 6.4
-0.24889 6.5
-0.24864 6.5
-0.2484 6.5
-0.24815 6.6
-0.24791 6.6
-0.24767 6.6
-0.24742 6.5
-0.24718 6.5
-0.24693 6.5
-0.24669 6.4
-0.24644 6.3
-0.2462 6.3
-0.24596 6.2
-0.24571 6.1
-0.24547 6.0
-0.24522 5.9
-0.24498 5.7
-0.24474 5.6
-0.24449 5.5
-0.24425 5.3
-0.244 5.1
-0.24376 5.0
-0.24352 4.8
-0.24327 4.6
-0.24303 4.4
-0.24278 4.2
-0.24254 3.9
-0.24229 3.7
-0.24205 3.5
-0.24181 3.2
-0.24156 3.0
-0.24132 2.8
-0.24107 2.5
-0.24083 2.2
-0.24059 2.0
-0.24034 1.7
-0.2401 1.4
-0.23985 1.2
-0.23961 0.9
-0.23936 0.6
-0.23912 0.3
-0.23888 0.0
-0.23863 -0.2
-0.23839 -0.5
-0.23814 -0.8
-0.2379 -1.1
-0.23766 -1.3
-0.23741 -1.6
-0.23717 -1.9
-0.23692 -2.2
-0.23668 -2.4
-0.23643 -2.7
-0.23619 -2.9
-0.23595 -3.2
-0.2357 -3.4
-0.23546 -3.7
-0.23521 -3.9
-0.23497 -4.1
-0.23473 -4.3
-0.23448 -4.6
-0.23424 -4.8
-0.23399 -5.0
-0.23375 -5.1
-0.23351 -5.3
-0.23326 -5.5
-0.23302 -5.6
-0.23277 -5.8
-0.23253 -5.9
-0.23228 -6.0
-0.23204 -6.2
-0.2318 -6.3
-0.23155 -6.4
-0.23131 -6.4
-0.23106 -6.5
-0.23082 -6.6
-0.23058 -6.6
-0.23033 -6.6
-0.23009 -6.7
-0.22984 -6.7
-0.2296 -6.7
-0.22935 -6.6
-0.22911 -6.6
-0.22887 -6.6
-0.22862 -6.5
-0.22838 -6.5
-0.22813 -6.4
-0.22789 -6.3
-0.22765 -6.2
-0.2274 -6.1
-0.22716 -6.0
-0.22691 -5.8
-0.22667 -5.7
-0.22643 -5.5
-0.22618 -5.4
-0.22594 -5.2
-0.22569 -5.0
-0.22545 -4.8
-0.2252 -4.6
-0.22496 -4.4
-0.22472 -4.2
-0.22447 -3.9
-0.22423 -3.7
-0.22398 -3.4
-0.22374 -3.2
-0.2235 -2.9
-0.22325 -2.7
-0.22301 -2.4
-0.22276 -2.1
-0.22252 -1.9
-0.22227 -1.6
-0.22203 -1.3
-0.22179 -1.0
-0.22154 -0.7
-0.2213 -0.4
-0.22105 -0.1
-0.22081 0.2
-0.22057 0.5
-0.22032 0.7
-0.22008 1.0
-0.21983 1.3
-0.21959 1.6
-0.21935 1.9
-0.2191 2.2
-0.21886 2.4
-0.21861 2.7
-0.21837 3.0
-0.21812 3.2
-0.21788 3.5
-0.21764 3.8
-0.21739 4.0
-0.21715 4.2
-0.2169 4.5
-0.21666 4.7
-0.21642 4.9
-0.21617 5.1
-0.21593 5.3
-0.21568 5.5
-0.21544 5.6
-0.21519 5.8
-0.21495 5.9
-0.21471 6.1
-0.21446 6.2
-0.21422 6.3
-0.21397 6.4
-0.21373 6.5
-0.21349 6.6
-0.21324 6.7
-0.213 6.7
-0.21275 6.7
-0.21251 6.8
-0.21227 6.8
-0.21202 6.8
-0.21178 6.8
-0.21153 6.7
-0.21129 6.7
-0.21104 6.7
-0.2108 6.6
-0.21056 6.5
-0.21031 6.4
-0.21007 6.3
-0.20982 6.2
-0.20958 6.1
-0.20934 5.9
-0.20909 5.8
-0.20885 5.6
-0.2086 5.4
-0.20836 5.3
-0.20811 5.1
-0.20787 4.9
-0.20763 4.6
-0.20738 4.4
-0.20714 4.2
-0.20689 3.9
-0.20665 3.7
-0.20641 3.4
-0.20616 3.2
-0.20592 2.9
-0.20567 2.6
-0.20543 2.3
-0.20518 2.0
-0.20494 1.7
-0.2047 1.5
-0.20445 1.2
-0.20421 0.9
-0.20396 0.5
-0.20372 0.2
-0.20348 0.0
-0.20323 -0.4
-0.20299 -0.7
-0.20274 -1.0
-0.2025 -1.3
-0.20226 -1.6
-0.20201 -1.9
-0.20177 -2.2
-0.20152 -2.5
-0.20128 -2.7
-0.20103 -3.0
-0.20079 -3.3
-0.20055 -3.6
-0.2003 -3.8
-0.20006 -4.1
-0.19981 -4.3
-0.19957 -4.6
-0.19933 -4.8
-0.19908 -5.0
-0.19884 -5.2
-0.19859 -5.4
-0.19835 -5.6
-0.1981 -5.8
-0.19786 -5.9
-0.19762 -6.1
-0.19737 -6.2
-0.19713 -6.4
-0.19688 -6.5
-0.19664 -6.6
-0.1964 -6.7
-0.19615 -6.7
-0.19591 -6.8
-0.19566 -6.9
-0.19542 -6.9
-0.19518 -6.9
-0.19493 -6.9
-0.19469 -6.9
-0.19444 -6.9
-0.1942 -6.8
-0.19395 -6.8
-0.19371 -6.7
-0.19347 -6.6
-0.19322 -6.6
-0.19298 -6.4
-0.19273 -6.3
-0.19249 -6.2
-0.19225 -6.0
-0.192 -5.9
-0.19176 -5.7
-0.19151 -5.5
-0.19127 -5.3
-0.19102 -5.1
-0.19078 -4.9
-0.19054 -4.7
-0.19029 -4.4
-0.19005 -4.2
-0.1898 -3.9
-0.18956 -3.7
-0.18932 -3.4
-0.18907 -3.1
-0.18883 -2.8
-0.18858 -2.5
-0.18834 -2.2
-0.1881 -1.9
-0.18785 -1.6
-0.18761 -1.3
-0.18736 -1.0
-0.18712 -0.7
-0.18687 -0.4
-0.18663 0.0
-0.18639 0.3
-0.18614 0.6
-0.1859 0.9
-0.18565 1.2
-0.18541 1.6
-0.18517 1.9
-0.18492 2.2
-0.18468 2.5
-0.18443 2.8
-0.18419 3.1
-0.18394 3.4
-0.1837 3.6
-0.18346 3.9
-0.18321 4.2
-0.18297 4.4
-0.18272 4.7
-0.18248 4.9
-0.18224 5.2
-0.18199 5.4
-0.18175 5.6
-0.1815 5.8
-0.18126 6.0
-0.18102 6.1
-0.18077 6.3
-0.18053 6.4
-0.18028 6.5
-0.18004 6.7
-0.17979 6.8
-0.17955 6.8
-0.17931 6.9
-0.17906 7.0
-0.17882 7.0
-0.17857 7.0
-0.17833 7.1
-0.17809 7.0
-0.17784 7.0
-0.1776 7.0
-0.17735 6.9
-0.17711 6.9
-0.17686 6.8
-0.17662 6.7
-0.17638 6.6
-0.17613 6.5
-0.17589 6.3
-0.17564 6.2
-0.1754 6.0
-0.17516 5.8
-0.17491 5.6
-0.17467 5.4
-0.17442 5.2
-0.17418 5.0
-0.17393 4.7
-0.17369 4.5
-0.17345 4.2
-0.1732 3.9
-0.17296 3.7
-0.17271 3.4
-0.17247 3.1
-0.17223 2.8
-0.17198 2.4
-0.17174 2.1
-0.17149 1.8
-0.17125 1.5
-0.17101 1.2
-0.17076 0.8
-0.17052 0.5
-0.17027 0.1
-0.17003 -0.2
-0.16978 -0.5
-0.16954 -0.9
-0.1693 -1.2
-0.16905 -1.5
-0.16881 -1.9
-0.16856 -2.2
-0.16832 -2.5
-0.16808 -2.8
-0.16783 -3.1
-0.16759 -3.4
-0.16734 -3.7
-0.1671 -4.0
-0.16685 -4.3
-0.16661 -4.6
-0.16637 -4.8
-0.16612 -5.1
-0.16588 -5.3
-0.16563 -5.6
-0.16539 -5.8
-0.16515 -6.0
-0.1649 -6.1
-0.16466 -6.3
-0.16441 -6.5
-0.16417 -6.6
-0.16393 -6.8
-0.16368 -6.9
-0.16344 -7.0
-0.16319 -7.0
-0.16295 -7.1
-0.1627 -7.2
-0.16246 -7.2
-0.16222 -7.2
-0.16197 -7.2
-0.16173 -7.2
-0.16148 -7.2
-0.16124 -7.1
-0.161 -7.0
-0.16075 -6.9
-0.16051 -6.8
-0.16026 -6.7
-0.16002 -6.6
-0.15977 -6.4
-0.15953 -6.3
-0.15929 -6.1
-0.15904 -5.9
-0.1588 -5.7
-0.15855 -5.5
-0.15831 -5.2
-0.15807 -5.0
-0.15782 -4.7
-0.15758 -4.5
-0.15733 -4.2
-0.15709 -3.9
-0.15685 -3.6
-0.1566 -3.3
-0.15636 -3.0
-0.15611 -2.6
-0.15587 -2.3
-0.15562 -2.0
-0.15538 -1.6
-0.15514 -1.3
-0.15489 -0.9
-0.15465 -0.6
-0.1544 -0.2
-0.15416 0.1
-0.15392 0.5
-0.15367 0.9
-0.15343 1.2
-0.15318 1.6
-0.15294 1.9
-0.15269 2.3
-0.15245 2.6
-0.15221 2.9
-0.15196 3.3
-0.15172 3.6
-0.15147 3.9
-0.15123 4.2
-0.15099 4.5
-0.15074 4.8
-0.1505 5.0
-0.15025 5.3
-0.15001 5.5
-0.14977 5.8
-0.14952 6.0
-0.14928 6.2
-0.14903 6.4
-0.14879 6.6
-0.14854 6.7
-0.1483 6.9
-0.14806 7.0
-0.14781 7.1
-0.14757 7.2
-0.14732 7.3
-0.14708 7.3
-0.14684 7.4
-0.14659 7.4
-0.14635 7.4
-0.1461 7.4
-0.14586 7.3
-0.14561 7.3
-0.14537 7.2
-0.14513 7.1
-0.14488 7.0
-0.14464 6.9
-0.14439 6.7
-0.14415 6.6
-0.14391 6.4
-0.14366 6.2
-0.14342 6.0
-0.14317 5.7
-0.14293 5.5
-0.14268 5.3
-0.14244 5.0
-0.1422 4.7
-0.14195 4.4
-0.14171 4.1
-0.14146 3.8
-0.14122 3.5
-0.14098 3.1
-0.14073 2.8
-0.14049 2.4
-0.14024 2.1
-0.14 1.7
-0.13976 1.3
-0.13951 1.0
-0.13927 0.6
-0.13902 0.2
-0.13878 -0.2
-0.13853 -0.5
-0.13829 -0.9
-0.13805 -1.3
-0.1378 -1.7
-0.13756 -2.0
-0.13731 -2.4
-0.13707 -2.8
-0.13683 -3.1
-0.13658 -3.5
-0.13634 -3.8
-0.13609 -4.1
-0.13585 -4.4
-0.1356 -4.7
-0.13536 -5.0
-0.13512 -5.3
-0.13487 -5.6
-0.13463 -5.8
-0.13438 -6.1
-0.13414 -6.3
-0.1339 -6.5
-0.13365 -6.7
-0.13341 -6.9
-0.13316 -7.0
-0.13292 -7.2
-0.13268 -7.3
-0.13243 -7.4
-0.13219 -7.4
-0.13194 -7.5
-0.1317 -7.5
-0.13145 -7.6
-0.13121 -7.6
-0.13097 -7.5
-0.13072 -7.5
-0.13048 -7.4
-0.13023 -7.3
-0.12999 -7.2
-0.12975 -7.1
-0.1295 -7.0
-0.12926 -6.8
-0.12901 -6.6
-0.12877 -6.4
-0.12852 -6.2
-0.12828 -6.0
-0.12804 -5.7
-0.12779 -5.5
-0.12755 -5.2
-0.1273 -4.9
-0.12706 -4.6
-0.12682 -4.2
-0.12657 -3.9
-0.12633 -3.6
-0.12608 -3.2
-0.12584 -2.8
-0.1256 -2.5
-0.12535 -2.1
-0.12511 -1.7
-0.12486 -1.3
-0.12462 -0.9
-0.12437 -0.5
-0.12413 -0.1
-0.12389 0.3
-0.12364 0.7
-0.1234 1.1
-0.12315 1.5
-0.12291 1.9
-0.12267 2.3
-0.12242 2.7
-0.12218 3.1
-0.12193 3.4
-0.12169 3.8
-0.12144 4.1
-0.1212 4.5
-0.12096 4.8
-0.12071 5.1
-0.12047 5.4
-0.12022 5.7
-0.11998 6.0
-0.11974 6.2
-0.11949 6.5
-0.11925 6.7
-0.119 6.9
-0.11876 7.1
-0.11852 7.2
-0.11827 7.4
-0.11803 7.5
-0.11778 7.6
-0.11754 7.7
-0.11729 7.7
-0.11705 7.7
-0.11681 7.8
-0.11656 7.7
-0.11632 7.7
-0.11607 7.6
-0.11583 7.6
-0.11559 7.5
-0.11534 7.3
-0.1151 7.2
-0.11485 7.0
-0.11461 6.8
-0.11436 6.6
-0.11412 6.4
-0.11388 6.2
-0.11363 5.9
-0.11339 5.6
-0.11314 5.3
-0.1129 5.0
-0.11266 4.6
-0.11241 4.3
-0.11217 3.9
-0.11192 3.6
-0.11168 3.2
-0.11143 2.8
-0.11119 2.4
-0.11095 2.0
-0.1107 1.6
-0.11046 1.1
-0.11021 0.7
-0.10997 0.3
-0.10973 -0.2
-0.10948 -0.6
-0.10924 -1.0
-0.10899 -1.5
-0.10875 -1.9
-0.10851 -2.3
-0.10826 -2.7
-0.10802 -3.1
-0.10777 -3.5
-0.10753 -3.9
-0.10728 -4.3
-0.10704 -4.6
-0.1068 -5.0
-0.10655 -5.3
-0.10631 -5.7
-0.10606 -6.0
-0.10582 -6.2
-0.10558 -6.5
-0.10533 -6.8
-0.10509 -7.0
-0.10484 -7.2
-0.1046 -7.4
-0.10435 -7.5
-0.10411 -7.7
-0.10387 -7.8
-0.10362 -7.9
-0.10338 -7.9
-0.10313 -8.0
-0.10289 -8.0
-0.10265 -8.0
-0.1024 -7.9
-0.10216 -7.9
-0.10191 -7.8
-0.10167 -7.7
-0.10143 -7.5
-0.10118 -7.4
-0.10094 -7.2
-0.10069 -7.0
-0.10045 -6.8
-0.1002 -6.5
-0.09996 -6.2
-0.09972 -5.9
-0.09947 -5.6
-0.09923 -5.3
-0.09898 -4.9
-0.09874 -4.6
-0.0985 -4.2
-0.09825 -3.8
-0.09801 -3.4
-0.09776 -3.0
-0.09752 -2.5
-0.09727 -2.1
-0.09703 -1.6
-0.09679 -1.2
-0.09654 -0.7
-0.0963 -0.2
-0.09605 0.2
-0.09581 0.7
-0.09557 1.2
-0.09532 1.6
-0.09508 2.1
-0.09483 2.5
-0.09459 3.0
-0.09435 3.4
-0.0941 3.8
-0.09386 4.2
-0.09361 4.6
-0.09337 5.0
-0.09312 5.4
-0.09288 5.7
-0.09264 6.1
-0.09239 6.4
-0.09215 6.7
-0.0919 6.9
-0.09166 7.2
-0.09142 7.4
-0.09117 7.6
-0.09093 7.8
-0.09068 7.9
-0.09044 8.0
-0.09019 8.1
-0.08995 8.2
-0.08971 8.2
-0.08946 8.2
-0.08922 8.2
-0.08897 8.2
-0.08873 8.1
-0.08849 8.0
-0.08824 7.8
-0.088 7.7
-0.08775 7.5
-0.08751 7.3
-0.08727 7.0
-0.08702 6.7
-0.08678 6.5
-0.08653 6.1
-0.08629 5.8
-0.08604 5.4
-0.0858 5.1
-0.08556 4.6
-0.08531 4.2
-0.08507 3.8
-0.08482 3.3
-0.08458 2.9
-0.08434 2.4
-0.08409 1.9
-0.08385 1.4
-0.0836 0.9
-0.08336 0.4
-0.08311 0.0
-0.08287 -0.6
-0.08263 -1.1
-0.08238 -1.6
-0.08214 -2.1
-0.08189 -2.6
-0.08165 -3.1
-0.08141 -3.5
-0.08116 -4.0
-0.08092 -4.4
-0.08067 -4.9
-0.08043 -5.3
-0.08018 -5.7
-0.07994 -6.1
-0.0797 -6.4
-0.07945 -6.7
-0.07921 -7.1
-0.07896 -7.3
-0.07872 -7.6
-0.07848 -7.8
-0.07823 -8.0
-0.07799 -8.2
-0.07774 -8.3
-0.0775 -8.4
-0.07726 -8.5
-0.07701 -8.5
-0.07677 -8.5
-0.07652 -8.5
-0.07628 -8.4
-0.07603 -8.4
-0.07579 -8.2
-0.07555 -8.1
-0.0753 -7.9
-0.07506 -7.7
-0.07481 -7.4
-0.07457 -7.1
-0.07433 -6.8
-0.07408 -6.5
-0.07384 -6.1
-0.07359 -5.7
-0.07335 -5.3
-0.0731 -4.9
-0.07286 -4.4
-0.07262 -3.9
-0.07237 -3.5
-0.07213 -2.9
-0.07188 -2.4
-0.07164 -1.9
-0.0714 -1.4
-0.07115 -0.8
-0.07091 -0.3
-0.07066 0.3
-0.07042 0.9
-0.07018 1.4
-0.06993 2.0
-0.06969 2.5
-0.06944 3.0
-0.0692 3.6
-0.06895 4.1
-0.06871 4.6
-0.06847 5.0
-0.06822 5.5
-0.06798 5.9
-0.06773 6.3
-0.06749 6.7
-0.06725 7.1
-0.067 7.4
-0.06676 7.7
-0.06651 8.0
-0.06627 8.2
-0.06602 8.4
-0.06578 8.6
-0.06554 8.7
-0.06529 8.8
-0.06505 8.9
-0.0648 8.9
-0.06456 8.9
-0.06432 8.8
-0.06407 8.7
-0.06383 8.6
-0.06358 8.4
-0.06334 8.2
-0.0631 7.9
-0.06285 7.6
-0.06261 7.3
-0.06236 6.9
-0.06212 6.6
-0.06187 6.1
-0.06163 5.7
-0.06139 5.2
-0.06114 4.7
-0.0609 4.2
-0.06065 3.7
-0.06041 3.1
-0.06017 2.5
-0.05992 1.9
-0.05968 1.3
-0.05943 0.7
-0.05919 0.1
-0.05894 -0.5
-0.0587 -1.1
-0.05846 -1.7
-0.05821 -2.3
-0.05797 -2.9
-0.05772 -3.5
-0.05748 -4.1
-0.05724 -4.7
-0.05699 -5.2
-0.05675 -5.7
-0.0565 -6.2
-0.05626 -6.7
-0.05602 -7.1
-0.05577 -7.5
-0.05553 -7.8
-0.05528 -8.2
-0.05504 -8.4
-0.05479 -8.7
-0.05455 -8.9
-0.05431 -9.1
-0.05406 -9.2
-0.05382 -9.3
-0.05357 -9.3
-0.05333 -9.3
-0.05309 -9.2
-0.05284 -9.1
-0.0526 -8.9
-0.05235 -8.7
-0.05211 -8.5
-0.05186 -8.2
-0.05162 -7.9
-0.05138 -7.5
-0.05113 -7.1
-0.05089 -6.6
-0.05064 -6.1
-0.0504 -5.6
-0.05016 -5.1
-0.04991 -4.5
-0.04967 -3.9
-0.04942 -3.2
-0.04918 -2.6
-0.04893 -1.9
-0.04869 -1.3
-0.04845 -0.6
-0.0482 0.1
-0.04796 0.8
-0.04771 1.5
-0.04747 2.2
-0.04723 2.9
-0.04698 3.6
-0.04674 4.2
-0.04649 4.8
-0.04625 5.4
-0.04601 6.0
-0.04576 6.6
-0.04552 7.1
-0.04527 7.6
-0.04503 8.0
-0.04478 8.4
-0.04454 8.7
-0.0443 9.0
-0.04405 9.3
-0.04381 9.5
-0.04356 9.6
-0.04332 9.7
-0.04308 9.8
-0.04283 9.8
-0.04259 9.7
-0.04234 9.5
-0.0421 9.4
-0.04185 9.1
-0.04161 8.8
-0.04137 8.5
-0.04112 8.0
-0.04088 7.6
-0.04063 7.1
-0.04039 6.5
-0.04015 5.9
-0.0399 5.3
-0.03966 4.6
-0.03941 3.9
-0.03917 3.2
-0.03893 2.5
-0.03868 1.7
-0.03844 0.9
-0.03819 0.1
-0.03795 -0.7
-0.0377 -1.5
-0.03746 -2.3
-0.03722 -3.0
-0.03697 -3.8
-0.03673 -4.6
-0.03648 -5.3
-0.03624 -6.0
-0.036 -6.6
-0.03575 -7.3
-0.03551 -7.8
-0.03526 -8.4
-0.03502 -8.8
-0.03477 -9.2
-0.03453 -9.6
-0.03429 -9.9
-0.03404 -10.1
-0.0338 -10.3
-0.03355 -10.4
-0.03331 -10.4
-0.03307 -10.3
-0.03282 -10.2
-0.03258 -10.0
-0.03233 -9.7
-0.03209 -9.4
-0.03185 -9.0
-0.0316 -8.5
-0.03136 -8.0
-0.03111 -7.4
-0.03087 -6.7
-0.03062 -6.0
-0.03038 -5.2
-0.03014 -4.4
-0.02989 -3.6
-0.02965 -2.7
-0.0294 -1.8
-0.02916 -0.8
-0.02892 0.0
-0.02867 1.0
-0.02843 2.0
-0.02818 2.9
-0.02794 3.8
-0.02769 4.7
-0.02745 5.6
-0.02721 6.4
-0.02696 7.2
-0.02672 7.9
-0.02647 8.6
-0.02623 9.2
-0.02599 9.7
-0.02574 10.2
-0.0255 10.6
-0.02525 10.8
-0.02501 11.0
-0.02477 11.1
-0.02452 11.2
-0.02428 11.1
-0.02403 10.9
-0.02379 10.6
-0.02354 10.2
-0.0233 9.7
-0.02306 9.2
-0.02281 8.5
-0.02257 7.8
-0.02232 7.0
-0.02208 6.1
-0.02184 5.1
-0.02159 4.1
-0.02135 3.0
-0.0211 1.9
-0.02086 0.8
-0.02061 -0.3
-0.02037 -1.5
-0.02013 -2.6
-0.01988 -3.8
-0.01964 -4.9
-0.01939 -6.0
-0.01915 -7.0
-0.01891 -8.0
-0.01866 -8.9
-0.01842 -9.7
-0.01817 -10.4
-0.01793 -11.0
-0.01768 -11.5
-0.01744 -11.8
-0.0172 -12.1
-0.01695 -12.2
-0.01671 -12.2
-0.01646 -12.0
-0.01622 -11.7
-0.01598 -11.2
-0.01573 -10.6
-0.01549 -9.9
-0.01524 -9.1
-0.015 -8.1
-0.01476 -7.0
-0.01451 -5.8
-0.01427 -4.5
-0.01402 -3.2
-0.01378 -1.7
-0.01353 -0.3
-0.01329 1.2
-0.01305 2.7
-0.0128 4.2
-0.01256 5.6
-0.01231 7.0
-0.01207 8.3
-0.01183 9.5
-0.01158 10.6
-0.01134 11.6
-0.01109 12.4
-0.01085 13.0
-0.0106 13.4
-0.01036 13.6
-0.01012 13.6
-0.00987 13.3
-0.00963 12.9
-0.00938 12.2
-0.00914 11.3
-0.0089 10.1
-0.00865 8.8
-0.00841 7.3
-0.00816 5.6
-0.00792 3.7
-0.00768 1.8
-0.00743 -0.2
-0.00719 -2.3
-0.00694 -4.4
-0.0067 -6.4
-0.00645 -8.3
-0.00621 -10.1
-0.00597 -11.7
-0.00572 -13.1
-0.00548 -14.2
-0.00523 -15.0
-0.00499 -15.4
-0.00475 -15.5
-0.0045 -15.1
-0.00426 -14.3
-0.00401 -13.1
-0.00377 -11.5
-0.00352 -9.5
-0.00328 -7.2
-0.00304 -4.5
-0.00279 -1.7
-0.00255 1.4
-0.0023 4.5
-0.00206 7.5
-0.00182 10.4
-0.00157 12.9
-0.00133 15.0
-0.00108 16.5
-0.00084 17.4
-0.0006 17.4
-0.00035 16.5
-0.00011 14.7
0.00014 12.0
0.00038 8.5
0.00063 4.4
0.00087 -0.1
0.00111 -4.6
0.00136 -8.8
0.0016 -12.3
0.00185 -14.8
0.00209 -16.0
0.00233 -15.9
0.00258 -14.4
0.00282 -11.7
0.00307 -8.0
0.00331 -3.7
0.00356 0.8
0.0038 4.9
0.00404 8.2
0.00429 10.5
0.00453 11.6
0.00478 11.3
0.00502 9.9
0.00526 7.4
0.00551 4.4
0.00575 1.2
0.006 -1.9
0.00624 -4.4
0.00648 -6.2
0.00673 -7.1
0.00697 -7.1
0.00722 -6.3
0.00746 -4.8
0.00771 -2.9
0.00795 -0.8
0.00819 1.1
0.00844 2.7
0.00868 3.8
0.00893 4.3
0.00917 4.2
0.00941 3.6
0.00966 2.6
0.0099 1.4
0.01015 0.2
0.01039 -0.9
0.01064 -1.8
0.01088 -2.4
0.01112 -2.5
0.01137 -2.4
0.01161 -2.0
0.01186 -1.3
0.0121 -0.6
0.01234 0.1
0.01259 0.8
0.01283 1.2
0.01308 1.5
0.01332 1.5
0.01357 1.4
0.01381 1.0
0.01405 0.6
0.0143 0.2
0.01454 -0.2
0.01479 -0.6
0.01503 -0.8
0.01527 -0.9
0.01552 -0.9
0.01576 -0.7
0.01601 -0.5
0.01625 -0.3
0.01649 0.0
0.01674 0.2
0.01698 0.4
0.01723 0.5
0.01747 0.6
0.01772 0.5
0.01796 0.4
0.0182 0.3
0.01845 0.0
0.01869 0.0
0.01894 -0.2
0.01918 -0.3
0.01942 -0.3
0.01967 -0.3
0.01991 -0.3
0.02016 -0.2
0.0204 -0.1
0.02065 0.0
0.02089 0.0
0.02113 0.1
0.02138 0.2
0.02162 0.2
0.02187 0.2
0.02211 0.2
0.02235 0.1
0.0226 0.0
0.02284 0.0
0.02309 0.0
0.02333 0.0
0.02357 -0.1
0.02382 -0.1
0.02406 -0.1
0.02431 0.0
0.02455 0.0
0.0248 0.0
0.02504 0.0
0.02528 0.0
0.02553 0.0
0.02577 0.0
0.02602 0.0
0.02626 0.0
0.0265 0.0
0.02675 0.0
0.02699 0.0
0.02724 0.0
0.02748 0.0
0.02773 0.0
0.02797 0.0
0.02821 0.0
0.02846 0.0
0.0287 0.0
0.02895 0.0
0.02919 0.0
0.02943 0.0
0.02968 0.0
0.02992 0.0
0.03017 0.0
0.03041 0.0
0.03065 0.0
0.0309 0.0
0.03114 0.0
0.03139 0.0
0.03163 0.0
0.03188 0.0
0.03212 0.0
0.03236 0.0
0.03261 0.0
0.03285 0.0
0.0331 0.0
0.03334 0.0
0.03358 0.0
0.03383 0.0
0.03407 0.0
0.03432 0.0
0.03456 0.0
0.03481 0.0
0.03505 0.0
0.03529 0.0
0.03554 0.0
0.03578 0.0
0.03603 0.0
0.03627 0.0
0.03651 0.0
0.03676 0.0
0.037 0.0
0.03725 0.0
0.03749 0.0
0.03773 0.0
0.03798 0.0
0.03822 0.0
0.03847 0.0
0.03871 0.0
0.03896 0.0
0.0392 0.0
0.03944 0.0
0.03969 0.0
0.03993 0.0
0.04018 0.0
0.04042 0.0
0.04066 0.0
0.04091 0.0
0.04115 0.0
0.0414 0.0
0.04164 0.0
0.04189 0.0
0.04213 0.0
0.04237 0.0
0.04262 0.0
0.04286 0.0
0.04311 0.0
0.04335 0.0
0.04359 0.0
0.04384 0.0
0.04408 0.0
0.04433 0.0
0.04457 0.0
0.04482 0.0
0.04506 0.0
0.0453 0.0
0.04555 0.0
0.04579 0.0
0.04604 0.0
0.04628 0.0
0.04652 0.0
0.04677 0.0
0.04701 0.0
0.04726 0.0
0.0475 0.0
0.04774 0.0
0.04799 0.0
0.04823 0.0
0.04848 0.0
0.04872 0.0
0.04897 0.0
0.04921 0.0
0.04945 0.0
0.0497 0.0
0.04994 0.0
0.05019 0.0
0.05043 0.0
0.05067 0.0
0.05092 0.0
0.05116 0.0
0.05141 0.0
0.05165 0.0
0.0519 0.0
0.05214 0.0
0.05238 0.0
0.05263 0.0
0.05287 0.0
0.05312 0.0
0.05336 0.0
0.0536 0.0
0.05385 0.0
0.05409 0.0
0.05434 0.0
0.05458 0.0
0.05482 0.0
0.05507 0.0
0.05531 0.0
0.05556 0.0
0.0558 0.0
0.05605 0.0
0.05629 0.0
0.05653 0.0
0.05678 0.0
0.05702 0.0
0.05727 0.0
0.05751 0.0
0.05775 0.0
0.058 0.0
0.05824 0.0
0.05849 0.0
0.05873 0.0
0.05898 0.0
0.05922 0.0
0.05946 0.0
0.05971 0.0
0.05995 0.0
0.0602 0.0
0.06044 0.0
0.06068 0.0
0.06093 0.0
0.06117 0.0
0.06142 0.0
0.06166 0.0
0.0619 0.0
0.06215 0.0
0.06239 0.0
0.06264 0.0
0.06288 0.0
0.06313 0.0
0.06337 0.0
0.06361 0.0
0.06386 0.0
0.0641 0.0
0.06435 0.0
0.06459 0.0
0.06483 0.0
0.06508 0.0
0.06532 0.0
0.06557 0.0
0.06581 0.0
0.06606 0.0
0.0663 0.0
0.06654 0.0
0.06679 0.0
0.06703 0.0
0.06728 0.0
0.06752 0.0
0.06776 0.0
0.06801 0.0
0.06825 0.0
0.0685 0.0
0.06874 0.0
0.06898 0.0
0.06923 0.0
0.06947 0.0
0.06972 0.0
0.06996 0.0
0.07021 0.0
0.07045 0.0
0.07069 0.0
0.07094 0.0
0.07118 0.0
0.07143 0.0
0.07167 0.0
0.07191 0.0
0.07216 0.0
0.0724 0.0
0.07265 0.0
0.07289 0.0
0.07314 0.0
0.07338 0.0
0.07362 0.0
0.07387 0.0
0.07411 0.0
0.07436 0.0
0.0746 0.0
0.07484 0.0
0.07509 0.0
0.07533 0.0
0.07558 0.0
0.07582 0.0
0.07607 0.0
0.07631 0.0
0.07655 0.0
0.0768 0.0
0.07704 0.0
0.07729 0.0
0.07753 0.0
0.07777 0.0
0.07802 0.0
0.07826 0.0
0.07851 0.0
0.07875 0.0
0.07899 0.0
0.07924 0.0
0.07948 0.0
0.07973 0.0
0.07997 0.0
0.08022 0.0
0.08046 0.0
0.0807 0.0
0.08095 0.0
0.08119 0.0
0.08144 0.0
0.08168 0.0
0.08192 0.0
0.08217 0.0
0.08241 0.0
0.08266 0.0
0.0829 0.0
0.08315 0.0
0.08339 0.0
0.08363 0.0
0.08388 0.0
0.08412 0.0
0.08437 0.0
0.08461 0.0
0.08485 0.0
0.0851 0.0
0.08534 0.0
0.08559 0.0
0.08583 0.0
0.08607 0.0
0.08632 0.0
0.08656 0.0
0.08681 0.0
0.08705 0.0
0.0873 0.0
0.08754 0.0
0.08778 0.0
0.08803 0.0
0.08827 0.0
0.08852 0.0
0.08876 0.0
0.089 0.0
0.08925 0.0
0.08949 0.0
0.08974 0.0
0.08998 0.0
0.09023 0.0
0.09047 0.0
0.09071 0.0
0.09096 0.0
0.0912 0.0
0.09145 0.0
0.09169 0.0
0.09193 0.0
0.09218 0.0
0.09242 0.0
0.09267 0.0
0.09291 0.0
0.09315 0.0
0.0934 0.0
0.09364 0.0
0.09389 0.0
0.09413 0.0
0.09438 0.0
0.09462 0.0
0.09486 0.0
0.09511 0.0
0.09535 0.0
0.0956 0.0
0.09584 0.0
0.09608 0.0
0.09633 0.0
0.09657 0.0
0.09682 0.0
0.09706 0.0
0.09731 0.0
0.09755 0.0
0.09779 0.0
0.09804 0.0
0.09828 0.0
0.09853 0.0
0.09877 0.0
0.09901 0.0
0.09926 0.0
0.0995 0.0
0.09975 0.0
0.09999 0.0
0.10023 0.0
0.10048 0.0
0.10072 0.0
0.10097 0.0
0.10121 0.0
0.10146 0.0
0.1017 0.0
0.10194 0.0
0.10219 0.0
0.10243 0.0
0.10268 0.0
0.10292 0.0
0.10316 0.0
0.10341 0.0
0.10365 0.0
0.1039 0.0
0.10414 0.0
0.10439 0.0
0.10463 0.0
0.10487 0.0
0.10512 0.0
0.10536 0.0
0.10561 0.0
0.10585 0.0
0.10609 0.0
0.10634 0.0
0.10658 0.0
0.10683 0.0
0.10707 0.0
0.10732 0.0
0.10756 0.0
0.1078 0.0
0.10805 0.0
0.10829 0.0
0.10854 0.0
0.10878 0.0
0.10902 0.0
0.10927 0.0
0.10951 0.0
0.10976 0.0
0.11 0.0
0.11024 0.0
0.11049 0.0
0.11073 0.0
0.11098 0.0
0.11122 0.0
0.11147 0.0
0.11171 0.0
0.11195 0.0
0.1122 0.0
0.11244 0.0
0.11269 0.0
0.11293 0.0
0.11317 0.0
0.11342 0.0
0.11366 0.0
0.11391 0.0
0.11415 0.0
0.1144 0.0
0.11464 0.0
0.11488 0.0
0.11513 0.0
0.11537 0.0
0.11562 0.0
0.11586 0.0
0.1161 0.0
0.11635 0.0
0.11659 0.0
0.11684 0.0
0.11708 0.0
0.11732 0.0
0.11757 0.0
0.11781 0.0
0.11806 0.0
0.1183 0.0
0.11855 0.0
0.11879 0.0
0.11903 0.0
0.11928 0.0
0.11952 0.0
0.11977 0.0
0.12001 0.0
0.12025 0.0
0.1205 0.0
0.12074 0.0
0.12099 0.0
0.12123 0.0
0.12148 0.0
0.12172 0.0
0.12196 0.0
0.12221 0.0
0.12245 0.0
0.1227 0.0
0.12294 0.0
0.12318 0.0
0.12343 0.0
0.12367 0.0
0.12392 0.0
0.12416 0.0
0.1244 0.0
0.12465 0.0
0.12489 0.0
0.12514 0.0
0.12538 0.0
0.12563 0.0
0.12587 0.0
0.12611 0.0
0.12636 0.0
0.1266 0.0
0.12685 0.0
0.12709 0.0
0.12733 0.0
0.12758 0.0
0.12782 0.0
0.12807 0.0
0.12831 0.0
0.12856 0.0
0.1288 0.0
0.12904 0.0
0.12929 0.0
0.12953 0.0
0.12978 0.0
0.13002 0.0
0.13026 0.0
0.13051 0.0
0.13075 0.0
0.131 0.0
0.13124 0.0
0.13148 0.0
0.13173 0.0
0.13197 0.0
0.13222 0.0
0.13246 0.0
0.13271 0.0
0.13295 0.0
0.13319 0.0
0.13344 0.0
0.13368 0.0
0.13393 0.0
0.13417 0.0
0.13441 0.0
0.13466 0.0
0.1349 0.0
0.13515 0.0
0.13539 0.0
0.13564 0.0
0.13588 0.0
0.13612 0.0
0.13637 0.0
0.13661 0.0
0.13686 0.0
0.1371 0.0
0.13734 0.0
0.13759 0.0
0.13783 0.0
0.13808 0.0
0.13832 0.0
0.13857 0.0
0.13881 0.0
0.13905 0.0
0.1393 0.0
0.13954 0.0
0.13979 0.0
0.14003 0.0
0.14027 0.0
0.14052 0.0
0.14076 0.0
0.14101 0.0
0.14125 0.0
0.14149 0.0
0.14174 0.0
0.14198 0.0
0.14223 0.0
0.14247 0.0
0.14272 0.0
0.14296 0.0
0.1432 0.0
0.14345 0.0
0.14369 0.0
0.14394 0.0
0.14418 0.0
0.14442 0.0
0.14467 0.0
0.14491 0.0
0.14516 0.0
0.1454 0.0
0.14565 0.0
0.14589 0.0
0.14613 0.0
0.14638 0.0
0.14662 0.0
0.14687 0.0
0.14711 0.0
0.14735 0.0
0.1476 0.0
0.14784 0.0
0.14809 0.0
0.14833 0.0
0.14857 0.0
0.14882 0.0
0.14906 0.0
0.14931 0.0
0.14955 0.0
0.1498 0.0
0.15004 0.0
0.15028 0.0
0.15053 0.0
0.15077 0.0
0.15102 0.0
0.15126 0.0
0.1515 0.0
0.15175 0.0
0.15199 0.0
0.15224 0.0
0.15248 0.0
0.15273 0.0
0.15297 0.0
0.15321 0.0
0.15346 0.0
0.1537 0.0
0.15395 0.0
0.15419 0.0
0.15443 0.0
0.15468 0.0
0.15492 0.0
0.15517 0.0
0.15541 0.0
0.15565 0.0
0.1559 0.0
0.15614 0.0
0.15639 0.0
0.15663 0.0
0.15688 0.0
0.15712 0.0
0.15736 0.0
0.15761 0.0
0.15785 0.0
0.1581 0.0
0.15834 0.0
0.15858 0.0
0.15883 0.0
0.15907 0.0
0.15932 0.0
0.15956 0.0
0.15981 0.0
0.16005 0.0
0.16029 0.0
0.16054 0.0
0.16078 0.0
0.16103 0.0
0.16127 0.0
0.16151 0.0
0.16176 0.0
0.162 0.0
0.16225 0.0
0.16249 0.0
0.16273 0.0
0.16298 0.0
0.16322 0.0
0.16347 0.0
0.16371 0.0
0.16396 0.0
0.1642 0.0
0.16444 0.0
0.16469 0.0
0.16493 0.0
0.16518 0.0
0.16542 0.0
0.16566 0.0
0.16591 0.0
0.16615 0.0
0.1664 0.0
0.16664 0.0
0.16689 0.0
0.16713 0.0
