t strain*1e23
-0.35335 1.1
-0.3531 0.9
-0.35286 0.7
-0.35262 0.6
-0.35237 0.4
-0.35213 0.2
-0.35188 0.0
-0.35164 -0.1
-0.35139 -0.3
-0.35115 -0.5
-0.35091 -0.6
-0.35066 -0.8
-0.35042 -1.0
-0.35017 -1.1
-0.34993 -1.3
-0.34969 -1.5
-0.34944 -1.6
-0.3492 -1.8
-0.34895 -2.0
-0.34871 -2.1
-0.34846 -2.3
-0.34822 -2.4
-0.34798 -2.6
-0.34773 -2.7
-0.34749 -2.9
-0.34724 -3.0
-0.347 -3.1
-0.34676 -3.3
-0.34651 -3.4
-0.34627 -3.5
-0.34602 -3.6
-0.34578 -3.8
-0.34554 -3.9
-0.34529 -4.0
-0.34505 -4.1
-0.3448 -4.2
-0.34456 -4.3
-0.34431 -4.4
-0.34407 -4.5
-0.34383 -4.5
-0.34358 -4.6
-0.34334 -4.7
-0.34309 -4.7
-0.34285 -4.8
-0.34261 -4.8
-0.34236 -4.9
-0.34212 -4.9
-0.34187 -5.0
-0.34163 -5.0
-0.34138 -5.0
-0.34114 -5.0
-0.3409 -5.0
-0.34065 -5.0
-0.34041 -5.0
-0.34016 -5.0
-0.33992 -5.0
-0.33968 -5.0
-0.33943 -5.0
-0.33919 -4.9
-0.33894 -4.9
-0.3387 -4.9
-0.33846 -4.8
-0.33821 -4.8
-0.33797 -4.7
-0.33772 -4.6
-0.33748 -4.6
-0.33723 -4.5
-0.33699 -4.4
-0.33675 -4.3
-0.3365 -4.2
-0.33626 -4.1
-0.33601 -4.0
-0.33577 -3.9
-0.33553 -3.8
-0.33528 -3.7
-0.33504 -3.6
-0.33479 -3.4
-0.33455 -3.3
-0.3343 -3.2
-0.33406 -3.0
-0.33382 -2.9
-0.33357 -2.7
-0.33333 -2.6
-0.33308 -2.4
-0.33284 -2.3
-0.3326 -2.1
-0.33235 -2.0
-0.33211 -1.8
-0.33186 -1.6
-0.33162 -1.5
-0.33138 -1.3
-0.33113 -1.1
-0.33089 -0.9
-0.33064 -0.8
-0.3304 -0.6
-0.33015 -0.4
-0.32991 -0.2
-0.32967 0.0
-0.32942 0.1
-0.32918 0.3
-0.32893 0.5
-0.32869 0.6
-0.32845 0.8
-0.3282 1.0
-0.32796 1.2
-0.32771 1.3
-0.32747 1.5
-0.32722 1.7
-0.32698 1.9
-0.32674 2.0
-0.32649 2.2
-0.32625 2.3
-0.326 2.5
-0.32576 2.7
-0.32552 2.8
-0.32527 3.0
-0.32503 3.1
-0.32478 3.2
-0.32454 3.4
-0.3243 3.5
-0.32405 3.6
-0.32381 3.8
-0.32356 3.9
-0.32332 4.0
-0.32307 4.1
-0.32283 4.2
-0.32259 4.3
-0.32234 4.4
-0.3221 4.5
-0.32185 4.6
-0.32161 4.7
-0.32137 4.7
-0.32112 4.8
-0.32088 4.9
-0.32063 4.9
-0.32039 5.0
-0.32014 5.0
-0.3199 5.0
-0.31966 5.1
-0.31941 5.1
-0.31917 5.1
-0.31892 5.1
-0.31868 5.1
-0.31844 5.1
-0.31819 5.1
-0.31795 5.1
-0.3177 5.1
-0.31746 5.0
-0.31721 5.0
-0.31697 5.0
-0.31673 4.9
-0.31648 4.9
-0.31624 4.8
-0.31599 4.8
-0.31575 4.7
-0.31551 4.6
-0.31526 4.5
-0.31502 4.4
-0.31477 4.3
-0.31453 4.2
-0.31429 4.1
-0.31404 4.0
-0.3138 3.9
-0.31355 3.8
-0.31331 3.7
-0.31306 3.5
-0.31282 3.4
-0.31258 3.3
-0.31233 3.1
-0.31209 3.0
-0.31184 2.8
-0.3116 2.7
-0.31136 2.5
-0.31111 2.4
-0.31087 2.2
-0.31062 2.0
-0.31038 1.9
-0.31013 1.7
-0.30989 1.5
-0.30965 1.3
-0.3094 1.2
-0.30916 1.0
-0.30891 0.8
-0.30867 0.6
-0.30843 0.4
-0.30818 0.3
-0.30794 0.0
-0.30769 -0.1
-0.30745 -0.3
-0.30721 -0.5
-0.30696 -0.7
-0.30672 -0.8
-0.30647 -1.0
-0.30623 -1.2
-0.30598 -1.4
-0.30574 -1.6
-0.3055 -1.7
-0.30525 -1.9
-0.30501 -2.1
-0.30476 -2.3
-0.30452 -2.4
-0.30428 -2.6
-0.30403 -2.7
-0.30379 -2.9
-0.30354 -3.1
-0.3033 -3.2
-0.30305 -3.3
-0.30281 -3.5
-0.30257 -3.6
-0.30232 -3.8
-0.30208 -3.9
-0.30183 -4.0
-0.30159 -4.1
-0.30135 -4.2
-0.3011 -4.3
-0.30086 -4.4
-0.30061 -4.5
-0.30037 -4.6
-0.30013 -4.7
-0.29988 -4.8
-0.29964 -4.8
-0.29939 -4.9
-0.29915 -5.0
-0.2989 -5.0
-0.29866 -5.1
-0.29842 -5.1
-0.29817 -5.1
-0.29793 -5.2
-0.29768 -5.2
-0.29744 -5.2
-0.2972 -5.2
-0.29695 -5.2
-0.29671 -5.2
-0.29646 -5.2
-0.29622 -5.2
-0.29597 -5.1
-0.29573 -5.1
-0.29549 -5.0
-0.29524 -5.0
-0.295 -4.9
-0.29475 -4.9
-0.29451 -4.8
-0.29427 -4.7
-0.29402 -4.7
-0.29378 -4.6
-0.29353 -4.5
-0.29329 -4.4
-0.29305 -4.3
-0.2928 -4.2
-0.29256 -4.0
-0.29231 -3.9
-0.29207 -3.8
-0.29182 -3.7
-0.29158 -3.5
-0.29134 -3.4
-0.29109 -3.2
-0.29085 -3.1
-0.2906 -2.9
-0.29036 -2.8
-0.29012 -2.6
-0.28987 -2.5
-0.28963 -2.3
-0.28938 -2.1
-0.28914 -1.9
-0.28889 -1.8
-0.28865 -1.6
-0.28841 -1.4
-0.28816 -1.2
-0.28792 -1.0
-0.28767 -0.8
-0.28743 -0.6
-0.28719 -0.5
-0.28694 -0.3
-0.2867 0.0
-0.28645 0.1
-0.28621 0.3
-0.28596 0.5
-0.28572 0.7
-0.28548 0.9
-0.28523 1.1
-0.28499 1.3
-0.28474 1.4
-0.2845 1.6
-0.28426 1.8
-0.28401 2.0
-0.28377 2.2
-0.28352 2.3
-0.28328 2.5
-0.28304 2.7
-0.28279 2.8
-0.28255 3.0
-0.2823 3.2
-0.28206 3.3
-0.28181 3.5
-0.28157 3.6
-0.28133 3.7
-0.28108 3.9
-0.28084 4.0
-0.28059 4.1
-0.28035 4.3
-0.28011 4.4
-0.27986 4.5
-0.27962 4.6
-0.27937 4.7
-0.27913 4.8
-0.27888 4.8
-0.27864 4.9
-0.2784 5.0
-0.27815 5.0
-0.27791 5.1
-0.27766 5.1
-0.27742 5.2
-0.27718 5.2
-0.27693 5.2
-0.27669 5.3
-0.27644 5.3
-0.2762 5.3
-0.27596 5.3
-0.27571 5.3
-0.27547 5.3
-0.27522 5.2
-0.27498 5.2
-0.27473 5.2
-0.27449 5.1
-0.27425 5.1
-0.274 5.0
-0.27376 4.9
-0.27351 4.9
-0.27327 4.8
-0.27303 4.7
-0.27278 4.6
-0.27254 4.5
-0.27229 4.4
-0.27205 4.3
-0.2718 4.2
-0.27156 4.1
-0.27132 3.9
-0.27107 3.8
-0.27083 3.6
-0.27058 3.5
-0.27034 3.4
-0.2701 3.2
-0.26985 3.0
-0.26961 2.9
-0.26936 2.7
-0.26912 2.5
-0.26888 2.4
-0.26863 2.2
-0.26839 2.0
-0.26814 1.8
-0.2679 1.6
-0.26765 1.4
-0.26741 1.2
-0.26717 1.0
-0.26692 0.8
-0.26668 0.7
-0.26643 0.5
-0.26619 0.3
-0.26595 0.0
-0.2657 -0.1
-0.26546 -0.3
-0.26521 -0.5
-0.26497 -0.7
-0.26472 -0.9
-0.26448 -1.1
-0.26424 -1.3
-0.26399 -1.5
-0.26375 -1.7
-0.2635 -1.9
-0.26326 -2.1
-0.26302 -2.3
-0.26277 -2.5
-0.26253 -2.6
-0.26228 -2.8
-0.26204 -3.0
-0.2618 -3.1
-0.26155 -3.3
-0.26131 -3.5
-0.26106 -3.6
-0.26082 -3.8
-0.26057 -3.9
-0.26033 -4.0
-0.26009 -4.2
-0.25984 -4.3
-0.2596 -4.4
-0.25935 -4.5
-0.25911 -4.6
-0.25887 -4.7
-0.25862 -4.8
-0.25838 -4.9
-0.25813 -5.0
-0.25789 -5.1
-0.25764 -5.1
-0.2574 -5.2
-0.25716 -5.2
-0.25691 -5.3
-0.25667 -5.3
-0.25642 -5.3
-0.25618 -5.4
-0.25594 -5.4
-0.25569 -5.4
-0.25545 -5.4
-0.2552 -5.4
-0.25496 -5.3
-0.25471 -5.3
-0.25447 -5.3
-0.25423 -5.2
-0.25398 -5.2
-0.25374 -5.1
-0.25349 -5.1
-0.25325 -5.0
-0.25301 -4.9
-0.25276 -4.8
-0.25252 -4.7
-0.25227 -4.6
-0.25203 -4.5
-0.25179 -4.4
-0.25154 -4.3
-0.2513 -4.2
-0.25105 -4.0
-0.25081 -3.9
-0.25056 -3.7
-0.25032 -3.6
-0.25008 -3.4
-0.24983 -3.3
-0.24959 -3.1
-0.24934 -2.9
-0.2491 -2.8
-0.24886 -2.6
-0.24861 -2.4
-0.24837 -2.2
-0.24812 -2.0
-0.24788 -1.8
-0.24763 -1.6
-0.24739 -1.4
-0.24715 -1.2
-0.2469 -1.0
-0.24666 -0.8
-0.24641 -0.6
-0.24617 -0.4
-0.24593 -0.2
-0.24568 0.0
-0.24544 0.2
-0.24519 0.4
-0.24495 0.6
-0.24471 0.8
-0.24446 1.1
-0.24422 1.3
-0.24397 1.5
-0.24373 1.7
-0.24348 1.9
-0.24324 2.1
-0.243 2.3
-0.24275 2.4
-0.24251 2.6
-0.24226 2.8
-0.24202 3.0
-0.24178 3.2
-0.24153 3.3
-0.24129 3.5
-0.24104 3.7
-0.2408 3.8
-0.24055 4.0
-0.24031 4.1
-0.24007 4.2
-0.23982 4.4
-0.23958 4.5
-0.23933 4.6
-0.23909 4.7
-0.23885 4.8
-0.2386 4.9
-0.23836 5.0
-0.23811 5.1
-0.23787 5.2
-0.23763 5.2
-0.23738 5.3
-0.23714 5.3
-0.23689 5.4
-0.23665 5.4
-0.2364 5.5
-0.23616 5.5
-0.23592 5.5
-0.23567 5.5
-0.23543 5.5
-0.23518 5.5
-0.23494 5.4
-0.2347 5.4
-0.23445 5.4
-0.23421 5.3
-0.23396 5.2
-0.23372 5.2
-0.23347 5.1
-0.23323 5.0
-0.23299 4.9
-0.23274 4.8
-0.2325 4.7
-0.23225 4.6
-0.23201 4.5
-0.23177 4.4
-0.23152 4.2
-0.23128 4.1
-0.23103 4.0
-0.23079 3.8
-0.23055 3.7
-0.2303 3.5
-0.23006 3.3
-0.22981 3.1
-0.22957 3.0
-0.22932 2.8
-0.22908 2.6
-0.22884 2.4
-0.22859 2.2
-0.22835 2.0
-0.2281 1.8
-0.22786 1.6
-0.22762 1.4
-0.22737 1.2
-0.22713 0.9
-0.22688 0.7
-0.22664 0.5
-0.22639 0.3
-0.22615 0.0
-0.22591 -0.1
-0.22566 -0.4
-0.22542 -0.6
-0.22517 -0.8
-0.22493 -1.0
-0.22469 -1.2
-0.22444 -1.4
-0.2242 -1.7
-0.22395 -1.9
-0.22371 -2.1
-0.22346 -2.3
-0.22322 -2.5
-0.22298 -2.7
-0.22273 -2.9
-0.22249 -3.1
-0.22224 -3.2
-0.222 -3.4
-0.22176 -3.6
-0.22151 -3.8
-0.22127 -3.9
-0.22102 -4.1
-0.22078 -4.2
-0.22054 -4.4
-0.22029 -4.5
-0.22005 -4.6
-0.2198 -4.7
-0.21956 -4.9
-0.21931 -5.0
-0.21907 -5.1
-0.21883 -5.2
-0.21858 -5.2
-0.21834 -5.3
-0.21809 -5.4
-0.21785 -5.4
-0.21761 -5.5
-0.21736 -5.5
-0.21712 -5.5
-0.21687 -5.6
-0.21663 -5.6
-0.21638 -5.6
-0.21614 -5.6
-0.2159 -5.6
-0.21565 -5.5
-0.21541 -5.5
-0.21516 -5.5
-0.21492 -5.4
-0.21468 -5.4
-0.21443 -5.3
-0.21419 -5.2
-0.21394 -5.1
-0.2137 -5.0
-0.21346 -4.9
-0.21321 -4.8
-0.21297 -4.7
-0.21272 -4.6
-0.21248 -4.4
-0.21223 -4.3
-0.21199 -4.1
-0.21175 -4.0
-0.2115 -3.8
-0.21126 -3.7
-0.21101 -3.5
-0.21077 -3.3
-0.21053 -3.1
-0.21028 -2.9
-0.21004 -2.7
-0.20979 -2.5
-0.20955 -2.3
-0.2093 -2.1
-0.20906 -1.9
-0.20882 -1.7
-0.20857 -1.5
-0.20833 -1.2
-0.20808 -1.0
-0.20784 -0.8
-0.2076 -0.6
-0.20735 -0.3
-0.20711 -0.1
-0.20686 0.1
-0.20662 0.4
-0.20638 0.6
-0.20613 0.8
-0.20589 1.0
-0.20564 1.3
-0.2054 1.5
-0.20515 1.7
-0.20491 1.9
-0.20467 2.2
-0.20442 2.4
-0.20418 2.6
-0.20393 2.8
-0.20369 3.0
-0.20345 3.2
-0.2032 3.4
-0.20296 3.6
-0.20271 3.7
-0.20247 3.9
-0.20222 4.1
-0.20198 4.2
-0.20174 4.4
-0.20149 4.5
-0.20125 4.7
-0.201 4.8
-0.20076 4.9
-0.20052 5.0
-0.20027 5.1
-0.20003 5.2
-0.19978 5.3
-0.19954 5.4
-0.1993 5.5
-0.19905 5.5
-0.19881 5.6
-0.19856 5.6
-0.19832 5.7
-0.19807 5.7
-0.19783 5.7
-0.19759 5.7
-0.19734 5.7
-0.1971 5.7
-0.19685 5.6
-0.19661 5.6
-0.19637 5.6
-0.19612 5.5
-0.19588 5.4
-0.19563 5.4
-0.19539 5.3
-0.19514 5.2
-0.1949 5.1
-0.19466 5.0
-0.19441 4.9
-0.19417 4.7
-0.19392 4.6
-0.19368 4.4
-0.19344 4.3
-0.19319 4.1
-0.19295 4.0
-0.1927 3.8
-0.19246 3.6
-0.19221 3.4
-0.19197 3.2
-0.19173 3.0
-0.19148 2.8
-0.19124 2.6
-0.19099 2.4
-0.19075 2.2
-0.19051 1.9
-0.19026 1.7
-0.19002 1.5
-0.18977 1.3
-0.18953 1.0
-0.18929 0.8
-0.18904 0.5
-0.1888 0.3
-0.18855 0.0
-0.18831 -0.2
-0.18806 -0.4
-0.18782 -0.7
-0.18758 -0.9
-0.18733 -1.2
-0.18709 -1.4
-0.18684 -1.6
-0.1866 -1.9
-0.18636 -2.1
-0.18611 -2.3
-0.18587 -2.5
-0.18562 -2.8
-0.18538 -3.0
-0.18513 -3.2
-0.18489 -3.4
-0.18465 -3.6
-0.1844 -3.8
-0.18416 -4.0
-0.18391 -4.1
-0.18367 -4.3
-0.18343 -4.5
-0.18318 -4.6
-0.18294 -4.8
-0.18269 -4.9
-0.18245 -5.0
-0.18221 -5.1
-0.18196 -5.3
-0.18172 -5.4
-0.18147 -5.5
-0.18123 -5.5
-0.18098 -5.6
-0.18074 -5.7
-0.1805 -5.7
-0.18025 -5.8
-0.18001 -5.8
-0.17976 -5.8
-0.17952 -5.8
-0.17928 -5.8
-0.17903 -5.8
-0.17879 -5.8
-0.17854 -5.8
-0.1783 -5.7
-0.17805 -5.7
-0.17781 -5.6
-0.17757 -5.5
-0.17732 -5.4
-0.17708 -5.3
-0.17683 -5.2
-0.17659 -5.1
-0.17635 -5.0
-0.1761 -4.9
-0.17586 -4.7
-0.17561 -4.6
-0.17537 -4.4
-0.17513 -4.2
-0.17488 -4.0
-0.17464 -3.9
-0.17439 -3.7
-0.17415 -3.5
-0.1739 -3.3
-0.17366 -3.0
-0.17342 -2.8
-0.17317 -2.6
-0.17293 -2.4
-0.17268 -2.1
-0.17244 -1.9
-0.1722 -1.7
-0.17195 -1.4
-0.17171 -1.2
-0.17146 -0.9
-0.17122 -0.7
-0.17097 -0.4
-0.17073 -0.2
-0.17049 0.1
-0.17024 0.4
-0.17 0.6
-0.16975 0.9
-0.16951 1.1
-0.16927 1.4
-0.16902 1.6
-0.16878 1.9
-0.16853 2.1
-0.16829 2.4
-0.16805 2.6
-0.1678 2.8
-0.16756 3.1
-0.16731 3.3
-0.16707 3.5
-0.16682 3.7
-0.16658 3.9
-0.16634 4.1
-0.16609 4.3
-0.16585 4.5
-0.1656 4.6
-0.16536 4.8
-0.16512 4.9
-0.16487 5.1
-0.16463 5.2
-0.16438 5.3
-0.16414 5.4
-0.16389 5.5
-0.16365 5.6
-0.16341 5.7
-0.16316 5.8
-0.16292 5.8
-0.16267 5.9
-0.16243 5.9
-0.16219 5.9
-0.16194 6.0
-0.1617 6.0
-0.16145 5.9
-0.16121 5.9
-0.16096 5.9
-0.16072 5.8
-0.16048 5.8
-0.16023 5.7
-0.15999 5.6
-0.15974 5.5
-0.1595 5.4
-0.15926 5.3
-0.15901 5.2
-0.15877 5.1
-0.15852 4.9
-0.15828 4.8
-0.15804 4.6
-0.15779 4.4
-0.15755 4.2
-0.1573 4.0
-0.15706 3.8
-0.15681 3.6
-0.15657 3.4
-0.15633 3.2
-0.15608 3.0
-0.15584 2.7
-0.15559 2.5
-0.15535 2.2
-0.15511 2.0
-0.15486 1.7
-0.15462 1.5
-0.15437 1.2
-0.15413 0.9
-0.15388 0.7
-0.15364 0.4
-0.1534 0.1
-0.15315 -0.2
-0.15291 -0.4
-0.15266 -0.7
-0.15242 -1.0
-0.15218 -1.2
-0.15193 -1.5
-0.15169 -1.8
-0.15144 -2.0
-0.1512 -2.3
-0.15096 -2.5
-0.15071 -2.8
-0.15047 -3.0
-0.15022 -3.3
-0.14998 -3.5
-0.14973 -3.7
-0.14949 -3.9
-0.14925 -4.1
-0.149 -4.3
-0.14876 -4.5
-0.14851 -4.7
-0.14827 -4.9
-0.14803 -5.0
-0.14778 -5.2
-0.14754 -5.3
-0.14729 -5.5
-0.14705 -5.6
-0.1468 -5.7
-0.14656 -5.8
-0.14632 -5.9
-0.14607 -5.9
-0.14583 -6.0
-0.14558 -6.1
-0.14534 -6.1
-0.1451 -6.1
-0.14485 -6.1
-0.14461 -6.1
-0.14436 -6.1
-0.14412 -6.1
-0.14388 -6.0
-0.14363 -6.0
-0.14339 -5.9
-0.14314 -5.8
-0.1429 -5.7
-0.14265 -5.6
-0.14241 -5.5
-0.14217 -5.3
-0.14192 -5.2
-0.14168 -5.0
-0.14143 -4.9
-0.14119 -4.7
-0.14095 -4.5
-0.1407 -4.3
-0.14046 -4.1
-0.14021 -3.9
-0.13997 -3.7
-0.13972 -3.4
-0.13948 -3.2
-0.13924 -3.0
-0.13899 -2.7
-0.13875 -2.4
-0.1385 -2.2
-0.13826 -1.9
-0.13802 -1.6
-0.13777 -1.3
-0.13753 -1.1
-0.13728 -0.8
-0.13704 -0.5
-0.1368 -0.2
-0.13655 0.1
-0.13631 0.4
-0.13606 0.7
-0.13582 1.0
-0.13557 1.3
-0.13533 1.5
-0.13509 1.8
-0.13484 2.1
-0.1346 2.4
-0.13435 2.7
-0.13411 2.9
-0.13387 3.2
-0.13362 3.4
-0.13338 3.7
-0.13313 3.9
-0.13289 4.1
-0.13264 4.4
-0.1324 4.6
-0.13216 4.8
-0.13191 4.9
-0.13167 5.1
-0.13142 5.3
-0.13118 5.4
-0.13094 5.6
-0.13069 5.7
-0.13045 5.8
-0.1302 5.9
-0.12996 6.0
-0.12971 6.1
-0.12947 6.2
-0.12923 6.2
-0.12898 6.3
-0.12874 6.3
-0.12849 6.3
-0.12825 6.3
-0.12801 6.2
-0.12776 6.2
-0.12752 6.2
-0.12727 6.1
-0.12703 6.0
-0.12679 5.9
-0.12654 5.8
-0.1263 5.7
-0.12605 5.6
-0.12581 5.4
-0.12556 5.2
-0.12532 5.1
-0.12508 4.9
-0.12483 4.7
-0.12459 4.5
-0.12434 4.3
-0.1241 4.0
-0.12386 3.8
-0.12361 3.5
-0.12337 3.3
-0.12312 3.0
-0.12288 2.7
-0.12263 2.5
-0.12239 2.2
-0.12215 1.9
-0.1219 1.6
-0.12166 1.3
-0.12141 1.0
-0.12117 0.7
-0.12093 0.4
-0.12068 0.0
-0.12044 -0.3
-0.12019 -0.6
-0.11995 -0.9
-0.11971 -1.2
-0.11946 -1.5
-0.11922 -1.8
-0.11897 -2.1
-0.11873 -2.4
-0.11848 -2.7
-0.11824 -3.0
-0.118 -3.3
-0.11775 -3.5
-0.11751 -3.8
-0.11726 -4.1
-0.11702 -4.3
-0.11678 -4.5
-0.11653 -4.7
-0.11629 -5.0
-0.11604 -5.2
-0.1158 -5.3
-0.11555 -5.5
-0.11531 -5.7
-0.11507 -5.8
-0.11482 -6.0
-0.11458 -6.1
-0.11433 -6.2
-0.11409 -6.3
-0.11385 -6.3
-0.1136 -6.4
-0.11336 -6.4
-0.11311 -6.5
-0.11287 -6.5
-0.11263 -6.5
-0.11238 -6.4
-0.11214 -6.4
-0.11189 -6.3
-0.11165 -6.3
-0.1114 -6.2
-0.11116 -6.1
-0.11092 -6.0
-0.11067 -5.8
-0.11043 -5.7
-0.11018 -5.5
-0.10994 -5.3
-0.1097 -5.1
-0.10945 -4.9
-0.10921 -4.7
-0.10896 -4.5
-0.10872 -4.2
-0.10847 -4.0
-0.10823 -3.7
-0.10799 -3.4
-0.10774 -3.1
-0.1075 -2.8
-0.10725 -2.5
-0.10701 -2.2
-0.10677 -1.9
-0.10652 -1.6
-0.10628 -1.3
-0.10603 -0.9
-0.10579 -0.6
-0.10555 -0.3
-0.1053 0.0
-0.10506 0.4
-0.10481 0.8
-0.10457 1.1
-0.10432 1.4
-0.10408 1.8
-0.10384 2.1
-0.10359 2.4
-0.10335 2.7
-0.1031 3.0
-0.10286 3.3
-0.10262 3.6
-0.10237 3.9
-0.10213 4.2
-0.10188 4.4
-0.10164 4.7
-0.10139 4.9
-0.10115 5.2
-0.10091 5.4
-0.10066 5.6
-0.10042 5.8
-0.10017 5.9
-0.09993 6.1
-0.09969 6.2
-0.09944 6.3
-0.0992 6.4
-0.09895 6.5
-0.09871 6.6
-0.09846 6.6
-0.09822 6.7
-0.09798 6.7
-0.09773 6.7
-0.09749 6.7
-0.09724 6.6
-0.097 6.5
-0.09676 6.5
-0.09651 6.4
-0.09627 6.3
-0.09602 6.1
-0.09578 6.0
-0.09554 5.8
-0.09529 5.6
-0.09505 5.4
-0.0948 5.2
-0.09456 5.0
-0.09431 4.7
-0.09407 4.5
-0.09383 4.2
-0.09358 3.9
-0.09334 3.6
-0.09309 3.3
-0.09285 3.0
-0.09261 2.6
-0.09236 2.3
-0.09212 2.0
-0.09187 1.6
-0.09163 1.2
-0.09138 0.9
-0.09114 0.5
-0.0909 0.2
-0.09065 -0.2
-0.09041 -0.6
-0.09016 -0.9
-0.08992 -1.3
-0.08968 -1.7
-0.08943 -2.0
-0.08919 -2.4
-0.08894 -2.7
-0.0887 -3.1
-0.08846 -3.4
-0.08821 -3.7
-0.08797 -4.0
-0.08772 -4.3
-0.08748 -4.6
-0.08723 -4.9
-0.08699 -5.2
-0.08675 -5.4
-0.0865 -5.6
-0.08626 -5.8
-0.08601 -6.0
-0.08577 -6.2
-0.08553 -6.4
-0.08528 -6.5
-0.08504 -6.6
-0.08479 -6.7
-0.08455 -6.8
-0.0843 -6.9
-0.08406 -6.9
-0.08382 -6.9
-0.08357 -6.9
-0.08333 -6.9
-0.08308 -6.9
-0.08284 -6.8
-0.0826 -6.7
-0.08235 -6.6
-0.08211 -6.5
-0.08186 -6.3
-0.08162 -6.1
-0.08138 -5.9
-0.08113 -5.7
-0.08089 -5.5
-0.08064 -5.2
-0.0804 -5.0
-0.08015 -4.7
-0.07991 -4.4
-0.07967 -4.1
-0.07942 -3.8
-0.07918 -3.4
-0.07893 -3.1
-0.07869 -2.7
-0.07845 -2.3
-0.0782 -2.0
-0.07796 -1.6
-0.07771 -1.2
-0.07747 -0.8
-0.07722 -0.4
-0.07698 0.0
-0.07674 0.4
-0.07649 0.8
-0.07625 1.2
-0.076 1.6
-0.07576 2.0
-0.07552 2.4
-0.07527 2.8
-0.07503 3.2
-0.07478 3.5
-0.07454 3.9
-0.0743 4.2
-0.07405 4.6
-0.07381 4.9
-0.07356 5.2
-0.07332 5.4
-0.07307 5.7
-0.07283 6.0
-0.07259 6.2
-0.07234 6.4
-0.0721 6.6
-0.07185 6.7
-0.07161 6.9
-0.07137 7.0
-0.07112 7.1
-0.07088 7.2
-0.07063 7.2
-0.07039 7.2
-0.07014 7.2
-0.0699 7.2
-0.06966 7.1
-0.06941 7.0
-0.06917 6.9
-0.06892 6.8
-0.06868 6.6
-0.06844 6.5
-0.06819 6.3
-0.06795 6.0
-0.0677 5.8
-0.06746 5.5
-0.06721 5.2
-0.06697 4.9
-0.06673 4.6
-0.06648 4.2
-0.06624 3.9
-0.06599 3.5
-0.06575 3.1
-0.06551 2.7
-0.06526 2.3
-0.06502 1.9
-0.06477 1.4
-0.06453 1.0
-0.06429 0.5
-0.06404 0.0
-0.0638 -0.4
-0.06355 -0.8
-0.06331 -1.3
-0.06306 -1.7
-0.06282 -2.2
-0.06258 -2.6
-0.06233 -3.0
-0.06209 -3.4
-0.06184 -3.8
-0.0616 -4.2
-0.06136 -4.6
-0.06111 -5.0
-0.06087 -5.3
-0.06062 -5.6
-0.06038 -5.9
-0.06013 -6.2
-0.05989 -6.5
-0.05965 -6.7
-0.0594 -6.9
-0.05916 -7.1
-0.05891 -7.2
-0.05867 -7.3
-0.05843 -7.4
-0.05818 -7.5
-0.05794 -7.5
-0.05769 -7.6
-0.05745 -7.5
-0.05721 -7.5
-0.05696 -7.4
-0.05672 -7.3
-0.05647 -7.1
-0.05623 -7.0
-0.05598 -6.8
-0.05574 -6.5
-0.0555 -6.3
-0.05525 -6.0
-0.05501 -5.7
-0.05476 -5.3
-0.05452 -5.0
-0.05428 -4.6
-0.05403 -4.2
-0.05379 -3.8
-0.05354 -3.3
-0.0533 -2.9
-0.05305 -2.4
-0.05281 -1.9
-0.05257 -1.4
-0.05232 -0.9
-0.05208 -0.4
-0.05183 0.0
-0.05159 0.6
-0.05135 1.1
-0.0511 1.6
-0.05086 2.1
-0.05061 2.6
-0.05037 3.1
-0.05013 3.6
-0.04988 4.0
-0.04964 4.5
-0.04939 4.9
-0.04915 5.3
-0.0489 5.7
-0.04866 6.0
-0.04842 6.4
-0.04817 6.7
-0.04793 7.0
-0.04768 7.2
-0.04744 7.4
-0.0472 7.6
-0.04695 7.7
-0.04671 7.9
-0.04646 7.9
-0.04622 8.0
-0.04597 8.0
-0.04573 7.9
-0.04549 7.9
-0.04524 7.7
-0.045 7.6
-0.04475 7.4
-0.04451 7.2
-0.04427 6.9
-0.04402 6.6
-0.04378 6.3
-0.04353 5.9
-0.04329 5.6
-0.04305 5.1
-0.0428 4.7
-0.04256 4.2
-0.04231 3.7
-0.04207 3.2
-0.04182 2.7
-0.04158 2.1
-0.04134 1.6
-0.04109 1.0
-0.04085 0.4
-0.0406 -0.2
-0.04036 -0.8
-0.04012 -1.4
-0.03987 -2.0
-0.03963 -2.5
-0.03938 -3.1
-0.03914 -3.7
-0.03889 -4.2
-0.03865 -4.7
-0.03841 -5.2
-0.03816 -5.7
-0.03792 -6.1
-0.03767 -6.5
-0.03743 -6.9
-0.03719 -7.3
-0.03694 -7.6
-0.0367 -7.8
-0.03645 -8.1
-0.03621 -8.2
-0.03596 -8.4
-0.03572 -8.5
-0.03548 -8.5
-0.03523 -8.5
-0.03499 -8.4
-0.03474 -8.3
-0.0345 -8.2
-0.03426 -8.0
-0.03401 -7.7
-0.03377 -7.4
-0.03352 -7.1
-0.03328 -6.7
-0.03304 -6.3
-0.03279 -5.8
-0.03255 -5.3
-0.0323 -4.7
-0.03206 -4.2
-0.03181 -3.6
-0.03157 -2.9
-0.03133 -2.3
-0.03108 -1.6
-0.03084 -0.9
-0.03059 -0.2
-0.03035 0.5
-0.03011 1.2
-0.02986 1.9
-0.02962 2.6
-0.02937 3.3
-0.02913 3.9
-0.02888 4.6
-0.02864 5.2
-0.0284 5.8
-0.02815 6.3
-0.02791 6.9
-0.02766 7.3
-0.02742 7.7
-0.02718 8.1
-0.02693 8.4
-0.02669 8.7
-0.02644 8.9
-0.0262 9.1
-0.02596 9.1
-0.02571 9.2
-0.02547 9.1
-0.02522 9.0
-0.02498 8.8
-0.02473 8.6
-0.02449 8.3
-0.02425 7.9
-0.024 7.4
-0.02376 6.9
-0.02351 6.4
-0.02327 5.8
-0.02303 5.1
-0.02278 4.4
-0.02254 3.6
-0.02229 2.9
-0.02205 2.0
-0.0218 1.2
-0.02156 0.3
-0.02132 -0.5
-0.02107 -1.4
-0.02083 -2.3
-0.02058 -3.1
-0.02034 -4.0
-0.0201 -4.8
-0.01985 -5.6
-0.01961 -6.3
-0.01936 -7.0
-0.01912 -7.6
-0.01888 -8.2
-0.01863 -8.7
-0.01839 -9.2
-0.01814 -9.5
-0.0179 -9.8
-0.01765 -10.0
-0.01741 -10.1
-0.01717 -10.0
-0.01692 -9.9
-0.01668 -9.7
-0.01643 -9.4
-0.01619 -9.0
-0.01595 -8.5
-0.0157 -7.9
-0.01546 -7.3
-0.01521 -6.5
-0.01497 -5.6
-0.01472 -4.7
-0.01448 -3.7
-0.01424 -2.7
-0.01399 -1.6
-0.01375 -0.5
-0.0135 0.6
-0.01326 1.8
-0.01302 2.9
-0.01277 4.0
-0.01253 5.1
-0.01228 6.2
-0.01204 7.1
-0.0118 8.1
-0.01155 8.9
-0.01131 9.6
-0.01106 10.2
-0.01082 10.7
-0.01057 11.0
-0.01033 11.2
-0.01009 11.3
-0.00984 11.2
-0.0096 10.9
-0.00935 10.5
-0.00911 9.8
-0.00887 9.1
-0.00862 8.2
-0.00838 7.1
-0.00813 5.9
-0.00789 4.6
-0.00764 3.2
-0.0074 1.7
-0.00716 0.1
-0.00691 -1.5
-0.00667 -3.1
-0.00642 -4.7
-0.00618 -6.2
-0.00594 -7.7
-0.00569 -9.0
-0.00545 -10.2
-0.0052 -11.2
-0.00496 -12.0
-0.00471 -12.6
-0.00447 -12.9
-0.00423 -12.9
-0.00398 -12.6
-0.00374 -12.0
-0.00349 -11.0
-0.00325 -9.8
-0.00301 -8.3
-0.00276 -6.5
-0.00252 -4.5
-0.00227 -2.2
-0.00203 0.1
-0.00179 2.6
-0.00154 5.0
-0.0013 7.4
-0.00105 9.5
-0.00081 11.4
-0.00056 12.9
-0.00032 13.9
-8e-05 14.3
0.00017 14.0
0.00041 13.1
0.00066 11.4
0.0009 9.2
0.00114 6.4
0.00139 3.2
0.00163 -0.2
0.00188 -3.6
0.00212 -6.7
0.00237 -9.3
0.00261 -11.2
0.00285 -12.3
0.0031 -12.5
0.00334 -11.7
0.00359 -10.0
0.00383 -7.7
0.00407 -4.9
0.00432 -1.8
0.00456 1.3
0.00481 4.1
0.00505 6.3
0.00529 7.9
0.00554 8.6
0.00578 8.6
0.00603 7.8
0.00627 6.3
0.00652 4.4
0.00676 2.2
0.007 0.0
0.00725 -1.9
0.00749 -3.6
0.00774 -4.7
0.00798 -5.3
0.00822 -5.3
0.00847 -4.8
0.00871 -3.9
0.00896 -2.7
0.0092 -1.3
0.00945 0.0
0.00969 1.3
0.00993 2.2
0.01018 2.9
0.01042 3.2
0.01067 3.2
0.01091 2.8
0.01115 2.2
0.0114 1.4
0.01164 0.6
0.01189 -0.3
0.01213 -1.0
0.01237 -1.5
0.01262 -1.8
0.01286 -1.9
0.01311 -1.8
0.01335 -1.5
0.0136 -1.1
0.01384 -0.6
0.01408 -0.1
0.01433 0.3
0.01457 0.7
0.01482 1.0
0.01506 1.1
0.0153 1.2
0.01555 1.0
0.01579 0.8
0.01604 0.6
0.01628 0.2
0.01653 0.0
0.01677 -0.3
0.01701 -0.5
0.01726 -0.7
0.0175 -0.7
0.01775 -0.7
0.01799 -0.6
0.01823 -0.4
0.01848 -0.3
0.01872 0.0
0.01897 0.1
0.01921 0.3
0.01945 0.4
0.0197 0.4
0.01994 0.4
0.02019 0.4
0.02043 0.3
0.02068 0.2
0.02092 0.1
0.02116 0.0
0.02141 -0.1
0.02165 -0.2
0.0219 -0.2
0.02214 -0.3
0.02238 -0.3
0.02263 -0.2
0.02287 -0.2
0.02312 -0.1
0.02336 0.0
0.02361 0.0
0.02385 0.0
0.02409 0.1
0.02434 0.2
0.02458 0.2
0.02483 0.1
0.02507 0.1
0.02531 0.0
0.02556 0.0
0.0258 0.0
0.02605 0.0
0.02629 0.0
0.02654 0.0
0.02678 0.0
0.02702 0.0
0.02727 0.0
0.02751 0.0
0.02776 0.0
0.028 0.0
0.02824 0.0
0.02849 0.0
0.02873 0.0
0.02898 0.0
0.02922 0.0
0.02946 0.0
0.02971 0.0
0.02995 0.0
0.0302 0.0
0.03044 0.0
0.03069 0.0
0.03093 0.0
0.03117 0.0
0.03142 0.0
0.03166 0.0
0.03191 0.0
0.03215 0.0
0.03239 0.0
0.03264 0.0
0.03288 0.0
0.03313 0.0
0.03337 0.0
0.03362 0.0
0.03386 0.0
0.0341 0.0
0.03435 0.0
0.03459 0.0
0.03484 0.0
0.03508 0.0
0.03532 0.0
0.03557 0.0
0.03581 0.0
0.03606 0.0
0.0363 0.0
0.03654 0.0
0.03679 0.0
0.03703 0.0
0.03728 0.0
0.03752 0.0
0.03777 0.0
0.03801 0.0
0.03825 0.0
0.0385 0.0
0.03874 0.0
0.03899 0.0
0.03923 0.0
0.03947 0.0
0.03972 0.0
0.03996 0.0
0.04021 0.0
0.04045 0.0
0.0407 0.0
0.04094 0.0
0.04118 0.0
0.04143 0.0
0.04167 0.0
0.04192 0.0
0.04216 0.0
0.0424 0.0
0.04265 0.0
0.04289 0.0
0.04314 0.0
0.04338 0.0
0.04362 0.0
0.04387 0.0
0.04411 0.0
0.04436 0.0
0.0446 0.0
0.04485 0.0
0.04509 0.0
0.04533 0.0
0.04558 0.0
0.04582 0.0
0.04607 0.0
0.04631 0.0
0.04655 0.0
0.0468 0.0
0.04704 0.0
0.04729 0.0
0.04753 0.0
0.04778 0.0
0.04802 0.0
0.04826 0.0
0.04851 0.0
0.04875 0.0
0.049 0.0
0.04924 0.0
0.04948 0.0
0.04973 0.0
0.04997 0.0
0.05022 0.0
0.05046 0.0
0.0507 0.0
0.05095 0.0
0.05119 0.0
0.05144 0.0
0.05168 0.0
0.05193 0.0
0.05217 0.0
0.05241 0.0
0.05266 0.0
0.0529 0.0
0.05315 0.0
0.05339 0.0
0.05363 0.0
0.05388 0.0
0.05412 0.0
0.05437 0.0
0.05461 0.0
0.05486 0.0
0.0551 0.0
0.05534 0.0
0.05559 0.0
0.05583 0.0
0.05608 0.0
0.05632 0.0
0.05656 0.0
0.05681 0.0
0.05705 0.0
0.0573 0.0
0.05754 0.0
0.05779 0.0
0.05803 0.0
0.05827 0.0
0.05852 0.0
0.05876 0.0
0.05901 0.0
0.05925 0.0
0.05949 0.0
0.05974 0.0
0.05998 0.0
0.06023 0.0
0.06047 0.0
0.06071 0.0
0.06096 0.0
0.0612 0.0
0.06145 0.0
0.06169 0.0
0.06194 0.0
0.06218 0.0
0.06242 0.0
0.06267 0.0
0.06291 0.0
0.06316 0.0
0.0634 0.0
0.06364 0.0
0.06389 0.0
0.06413 0.0
0.06438 0.0
0.06462 0.0
0.06487 0.0
0.06511 0.0
0.06535 0.0
0.0656 0.0
0.06584 0.0
0.06609 0.0
0.06633 0.0
0.06657 0.0
0.06682 0.0
0.06706 0.0
0.06731 0.0
0.06755 0.0
0.06779 0.0
0.06804 0.0
0.06828 0.0
0.06853 0.0
0.06877 0.0
0.06902 0.0
0.06926 0.0
0.0695 0.0
0.06975 0.0
0.06999 0.0
0.07024 0.0
0.07048 0.0
0.07072 0.0
0.07097 0.0
0.07121 0.0
0.07146 0.0
0.0717 0.0
0.07195 0.0
0.07219 0.0
0.07243 0.0
0.07268 0.0
0.07292 0.0
0.07317 0.0
0.07341 0.0
0.07365 0.0
0.0739 0.0
0.07414 0.0
0.07439 0.0
0.07463 0.0
0.07487 0.0
0.07512 0.0
0.07536 0.0
0.07561 0.0
0.07585 0.0
0.0761 0.0
0.07634 0.0
0.07658 0.0
0.07683 0.0
0.07707 0.0
0.07732 0.0
0.07756 0.0
0.0778 0.0
0.07805 0.0
0.07829 0.0
0.07854 0.0
0.07878 0.0
0.07903 0.0
0.07927 0.0
0.07951 0.0
0.07976 0.0
0.08 0.0
0.08025 0.0
0.08049 0.0
0.08073 0.0
0.08098 0.0
0.08122 0.0
0.08147 0.0
0.08171 0.0
0.08195 0.0
0.0822 0.0
0.08244 0.0
0.08269 0.0
0.08293 0.0
0.08318 0.0
0.08342 0.0
0.08366 0.0
0.08391 0.0
0.08415 0.0
0.0844 0.0
0.08464 0.0
0.08488 0.0
0.08513 0.0
0.08537 0.0
0.08562 0.0
0.08586 0.0
0.08611 0.0
0.08635 0.0
0.08659 0.0
0.08684 0.0
0.08708 0.0
0.08733 0.0
0.08757 0.0
0.08781 0.0
0.08806 0.0
0.0883 0.0
0.08855 0.0
0.08879 0.0
0.08904 0.0
0.08928 0.0
0.08952 0.0
0.08977 0.0
0.09001 0.0
0.09026 0.0
0.0905 0.0
0.09074 0.0
0.09099 0.0
0.09123 0.0
0.09148 0.0
0.09172 0.0
0.09196 0.0
0.09221 0.0
0.09245 0.0
0.0927 0.0
0.09294 0.0
0.09319 0.0
0.09343 0.0
0.09367 0.0
0.09392 0.0
0.09416 0.0
0.09441 0.0
0.09465 0.0
0.09489 0.0
0.09514 0.0
0.09538 0.0
0.09563 0.0
0.09587 0.0
0.09612 0.0
0.09636 0.0
0.0966 0.0
0.09685 0.0
0.09709 0.0
0.09734 0.0
0.09758 0.0
0.09782 0.0
0.09807 0.0
0.09831 0.0
0.09856 0.0
0.0988 0.0
0.09904 0.0
0.09929 0.0
0.09953 0.0
0.09978 0.0
0.10002 0.0
0.10027 0.0
0.10051 0.0
0.10075 0.0
0.101 0.0
0.10124 0.0
0.10149 0.0
0.10173 0.0
0.10197 0.0
0.10222 0.0
0.10246 0.0
0.10271 0.0
0.10295 0.0
0.1032 0.0
0.10344 0.0
0.10368 0.0
0.10393 0.0
0.10417 0.0
0.10442 0.0
0.10466 0.0
0.1049 0.0
0.10515 0.0
0.10539 0.0
0.10564 0.0
0.10588 0.0
0.10612 0.0
0.10637 0.0
0.10661 0.0
0.10686 0.0
0.1071 0.0
0.10735 0.0
0.10759 0.0
0.10783 0.0
0.10808 0.0
0.10832 0.0
0.10857 0.0
0.10881 0.0
0.10905 0.0
0.1093 0.0
0.10954 0.0
0.10979 0.0
0.11003 0.0
0.11028 0.0
0.11052 0.0
0.11076 0.0
0.11101 0.0
0.11125 0.0
0.1115 0.0
0.11174 0.0
0.11198 0.0
0.11223 0.0
0.11247 0.0
0.11272 0.0
0.11296 0.0
0.1132 0.0
0.11345 0.0
0.11369 0.0
0.11394 0.0
0.11418 0.0
0.11443 0.0
0.11467 0.0
0.11491 0.0
0.11516 0.0
0.1154 0.0
0.11565 0.0
0.11589 0.0
0.11613 0.0
0.11638 0.0
0.11662 0.0
0.11687 0.0
0.11711 0.0
0.11736 0.0
0.1176 0.0
0.11784 0.0
0.11809 0.0
0.11833 0.0
0.11858 0.0
0.11882 0.0
0.11906 0.0
0.11931 0.0
0.11955 0.0
0.1198 0.0
0.12004 0.0
0.12029 0.0
0.12053 0.0
0.12077 0.0
0.12102 0.0
0.12126 0.0
0.12151 0.0
0.12175 0.0
0.12199 0.0
0.12224 0.0
0.12248 0.0
0.12273 0.0
0.12297 0.0
0.12321 0.0
0.12346 0.0
0.1237 0.0
0.12395 0.0
0.12419 0.0
0.12444 0.0
0.12468 0.0
0.12492 0.0
0.12517 0.0
0.12541 0.0
0.12566 0.0
0.1259 0.0
0.12614 0.0
0.12639 0.0
0.12663 0.0
0.12688 0.0
0.12712 0.0
0.12737 0.0
0.12761 0.0
0.12785 0.0
0.1281 0.0
0.12834 0.0
0.12859 0.0
0.12883 0.0
0.12907 0.0
0.12932 0.0
0.12956 0.0
0.12981 0.0
0.13005 0.0
0.13029 0.0
0.13054 0.0
0.13078 0.0
0.13103 0.0
0.13127 0.0
0.13152 0.0
0.13176 0.0
0.132 0.0
0.13225 0.0
0.13249 0.0
0.13274 0.0
0.13298 0.0
0.13322 0.0
0.13347 0.0
0.13371 0.0
0.13396 0.0
0.1342 0.0
0.13445 0.0
0.13469 0.0
0.13493 0.0
0.13518 0.0
0.13542 0.0
0.13567 0.0
0.13591 0.0
0.13615 0.0
0.1364 0.0
0.13664 0.0
0.13689 0.0
0.13713 0.0
0.13737 0.0
0.13762 0.0
0.13786 0.0
0.13811 0.0
0.13835 0.0
0.1386 0.0
0.13884 0.0
0.13908 0.0
0.13933 0.0
0.13957 0.0
0.13982 0.0
0.14006 0.0
0.1403 0.0
0.14055 0.0
0.14079 0.0
0.14104 0.0
0.14128 0.0
0.14153 0.0
0.14177 0.0
0.14201 0.0
0.14226 0.0
0.1425 0.0
0.14275 0.0
0.14299 0.0
0.14323 0.0
0.14348 0.0
0.14372 0.0
0.14397 0.0
0.14421 0.0
0.14445 0.0
0.1447 0.0
0.14494 0.0
0.14519 0.0
0.14543 0.0
0.14568 0.0
0.14592 0.0
0.14616 0.0
0.14641 0.0
0.14665 0.0
0.1469 0.0
0.14714 0.0
0.14738 0.0
0.14763 0.0
0.14787 0.0
0.14812 0.0
0.14836 0.0
0.14861 0.0
0.14885 0.0
0.14909 0.0
0.14934 0.0
0.14958 0.0
0.14983 0.0
0.15007 0.0
0.15031 0.0
0.15056 0.0
0.1508 0.0
0.15105 0.0
0.15129 0.0
0.15154 0.0
0.15178 0.0
0.15202 0.0
0.15227 0.0
0.15251 0.0
0.15276 0.0
0.153 0.0
0.15324 0.0
0.15349 0.0
0.15373 0.0
0.15398 0.0
0.15422 0.0
0.15446 0.0
0.15471 0.0
0.15495 0.0
0.1552 0.0
0.15544 0.0
0.15569 0.0
0.15593 0.0
0.15617 0.0
0.15642 0.0
0.15666 0.0
0.15691 0.0
0.15715 0.0
0.15739 0.0
0.15764 0.0
0.15788 0.0
0.15813 0.0
0.15837 0.0
0.15862 0.0
0.15886 0.0
0.1591 0.0
0.15935 0.0
0.15959 0.0
0.15984 0.0
0.16008 0.0
0.16032 0.0
0.16057 0.0
0.16081 0.0
0.16106 0.0
0.1613 0.0
0.16154 0.0
0.16179 0.0
0.16203 0.0
0.16228 0.0
0.16252 0.0
0.16277 0.0
0.16301 0.0
0.16325 0.0
0.1635 0.0
0.16374 0.0
0.16399 0.0
0.16423 0.0
0.16447 0.0
0.16472 0.0
0.16496 0.0
0.16521 0.0
0.16545 0.0
0.1657 0.0
0.16594 0.0
0.16618 0.0
0.16643 0.0
0.16667 0.0
0.16692 0.0
0.16716 0.0
0.1674 0.0
0.16765 0.0
0.16789 0.0
0.16814 0.0
0.16838 0.0
0.16862 0.0
0.16887 0.0
0.16911 0.0
0.16936 0.0
0.1696 0.0
0.16985 0.0
0.17009 0.0
0.17033 0.0
0.17058 0.0
0.17082 0.0
0.17107 0.0
0.17131 0.0
0.17155 0.0
0.1718 0.0
0.17204 0.0
0.17229 0.0
0.17253 0.0
0.17278 0.0
0.17302 0.0
0.17326 0.0
0.17351 0.0
0.17375 0.0
0.174 0.0
0.17424 0.0
0.17448 0.0
0.17473 0.0
0.17497 0.0
0.17522 0.0
0.17546 0.0
0.1757 0.0
0.17595 0.0
0.17619 0.0
0.17644 0.0
0.17668 0.0
0.17693 0.0
0.17717 0.0
0.17741 0.0
0.17766 0.0
0.1779 0.0
0.17815 0.0
0.17839 0.0
0.17863 0.0
0.17888 0.0
0.17912 0.0
0.17937 0.0
0.17961 0.0
0.17986 0.0
0.1801 0.0
0.18034 0.0
0.18059 0.0
0.18083 0.0
0.18108 0.0
0.18132 0.0
0.18156 0.0
0.18181 0.0
0.18205 0.0
0.1823 0.0
0.18254 0.0
0.18279 0.0
0.18303 0.0
0.18327 0.0
0.18352 0.0
0.18376 0.0
0.18401 0.0
0.18425 0.0
0.18449 0.0
0.18474 0.0
0.18498 0.0
0.18523 0.0
0.18547 0.0
0.18571 0.0
0.18596 0.0
0.1862 0.0
0.18645 0.0
0.18669 0.0
0.18694 0.0
0.18718 0.0
0.18742 0.0
0.18767 0.0
0.18791 0.0
0.18816 0.0
0.1884 0.0
0.18864 0.0
