t strain*1e23
-0.52168 -7.7
-0.52144 -7.6
-0.52119 -7.5
-0.52095 -7.4
-0.52071 -7.3
-0.52046 -7.2
-0.52022 -7.0
-0.51997 -6.9
-0.51973 -6.7
-0.51949 -6.6
-0.51924 -6.4
-0.519 -6.2
-0.51875 -6.0
-0.51851 -5.8
-0.51826 -5.6
-0.51802 -5.4
-0.51778 -5.2
-0.51753 -5.0
-0.51729 -4.7
-0.51704 -4.5
-0.5168 -4.2
-0.51656 -4.0
-0.51631 -3.7
-0.51607 -3.4
-0.51582 -3.1
-0.51558 -2.9
-0.51534 -2.6
-0.51509 -2.3
-0.51485 -2.0
-0.5146 -1.7
-0.51436 -1.4
-0.51411 -1.1
-0.51387 -0.8
-0.51363 -0.5
-0.51338 -0.2
-0.51314 0.1
-0.51289 0.4
-0.51265 0.7
-0.51241 1.0
-0.51216 1.3
-0.51192 1.6
-0.51167 1.9
-0.51143 2.2
-0.51118 2.5
-0.51094 2.8
-0.5107 3.1
-0.51045 3.4
-0.51021 3.6
-0.50996 3.9
-0.50972 4.2
-0.50948 4.4
-0.50923 4.7
-0.50899 4.9
-0.50874 5.2
-0.5085 5.4
-0.50826 5.6
-0.50801 5.8
-0.50777 6.0
-0.50752 6.2
-0.50728 6.4
-0.50703 6.6
-0.50679 6.8
-0.50655 6.9
-0.5063 7.1
-0.50606 7.2
-0.50581 7.3
-0.50557 7.4
-0.50533 7.5
-0.50508 7.6
-0.50484 7.7
-0.50459 7.8
-0.50435 7.8
-0.5041 7.9
-0.50386 7.9
-0.50362 7.9
-0.50337 7.9
-0.50313 7.9
-0.50288 7.9
-0.50264 7.9
-0.5024 7.9
-0.50215 7.8
-0.50191 7.7
-0.50166 7.7
-0.50142 7.6
-0.50117 7.5
-0.50093 7.4
-0.50069 7.3
-0.50044 7.1
-0.5002 7.0
-0.49995 6.8
-0.49971 6.7
-0.49947 6.5
-0.49922 6.3
-0.49898 6.1
-0.49873 5.9
-0.49849 5.7
-0.49825 5.5
-0.498 5.3
-0.49776 5.0
-0.49751 4.8
-0.49727 4.5
-0.49702 4.3
-0.49678 4.0
-0.49654 3.7
-0.49629 3.5
-0.49605 3.2
-0.4958 2.9
-0.49556 2.6
-0.49532 2.3
-0.49507 2.0
-0.49483 1.7
-0.49458 1.4
-0.49434 1.1
-0.49409 0.8
-0.49385 0.5
-0.49361 0.2
-0.49336 -0.1
-0.49312 -0.5
-0.49287 -0.8
-0.49263 -1.1
-0.49239 -1.4
-0.49214 -1.7
-0.4919 -2.0
-0.49165 -2.3
-0.49141 -2.6
-0.49117 -2.9
-0.49092 -3.2
-0.49068 -3.5
-0.49043 -3.7
-0.49019 -4.0
-0.48994 -4.3
-0.4897 -4.5
-0.48946 -4.8
-0.48921 -5.1
-0.48897 -5.3
-0.48872 -5.5
-0.48848 -5.7
-0.48824 -6.0
-0.48799 -6.2
-0.48775 -6.4
-0.4875 -6.5
-0.48726 -6.7
-0.48701 -6.9
-0.48677 -7.0
-0.48653 -7.2
-0.48628 -7.3
-0.48604 -7.4
-0.48579 -7.6
-0.48555 -7.7
-0.48531 -7.7
-0.48506 -7.8
-0.48482 -7.9
-0.48457 -7.9
-0.48433 -8.0
-0.48409 -8.0
-0.48384 -8.0
-0.4836 -8.0
-0.48335 -8.0
-0.48311 -8.0
-0.48286 -7.9
-0.48262 -7.9
-0.48238 -7.8
-0.48213 -7.8
-0.48189 -7.7
-0.48164 -7.6
-0.4814 -7.5
-0.48116 -7.4
-0.48091 -7.2
-0.48067 -7.1
-0.48042 -6.9
-0.48018 -6.8
-0.47993 -6.6
-0.47969 -6.4
-0.47945 -6.2
-0.4792 -6.0
-0.47896 -5.8
-0.47871 -5.6
-0.47847 -5.3
-0.47823 -5.1
-0.47798 -4.8
-0.47774 -4.6
-0.47749 -4.3
-0.47725 -4.1
-0.47701 -3.8
-0.47676 -3.5
-0.47652 -3.2
-0.47627 -2.9
-0.47603 -2.6
-0.47578 -2.3
-0.47554 -2.0
-0.4753 -1.7
-0.47505 -1.4
-0.47481 -1.1
-0.47456 -0.8
-0.47432 -0.4
-0.47408 -0.1
-0.47383 0.2
-0.47359 0.5
-0.47334 0.8
-0.4731 1.2
-0.47285 1.5
-0.47261 1.8
-0.47237 2.1
-0.47212 2.4
-0.47188 2.7
-0.47163 3.0
-0.47139 3.3
-0.47115 3.6
-0.4709 3.9
-0.47066 4.1
-0.47041 4.4
-0.47017 4.7
-0.46992 4.9
-0.46968 5.2
-0.46944 5.4
-0.46919 5.7
-0.46895 5.9
-0.4687 6.1
-0.46846 6.3
-0.46822 6.5
-0.46797 6.7
-0.46773 6.9
-0.46748 7.0
-0.46724 7.2
-0.467 7.3
-0.46675 7.5
-0.46651 7.6
-0.46626 7.7
-0.46602 7.8
-0.46577 7.9
-0.46553 7.9
-0.46529 8.0
-0.46504 8.0
-0.4648 8.1
-0.46455 8.1
-0.46431 8.1
-0.46407 8.1
-0.46382 8.1
-0.46358 8.0
-0.46333 8.0
-0.46309 7.9
-0.46284 7.8
-0.4626 7.8
-0.46236 7.7
-0.46211 7.6
-0.46187 7.4
-0.46162 7.3
-0.46138 7.2
-0.46114 7.0
-0.46089 6.8
-0.46065 6.7
-0.4604 6.5
-0.46016 6.3
-0.45992 6.1
-0.45967 5.9
-0.45943 5.6
-0.45918 5.4
-0.45894 5.1
-0.45869 4.9
-0.45845 4.6
-0.45821 4.4
-0.45796 4.1
-0.45772 3.8
-0.45747 3.5
-0.45723 3.2
-0.45699 2.9
-0.45674 2.6
-0.4565 2.3
-0.45625 2.0
-0.45601 1.7
-0.45576 1.3
-0.45552 1.0
-0.45528 0.7
-0.45503 0.4
-0.45479 0.0
-0.45454 -0.3
-0.4543 -0.6
-0.45406 -0.9
-0.45381 -1.3
-0.45357 -1.6
-0.45332 -1.9
-0.45308 -2.2
-0.45284 -2.5
-0.45259 -2.8
-0.45235 -3.1
-0.4521 -3.4
-0.45186 -3.7
-0.45161 -4.0
-0.45137 -4.3
-0.45113 -4.6
-0.45088 -4.8
-0.45064 -5.1
-0.45039 -5.4
-0.45015 -5.6
-0.44991 -5.8
-0.44966 -6.1
-0.44942 -6.3
-0.44917 -6.5
-0.44893 -6.7
-0.44868 -6.9
-0.44844 -7.0
-0.4482 -7.2
-0.44795 -7.3
-0.44771 -7.5
-0.44746 -7.6
-0.44722 -7.7
-0.44698 -7.8
-0.44673 -7.9
-0.44649 -8.0
-0.44624 -8.0
-0.446 -8.1
-0.44576 -8.1
-0.44551 -8.1
-0.44527 -8.2
-0.44502 -8.2
-0.44478 -8.1
-0.44453 -8.1
-0.44429 -8.1
-0.44405 -8.0
-0.4438 -7.9
-0.44356 -7.8
-0.44331 -7.8
-0.44307 -7.6
-0.44283 -7.5
-0.44258 -7.4
-0.44234 -7.2
-0.44209 -7.1
-0.44185 -6.9
-0.4416 -6.7
-0.44136 -6.5
-0.44112 -6.3
-0.44087 -6.1
-0.44063 -5.9
-0.44038 -5.7
-0.44014 -5.4
-0.4399 -5.2
-0.43965 -4.9
-0.43941 -4.6
-0.43916 -4.4
-0.43892 -4.1
-0.43867 -3.8
-0.43843 -3.5
-0.43819 -3.2
-0.43794 -2.9
-0.4377 -2.6
-0.43745 -2.2
-0.43721 -1.9
-0.43697 -1.6
-0.43672 -1.3
-0.43648 -0.9
-0.43623 -0.6
-0.43599 -0.3
-0.43575 0.0
-0.4355 0.4
-0.43526 0.7
-0.43501 1.1
-0.43477 1.4
-0.43452 1.7
-0.43428 2.1
-0.43404 2.4
-0.43379 2.7
-0.43355 3.0
-0.4333 3.3
-0.43306 3.6
-0.43282 3.9
-0.43257 4.2
-0.43233 4.5
-0.43208 4.8
-0.43184 5.0
-0.43159 5.3
-0.43135 5.6
-0.43111 5.8
-0.43086 6.0
-0.43062 6.3
-0.43037 6.5
-0.43013 6.7
-0.42989 6.9
-0.42964 7.1
-0.4294 7.2
-0.42915 7.4
-0.42891 7.5
-0.42867 7.7
-0.42842 7.8
-0.42818 7.9
-0.42793 8.0
-0.42769 8.0
-0.42744 8.1
-0.4272 8.2
-0.42696 8.2
-0.42671 8.2
-0.42647 8.2
-0.42622 8.2
-0.42598 8.2
-0.42574 8.2
-0.42549 8.1
-0.42525 8.1
-0.425 8.0
-0.42476 7.9
-0.42451 7.8
-0.42427 7.7
-0.42403 7.6
-0.42378 7.4
-0.42354 7.3
-0.42329 7.1
-0.42305 7.0
-0.42281 6.8
-0.42256 6.6
-0.42232 6.4
-0.42207 6.1
-0.42183 5.9
-0.42159 5.7
-0.42134 5.4
-0.4211 5.1
-0.42085 4.9
-0.42061 4.6
-0.42036 4.3
-0.42012 4.0
-0.41988 3.7
-0.41963 3.4
-0.41939 3.1
-0.41914 2.8
-0.4189 2.5
-0.41866 2.1
-0.41841 1.8
-0.41817 1.5
-0.41792 1.1
-0.41768 0.8
-0.41743 0.4
-0.41719 0.1
-0.41695 -0.2
-0.4167 -0.6
-0.41646 -0.9
-0.41621 -1.3
-0.41597 -1.6
-0.41573 -1.9
-0.41548 -2.3
-0.41524 -2.6
-0.41499 -2.9
-0.41475 -3.2
-0.41451 -3.6
-0.41426 -3.9
-0.41402 -4.2
-0.41377 -4.5
-0.41353 -4.7
-0.41328 -5.0
-0.41304 -5.3
-0.4128 -5.6
-0.41255 -5.8
-0.41231 -6.0
-0.41206 -6.3
-0.41182 -6.5
-0.41158 -6.7
-0.41133 -6.9
-0.41109 -7.1
-0.41084 -7.3
-0.4106 -7.4
-0.41035 -7.6
-0.41011 -7.7
-0.40987 -7.8
-0.40962 -7.9
-0.40938 -8.0
-0.40913 -8.1
-0.40889 -8.2
-0.40865 -8.2
-0.4084 -8.3
-0.40816 -8.3
-0.40791 -8.3
-0.40767 -8.3
-0.40742 -8.3
-0.40718 -8.3
-0.40694 -8.2
-0.40669 -8.2
-0.40645 -8.1
-0.4062 -8.0
-0.40596 -7.9
-0.40572 -7.8
-0.40547 -7.6
-0.40523 -7.5
-0.40498 -7.3
-0.40474 -7.2
-0.4045 -7.0
-0.40425 -6.8
-0.40401 -6.6
-0.40376 -6.4
-0.40352 -6.1
-0.40327 -5.9
-0.40303 -5.6
-0.40279 -5.4
-0.40254 -5.1
-0.4023 -4.8
-0.40205 -4.5
-0.40181 -4.2
-0.40157 -3.9
-0.40132 -3.6
-0.40108 -3.3
-0.40083 -3.0
-0.40059 -2.6
-0.40034 -2.3
-0.4001 -2.0
-0.39986 -1.6
-0.39961 -1.3
-0.39937 -0.9
-0.39912 -0.6
-0.39888 -0.2
-0.39864 0.1
-0.39839 0.5
-0.39815 0.8
-0.3979 1.2
-0.39766 1.5
-0.39742 1.9
-0.39717 2.2
-0.39693 2.5
-0.39668 2.9
-0.39644 3.2
-0.39619 3.5
-0.39595 3.8
-0.39571 4.1
-0.39546 4.5
-0.39522 4.7
-0.39497 5.0
-0.39473 5.3
-0.39449 5.6
-0.39424 5.8
-0.394 6.1
-0.39375 6.3
-0.39351 6.6
-0.39326 6.8
-0.39302 7.0
-0.39278 7.2
-0.39253 7.3
-0.39229 7.5
-0.39204 7.7
-0.3918 7.8
-0.39156 7.9
-0.39131 8.0
-0.39107 8.1
-0.39082 8.2
-0.39058 8.3
-0.39034 8.3
-0.39009 8.4
-0.38985 8.4
-0.3896 8.4
-0.38936 8.4
-0.38911 8.4
-0.38887 8.3
-0.38863 8.3
-0.38838 8.2
-0.38814 8.1
-0.38789 8.0
-0.38765 7.9
-0.38741 7.8
-0.38716 7.7
-0.38692 7.5
-0.38667 7.3
-0.38643 7.2
-0.38618 7.0
-0.38594 6.8
-0.3857 6.5
-0.38545 6.3
-0.38521 6.1
-0.38496 5.8
-0.38472 5.6
-0.38448 5.3
-0.38423 5.0
-0.38399 4.7
-0.38374 4.4
-0.3835 4.1
-0.38326 3.8
-0.38301 3.5
-0.38277 3.1
-0.38252 2.8
-0.38228 2.4
-0.38203 2.1
-0.38179 1.8
-0.38155 1.4
-0.3813 1.0
-0.38106 0.7
-0.38081 0.3
-0.38057 0.0
-0.38033 -0.4
-0.38008 -0.8
-0.37984 -1.1
-0.37959 -1.5
-0.37935 -1.8
-0.3791 -2.2
-0.37886 -2.5
-0.37862 -2.9
-0.37837 -3.2
-0.37813 -3.5
-0.37788 -3.9
-0.37764 -4.2
-0.3774 -4.5
-0.37715 -4.8
-0.37691 -5.1
-0.37666 -5.4
-0.37642 -5.6
-0.37617 -5.9
-0.37593 -6.2
-0.37569 -6.4
-0.37544 -6.6
-0.3752 -6.9
-0.37495 -7.1
-0.37471 -7.3
-0.37447 -7.4
-0.37422 -7.6
-0.37398 -7.8
-0.37373 -7.9
-0.37349 -8.0
-0.37325 -8.1
-0.373 -8.2
-0.37276 -8.3
-0.37251 -8.4
-0.37227 -8.4
-0.37202 -8.5
-0.37178 -8.5
-0.37154 -8.5
-0.37129 -8.5
-0.37105 -8.4
-0.3708 -8.4
-0.37056 -8.3
-0.37032 -8.3
-0.37007 -8.2
-0.36983 -8.1
-0.36958 -7.9
-0.36934 -7.8
-0.36909 -7.7
-0.36885 -7.5
-0.36861 -7.3
-0.36836 -7.1
-0.36812 -6.9
-0.36787 -6.7
-0.36763 -6.5
-0.36739 -6.2
-0.36714 -6.0
-0.3669 -5.7
-0.36665 -5.4
-0.36641 -5.1
-0.36617 -4.9
-0.36592 -4.5
-0.36568 -4.2
-0.36543 -3.9
-0.36519 -3.6
-0.36494 -3.2
-0.3647 -2.9
-0.36446 -2.5
-0.36421 -2.2
-0.36397 -1.8
-0.36372 -1.5
-0.36348 -1.1
-0.36324 -0.7
-0.36299 -0.4
-0.36275 0.0
-0.3625 0.4
-0.36226 0.7
-0.36201 1.1
-0.36177 1.5
-0.36153 1.8
-0.36128 2.2
-0.36104 2.5
-0.36079 2.9
-0.36055 3.2
-0.36031 3.6
-0.36006 3.9
-0.35982 4.2
-0.35957 4.6
-0.35933 4.9
-0.35909 5.2
-0.35884 5.5
-0.3586 5.8
-0.35835 6.0
-0.35811 6.3
-0.35786 6.5
-0.35762 6.8
-0.35738 7.0
-0.35713 7.2
-0.35689 7.4
-0.35664 7.6
-0.3564 7.7
-0.35616 7.9
-0.35591 8.0
-0.35567 8.2
-0.35542 8.3
-0.35518 8.4
-0.35493 8.4
-0.35469 8.5
-0.35445 8.5
-0.3542 8.6
-0.35396 8.6
-0.35371 8.6
-0.35347 8.6
-0.35323 8.5
-0.35298 8.5
-0.35274 8.4
-0.35249 8.3
-0.35225 8.2
-0.35201 8.1
-0.35176 8.0
-0.35152 7.8
-0.35127 7.6
-0.35103 7.5
-0.35078 7.3
-0.35054 7.1
-0.3503 6.8
-0.35005 6.6
-0.34981 6.4
-0.34956 6.1
-0.34932 5.8
-0.34908 5.5
-0.34883 5.3
-0.34859 4.9
-0.34834 4.6
-0.3481 4.3
-0.34785 4.0
-0.34761 3.6
-0.34737 3.3
-0.34712 2.9
-0.34688 2.6
-0.34663 2.2
-0.34639 1.9
-0.34615 1.5
-0.3459 1.1
-0.34566 0.7
-0.34541 0.4
-0.34517 0.0
-0.34492 -0.4
-0.34468 -0.8
-0.34444 -1.2
-0.34419 -1.5
-0.34395 -1.9
-0.3437 -2.3
-0.34346 -2.7
-0.34322 -3.0
-0.34297 -3.4
-0.34273 -3.7
-0.34248 -4.1
-0.34224 -4.4
-0.342 -4.7
-0.34175 -5.0
-0.34151 -5.3
-0.34126 -5.6
-0.34102 -5.9
-0.34077 -6.2
-0.34053 -6.5
-0.34029 -6.7
-0.34004 -6.9
-0.3398 -7.2
-0.33955 -7.4
-0.33931 -7.6
-0.33907 -7.8
-0.33882 -7.9
-0.33858 -8.1
-0.33833 -8.2
-0.33809 -8.3
-0.33784 -8.4
-0.3376 -8.5
-0.33736 -8.6
-0.33711 -8.6
-0.33687 -8.7
-0.33662 -8.7
-0.33638 -8.7
-0.33614 -8.7
-0.33589 -8.6
-0.33565 -8.6
-0.3354 -8.5
-0.33516 -8.4
-0.33492 -8.3
-0.33467 -8.2
-0.33443 -8.1
-0.33418 -7.9
-0.33394 -7.7
-0.33369 -7.6
-0.33345 -7.4
-0.33321 -7.2
-0.33296 -6.9
-0.33272 -6.7
-0.33247 -6.4
-0.33223 -6.2
-0.33199 -5.9
-0.33174 -5.6
-0.3315 -5.3
-0.33125 -5.0
-0.33101 -4.7
-0.33076 -4.3
-0.33052 -4.0
-0.33028 -3.6
-0.33003 -3.3
-0.32979 -2.9
-0.32954 -2.5
-0.3293 -2.2
-0.32906 -1.8
-0.32881 -1.4
-0.32857 -1.0
-0.32832 -0.6
-0.32808 -0.2
-0.32784 0.1
-0.32759 0.5
-0.32735 0.9
-0.3271 1.3
-0.32686 1.7
-0.32661 2.1
-0.32637 2.5
-0.32613 2.8
-0.32588 3.2
-0.32564 3.6
-0.32539 3.9
-0.32515 4.3
-0.32491 4.6
-0.32466 4.9
-0.32442 5.3
-0.32417 5.6
-0.32393 5.9
-0.32368 6.2
-0.32344 6.4
-0.3232 6.7
-0.32295 6.9
-0.32271 7.2
-0.32246 7.4
-0.32222 7.6
-0.32198 7.8
-0.32173 8.0
-0.32149 8.1
-0.32124 8.3
-0.321 8.4
-0.32076 8.5
-0.32051 8.6
-0.32027 8.7
-0.32002 8.7
-0.31978 8.8
-0.31953 8.8
-0.31929 8.8
-0.31905 8.8
-0.3188 8.7
-0.31856 8.7
-0.31831 8.6
-0.31807 8.5
-0.31783 8.4
-0.31758 8.3
-0.31734 8.1
-0.31709 8.0
-0.31685 7.8
-0.3166 7.6
-0.31636 7.4
-0.31612 7.2
-0.31587 7.0
-0.31563 6.7
-0.31538 6.5
-0.31514 6.2
-0.3149 5.9
-0.31465 5.6
-0.31441 5.3
-0.31416 4.9
-0.31392 4.6
-0.31367 4.3
-0.31343 3.9
-0.31319 3.5
-0.31294 3.2
-0.3127 2.8
-0.31245 2.4
-0.31221 2.0
-0.31197 1.6
-0.31172 1.2
-0.31148 0.8
-0.31123 0.4
-0.31099 0.0
-0.31075 -0.4
-0.3105 -0.8
-0.31026 -1.2
-0.31001 -1.6
-0.30977 -2.0
-0.30952 -2.4
-0.30928 -2.7
-0.30904 -3.1
-0.30879 -3.5
-0.30855 -3.9
-0.3083 -4.2
-0.30806 -4.6
-0.30782 -4.9
-0.30757 -5.3
-0.30733 -5.6
-0.30708 -5.9
-0.30684 -6.2
-0.30659 -6.5
-0.30635 -6.7
-0.30611 -7.0
-0.30586 -7.2
-0.30562 -7.5
-0.30537 -7.7
-0.30513 -7.9
-0.30489 -8.1
-0.30464 -8.2
-0.3044 -8.4
-0.30415 -8.5
-0.30391 -8.6
-0.30367 -8.7
-0.30342 -8.8
-0.30318 -8.8
-0.30293 -8.9
-0.30269 -8.9
-0.30244 -8.9
-0.3022 -8.9
-0.30196 -8.8
-0.30171 -8.8
-0.30147 -8.7
-0.30122 -8.6
-0.30098 -8.5
-0.30074 -8.3
-0.30049 -8.2
-0.30025 -8.0
-0.3 -7.8
-0.29976 -7.6
-0.29951 -7.4
-0.29927 -7.2
-0.29903 -6.9
-0.29878 -6.7
-0.29854 -6.4
-0.29829 -6.1
-0.29805 -5.8
-0.29781 -5.5
-0.29756 -5.2
-0.29732 -4.8
-0.29707 -4.5
-0.29683 -4.1
-0.29659 -3.7
-0.29634 -3.4
-0.2961 -3.0
-0.29585 -2.6
-0.29561 -2.2
-0.29536 -1.8
-0.29512 -1.4
-0.29488 -1.0
-0.29463 -0.5
-0.29439 -0.1
-0.29414 0.3
-0.2939 0.7
-0.29366 1.1
-0.29341 1.5
-0.29317 1.9
-0.29292 2.3
-0.29268 2.7
-0.29243 3.1
-0.29219 3.5
-0.29195 3.9
-0.2917 4.3
-0.29146 4.6
-0.29121 5.0
-0.29097 5.3
-0.29073 5.7
-0.29048 6.0
-0.29024 6.3
-0.28999 6.6
-0.28975 6.9
-0.28951 7.1
-0.28926 7.4
-0.28902 7.6
-0.28877 7.8
-0.28853 8.0
-0.28828 8.2
-0.28804 8.4
-0.2878 8.5
-0.28755 8.6
-0.28731 8.7
-0.28706 8.8
-0.28682 8.9
-0.28658 8.9
-0.28633 9.0
-0.28609 9.0
-0.28584 9.0
-0.2856 9.0
-0.28535 8.9
-0.28511 8.8
-0.28487 8.7
-0.28462 8.6
-0.28438 8.5
-0.28413 8.4
-0.28389 8.2
-0.28365 8.0
-0.2834 7.8
-0.28316 7.6
-0.28291 7.4
-0.28267 7.1
-0.28242 6.9
-0.28218 6.6
-0.28194 6.3
-0.28169 6.0
-0.28145 5.6
-0.2812 5.3
-0.28096 5.0
-0.28072 4.6
-0.28047 4.2
-0.28023 3.8
-0.27998 3.5
-0.27974 3.1
-0.2795 2.7
-0.27925 2.2
-0.27901 1.8
-0.27876 1.4
-0.27852 1.0
-0.27827 0.6
-0.27803 0.1
-0.27779 -0.3
-0.27754 -0.7
-0.2773 -1.2
-0.27705 -1.6
-0.27681 -2.0
-0.27657 -2.4
-0.27632 -2.8
-0.27608 -3.2
-0.27583 -3.6
-0.27559 -4.0
-0.27534 -4.4
-0.2751 -4.8
-0.27486 -5.1
-0.27461 -5.5
-0.27437 -5.8
-0.27412 -6.1
-0.27388 -6.5
-0.27364 -6.8
-0.27339 -7.0
-0.27315 -7.3
-0.2729 -7.6
-0.27266 -7.8
-0.27242 -8.0
-0.27217 -8.2
-0.27193 -8.4
-0.27168 -8.5
-0.27144 -8.7
-0.27119 -8.8
-0.27095 -8.9
-0.27071 -9.0
-0.27046 -9.0
-0.27022 -9.1
-0.26997 -9.1
-0.26973 -9.1
-0.26949 -9.1
-0.26924 -9.0
-0.269 -9.0
-0.26875 -8.9
-0.26851 -8.8
-0.26826 -8.7
-0.26802 -8.5
-0.26778 -8.3
-0.26753 -8.2
-0.26729 -8.0
-0.26704 -7.7
-0.2668 -7.5
-0.26656 -7.2
-0.26631 -7.0
-0.26607 -6.7
-0.26582 -6.4
-0.26558 -6.0
-0.26534 -5.7
-0.26509 -5.4
-0.26485 -5.0
-0.2646 -4.6
-0.26436 -4.2
-0.26411 -3.9
-0.26387 -3.5
-0.26363 -3.0
-0.26338 -2.6
-0.26314 -2.2
-0.26289 -1.8
-0.26265 -1.3
-0.26241 -0.9
-0.26216 -0.5
-0.26192 0.0
-0.26167 0.4
-0.26143 0.9
-0.26118 1.3
-0.26094 1.8
-0.2607 2.2
-0.26045 2.6
-0.26021 3.0
-0.25996 3.5
-0.25972 3.9
-0.25948 4.3
-0.25923 4.7
-0.25899 5.0
-0.25874 5.4
-0.2585 5.8
-0.25826 6.1
-0.25801 6.4
-0.25777 6.7
-0.25752 7.0
-0.25728 7.3
-0.25703 7.6
-0.25679 7.8
-0.25655 8.1
-0.2563 8.3
-0.25606 8.5
-0.25581 8.6
-0.25557 8.8
-0.25533 8.9
-0.25508 9.0
-0.25484 9.1
-0.25459 9.2
-0.25435 9.2
-0.2541 9.2
-0.25386 9.2
-0.25362 9.2
-0.25337 9.2
-0.25313 9.1
-0.25288 9.0
-0.25264 8.9
-0.2524 8.8
-0.25215 8.6
-0.25191 8.4
-0.25166 8.2
-0.25142 8.0
-0.25117 7.8
-0.25093 7.5
-0.25069 7.3
-0.25044 7.0
-0.2502 6.7
-0.24995 6.4
-0.24971 6.0
-0.24947 5.7
-0.24922 5.3
-0.24898 4.9
-0.24873 4.5
-0.24849 4.1
-0.24825 3.7
-0.248 3.3
-0.24776 2.9
-0.24751 2.4
-0.24727 2.0
-0.24702 1.6
-0.24678 1.1
-0.24654 0.6
-0.24629 0.2
-0.24605 -0.3
-0.2458 -0.7
-0.24556 -1.2
-0.24532 -1.6
-0.24507 -2.1
-0.24483 -2.5
-0.24458 -3.0
-0.24434 -3.4
-0.24409 -3.8
-0.24385 -4.2
-0.24361 -4.6
-0.24336 -5.0
-0.24312 -5.4
-0.24287 -5.8
-0.24263 -6.1
-0.24239 -6.5
-0.24214 -6.8
-0.2419 -7.1
-0.24165 -7.4
-0.24141 -7.7
-0.24117 -7.9
-0.24092 -8.2
-0.24068 -8.4
-0.24043 -8.6
-0.24019 -8.8
-0.23994 -8.9
-0.2397 -9.0
-0.23946 -9.2
-0.23921 -9.2
-0.23897 -9.3
-0.23872 -9.3
-0.23848 -9.4
-0.23824 -9.3
-0.23799 -9.3
-0.23775 -9.3
-0.2375 -9.2
-0.23726 -9.1
-0.23701 -9.0
-0.23677 -8.8
-0.23653 -8.7
-0.23628 -8.5
-0.23604 -8.3
-0.23579 -8.0
-0.23555 -7.8
-0.23531 -7.5
-0.23506 -7.2
-0.23482 -6.9
-0.23457 -6.6
-0.23433 -6.2
-0.23409 -5.9
-0.23384 -5.5
-0.2336 -5.1
-0.23335 -4.7
-0.23311 -4.3
-0.23286 -3.9
-0.23262 -3.5
-0.23238 -3.0
-0.23213 -2.6
-0.23189 -2.1
-0.23164 -1.6
-0.2314 -1.2
-0.23116 -0.7
-0.23091 -0.2
-0.23067 0.2
-0.23042 0.7
-0.23018 1.2
-0.22993 1.7
-0.22969 2.1
-0.22945 2.6
-0.2292 3.0
-0.22896 3.5
-0.22871 3.9
-0.22847 4.4
-0.22823 4.8
-0.22798 5.2
-0.22774 5.6
-0.22749 6.0
-0.22725 6.3
-0.22701 6.7
-0.22676 7.0
-0.22652 7.3
-0.22627 7.6
-0.22603 7.9
-0.22578 8.2
-0.22554 8.4
-0.2253 8.6
-0.22505 8.8
-0.22481 9.0
-0.22456 9.1
-0.22432 9.2
-0.22408 9.3
-0.22383 9.4
-0.22359 9.5
-0.22334 9.5
-0.2231 9.5
-0.22285 9.5
-0.22261 9.4
-0.22237 9.3
-0.22212 9.3
-0.22188 9.1
-0.22163 9.0
-0.22139 8.8
-0.22115 8.6
-0.2209 8.4
-0.22066 8.2
-0.22041 7.9
-0.22017 7.6
-0.21992 7.3
-0.21968 7.0
-0.21944 6.7
-0.21919 6.3
-0.21895 6.0
-0.2187 5.6
-0.21846 5.2
-0.21822 4.8
-0.21797 4.3
-0.21773 3.9
-0.21748 3.4
-0.21724 3.0
-0.217 2.5
-0.21675 2.0
-0.21651 1.5
-0.21626 1.1
-0.21602 0.6
-0.21577 0.0
-0.21553 -0.4
-0.21529 -0.9
-0.21504 -1.4
-0.2148 -1.9
-0.21455 -2.4
-0.21431 -2.8
-0.21407 -3.3
-0.21382 -3.8
-0.21358 -4.2
-0.21333 -4.7
-0.21309 -5.1
-0.21284 -5.5
-0.2126 -5.9
-0.21236 -6.3
-0.21211 -6.7
-0.21187 -7.0
-0.21162 -7.3
-0.21138 -7.7
-0.21114 -7.9
-0.21089 -8.2
-0.21065 -8.5
-0.2104 -8.7
-0.21016 -8.9
-0.20992 -9.1
-0.20967 -9.2
-0.20943 -9.4
-0.20918 -9.5
-0.20894 -9.5
-0.20869 -9.6
-0.20845 -9.6
-0.20821 -9.6
-0.20796 -9.6
-0.20772 -9.6
-0.20747 -9.5
-0.20723 -9.4
-0.20699 -9.3
-0.20674 -9.1
-0.2065 -8.9
-0.20625 -8.7
-0.20601 -8.5
-0.20576 -8.2
-0.20552 -8.0
-0.20528 -7.7
-0.20503 -7.4
-0.20479 -7.0
-0.20454 -6.7
-0.2043 -6.3
-0.20406 -5.9
-0.20381 -5.5
-0.20357 -5.1
-0.20332 -4.6
-0.20308 -4.2
-0.20284 -3.7
-0.20259 -3.2
-0.20235 -2.8
-0.2021 -2.3
-0.20186 -1.8
-0.20161 -1.3
-0.20137 -0.8
-0.20113 -0.2
-0.20088 0.3
-0.20064 0.8
-0.20039 1.3
-0.20015 1.8
-0.19991 2.3
-0.19966 2.8
-0.19942 3.3
-0.19917 3.8
-0.19893 4.2
-0.19868 4.7
-0.19844 5.1
-0.1982 5.6
-0.19795 6.0
-0.19771 6.4
-0.19746 6.8
-0.19722 7.1
-0.19698 7.5
-0.19673 7.8
-0.19649 8.1
-0.19624 8.4
-0.196 8.6
-0.19576 8.9
-0.19551 9.1
-0.19527 9.3
-0.19502 9.4
-0.19478 9.5
-0.19453 9.6
-0.19429 9.7
-0.19405 9.8
-0.1938 9.8
-0.19356 9.8
-0.19331 9.7
-0.19307 9.7
-0.19283 9.6
-0.19258 9.5
-0.19234 9.3
-0.19209 9.1
-0.19185 8.9
-0.1916 8.7
-0.19136 8.5
-0.19112 8.2
-0.19087 7.9
-0.19063 7.6
-0.19038 7.2
-0.19014 6.9
-0.1899 6.5
-0.18965 6.1
-0.18941 5.7
-0.18916 5.2
-0.18892 4.8
-0.18867 4.3
-0.18843 3.8
-0.18819 3.3
-0.18794 2.8
-0.1877 2.3
-0.18745 1.8
-0.18721 1.3
-0.18697 0.7
-0.18672 0.2
-0.18648 -0.3
-0.18623 -0.9
-0.18599 -1.4
-0.18575 -1.9
-0.1855 -2.4
-0.18526 -3.0
-0.18501 -3.5
-0.18477 -4.0
-0.18452 -4.5
-0.18428 -4.9
-0.18404 -5.4
-0.18379 -5.8
-0.18355 -6.3
-0.1833 -6.7
-0.18306 -7.1
-0.18282 -7.4
-0.18257 -7.8
-0.18233 -8.1
-0.18208 -8.4
-0.18184 -8.7
-0.18159 -8.9
-0.18135 -9.2
-0.18111 -9.4
-0.18086 -9.5
-0.18062 -9.7
-0.18037 -9.8
-0.18013 -9.9
-0.17989 -9.9
-0.17964 -9.9
-0.1794 -9.9
-0.17915 -9.9
-0.17891 -9.8
-0.17867 -9.8
-0.17842 -9.6
-0.17818 -9.5
-0.17793 -9.3
-0.17769 -9.1
-0.17744 -8.9
-0.1772 -8.6
-0.17696 -8.3
-0.17671 -8.0
-0.17647 -7.7
-0.17622 -7.3
-0.17598 -6.9
-0.17574 -6.5
-0.17549 -6.1
-0.17525 -5.6
-0.175 -5.2
-0.17476 -4.7
-0.17451 -4.2
-0.17427 -3.7
-0.17403 -3.2
-0.17378 -2.6
-0.17354 -2.1
-0.17329 -1.6
-0.17305 -1.0
-0.17281 -0.4
-0.17256 0.1
-0.17232 0.7
-0.17207 1.2
-0.17183 1.8
-0.17159 2.3
-0.17134 2.9
-0.1711 3.4
-0.17085 3.9
-0.17061 4.4
-0.17036 4.9
-0.17012 5.4
-0.16988 5.9
-0.16963 6.3
-0.16939 6.7
-0.16914 7.2
-0.1689 7.5
-0.16866 7.9
-0.16841 8.2
-0.16817 8.6
-0.16792 8.8
-0.16768 9.1
-0.16743 9.3
-0.16719 9.5
-0.16695 9.7
-0.1667 9.9
-0.16646 10.0
-0.16621 10.1
-0.16597 10.1
-0.16573 10.1
-0.16548 10.1
-0.16524 10.1
-0.16499 10.0
-0.16475 9.9
-0.16451 9.7
-0.16426 9.6
-0.16402 9.4
-0.16377 9.1
-0.16353 8.9
-0.16328 8.6
-0.16304 8.3
-0.1628 7.9
-0.16255 7.6
-0.16231 7.2
-0.16206 6.7
-0.16182 6.3
-0.16158 5.8
-0.16133 5.4
-0.16109 4.9
-0.16084 4.3
-0.1606 3.8
-0.16035 3.3
-0.16011 2.7
-0.15987 2.2
-0.15962 1.6
-0.15938 1.0
-0.15913 0.4
-0.15889 -0.1
-0.15865 -0.7
-0.1584 -1.3
-0.15816 -1.9
-0.15791 -2.5
-0.15767 -3.0
-0.15742 -3.6
-0.15718 -4.1
-0.15694 -4.6
-0.15669 -5.2
-0.15645 -5.7
-0.1562 -6.1
-0.15596 -6.6
-0.15572 -7.1
-0.15547 -7.5
-0.15523 -7.9
-0.15498 -8.2
-0.15474 -8.6
-0.1545 -8.9
-0.15425 -9.2
-0.15401 -9.4
-0.15376 -9.7
-0.15352 -9.9
-0.15327 -10.0
-0.15303 -10.1
-0.15279 -10.2
-0.15254 -10.3
-0.1523 -10.3
-0.15205 -10.3
-0.15181 -10.3
-0.15157 -10.2
-0.15132 -10.1
-0.15108 -9.9
-0.15083 -9.8
-0.15059 -9.5
-0.15034 -9.3
-0.1501 -9.0
-0.14986 -8.7
-0.14961 -8.4
-0.14937 -8.0
-0.14912 -7.6
-0.14888 -7.2
-0.14864 -6.8
-0.14839 -6.3
-0.14815 -5.8
-0.1479 -5.3
-0.14766 -4.8
-0.14742 -4.2
-0.14717 -3.7
-0.14693 -3.1
-0.14668 -2.5
-0.14644 -1.9
-0.14619 -1.3
-0.14595 -0.7
-0.14571 0.0
-0.14546 0.5
-0.14522 1.1
-0.14497 1.7
-0.14473 2.3
-0.14449 2.9
-0.14424 3.5
-0.144 4.1
-0.14375 4.7
-0.14351 5.2
-0.14326 5.7
-0.14302 6.2
-0.14278 6.7
-0.14253 7.2
-0.14229 7.6
-0.14204 8.0
-0.1418 8.4
-0.14156 8.8
-0.14131 9.1
-0.14107 9.4
-0.14082 9.7
-0.14058 9.9
-0.14034 10.1
-0.14009 10.2
-0.13985 10.4
-0.1396 10.5
-0.13936 10.5
-0.13911 10.5
-0.13887 10.5
-0.13863 10.4
-0.13838 10.3
-0.13814 10.2
-0.13789 10.0
-0.13765 9.8
-0.13741 9.6
-0.13716 9.3
-0.13692 9.0
-0.13667 8.6
-0.13643 8.3
-0.13618 7.9
-0.13594 7.4
-0.1357 7.0
-0.13545 6.5
-0.13521 6.0
-0.13496 5.4
-0.13472 4.9
-0.13448 4.3
-0.13423 3.7
-0.13399 3.1
-0.13374 2.5
-0.1335 1.9
-0.13326 1.2
-0.13301 0.6
-0.13277 0.0
-0.13252 -0.7
-0.13228 -1.3
-0.13203 -2.0
-0.13179 -2.6
-0.13155 -3.2
-0.1313 -3.8
-0.13106 -4.4
-0.13081 -5.0
-0.13057 -5.6
-0.13033 -6.1
-0.13008 -6.6
-0.12984 -7.1
-0.12959 -7.6
-0.12935 -8.1
-0.1291 -8.5
-0.12886 -8.9
-0.12862 -9.2
-0.12837 -9.5
-0.12813 -9.8
-0.12788 -10.1
-0.12764 -10.3
-0.1274 -10.4
-0.12715 -10.6
-0.12691 -10.7
-0.12666 -10.7
-0.12642 -10.7
-0.12617 -10.7
-0.12593 -10.7
-0.12569 -10.5
-0.12544 -10.4
-0.1252 -10.2
-0.12495 -10.0
-0.12471 -9.7
-0.12447 -9.4
-0.12422 -9.1
-0.12398 -8.7
-0.12373 -8.3
-0.12349 -7.9
-0.12325 -7.4
-0.123 -6.9
-0.12276 -6.4
-0.12251 -5.8
-0.12227 -5.2
-0.12202 -4.6
-0.12178 -4.0
-0.12154 -3.4
-0.12129 -2.8
-0.12105 -2.1
-0.1208 -1.4
-0.12056 -0.8
-0.12032 0.0
-0.12007 0.6
-0.11983 1.3
-0.11958 1.9
-0.11934 2.6
-0.11909 3.3
-0.11885 3.9
-0.11861 4.5
-0.11836 5.2
-0.11812 5.8
-0.11787 6.3
-0.11763 6.9
-0.11739 7.4
-0.11714 7.9
-0.1169 8.4
-0.11665 8.8
-0.11641 9.2
-0.11617 9.5
-0.11592 9.9
-0.11568 10.2
-0.11543 10.4
-0.11519 10.6
-0.11494 10.8
-0.1147 10.9
-0.11446 11.0
-0.11421 11.0
-0.11397 11.0
-0.11372 10.9
-0.11348 10.8
-0.11324 10.7
-0.11299 10.5
-0.11275 10.2
-0.1125 10.0
-0.11226 9.7
-0.11201 9.3
-0.11177 8.9
-0.11153 8.5
-0.11128 8.0
-0.11104 7.5
-0.11079 7.0
-0.11055 6.4
-0.11031 5.8
-0.11006 5.2
-0.10982 4.6
-0.10957 3.9
-0.10933 3.3
-0.10909 2.6
-0.10884 1.9
-0.1086 1.2
-0.10835 0.4
-0.10811 -0.3
-0.10786 -1.0
-0.10762 -1.7
-0.10738 -2.4
-0.10713 -3.1
-0.10689 -3.8
-0.10664 -4.5
-0.1064 -5.1
-0.10616 -5.8
-0.10591 -6.4
-0.10567 -7.0
-0.10542 -7.5
-0.10518 -8.1
-0.10493 -8.5
-0.10469 -9.0
-0.10445 -9.4
-0.1042 -9.8
-0.10396 -10.1
-0.10371 -10.4
-0.10347 -10.7
-0.10323 -10.9
-0.10298 -11.1
-0.10274 -11.2
-0.10249 -11.2
-0.10225 -11.3
-0.10201 -11.2
-0.10176 -11.1
-0.10152 -11.0
-0.10127 -10.8
-0.10103 -10.6
-0.10078 -10.3
-0.10054 -10.0
-0.1003 -9.7
-0.10005 -9.2
-0.09981 -8.8
-0.09956 -8.3
-0.09932 -7.8
-0.09908 -7.2
-0.09883 -6.6
-0.09859 -6.0
-0.09834 -5.4
-0.0981 -4.7
-0.09785 -4.0
-0.09761 -3.3
-0.09737 -2.5
-0.09712 -1.8
-0.09688 -1.0
-0.09663 -0.3
-0.09639 0.5
-0.09615 1.3
-0.0959 2.0
-0.09566 2.8
-0.09541 3.5
-0.09517 4.2
-0.09492 4.9
-0.09468 5.6
-0.09444 6.3
-0.09419 6.9
-0.09395 7.5
-0.0937 8.1
-0.09346 8.6
-0.09322 9.1
-0.09297 9.6
-0.09273 10.0
-0.09248 10.4
-0.09224 10.7
-0.092 11.0
-0.09175 11.2
-0.09151 11.4
-0.09126 11.5
-0.09102 11.5
-0.09077 11.6
-0.09053 11.5
-0.09029 11.4
-0.09004 11.3
-0.0898 11.0
-0.08955 10.8
-0.08931 10.5
-0.08907 10.1
-0.08882 9.7
-0.08858 9.3
-0.08833 8.8
-0.08809 8.2
-0.08784 7.6
-0.0876 7.0
-0.08736 6.3
-0.08711 5.7
-0.08687 4.9
-0.08662 4.2
-0.08638 3.4
-0.08614 2.6
-0.08589 1.8
-0.08565 1.0
-0.0854 0.2
-0.08516 -0.6
-0.08492 -1.4
-0.08467 -2.2
-0.08443 -3.0
-0.08418 -3.8
-0.08394 -4.6
-0.08369 -5.4
-0.08345 -6.1
-0.08321 -6.8
-0.08296 -7.4
-0.08272 -8.1
-0.08247 -8.7
-0.08223 -9.2
-0.08199 -9.7
-0.08174 -10.2
-0.0815 -10.6
-0.08125 -10.9
-0.08101 -11.3
-0.08076 -11.5
-0.08052 -11.7
-0.08028 -11.8
-0.08003 -11.9
-0.07979 -11.9
-0.07954 -11.8
-0.0793 -11.7
-0.07906 -11.5
-0.07881 -11.3
-0.07857 -11.0
-0.07832 -10.7
-0.07808 -10.3
-0.07784 -9.8
-0.07759 -9.3
-0.07735 -8.7
-0.0771 -8.1
-0.07686 -7.5
-0.07661 -6.8
-0.07637 -6.0
-0.07613 -5.3
-0.07588 -4.5
-0.07564 -3.7
-0.07539 -2.8
-0.07515 -2.0
-0.07491 -1.1
-0.07466 -0.2
-0.07442 0.7
-0.07417 1.5
-0.07393 2.4
-0.07368 3.3
-0.07344 4.1
-0.0732 5.0
-0.07295 5.8
-0.07271 6.5
-0.07246 7.3
-0.07222 8.0
-0.07198 8.6
-0.07173 9.3
-0.07149 9.8
-0.07124 10.3
-0.071 10.8
-0.07076 11.2
-0.07051 11.5
-0.07027 11.8
-0.07002 12.0
-0.06978 12.2
-0.06953 12.3
-0.06929 12.3
-0.06905 12.2
-0.0688 12.1
-0.06856 11.9
-0.06831 11.6
-0.06807 11.3
-0.06783 10.9
-0.06758 10.4
-0.06734 9.9
-0.06709 9.3
-0.06685 8.7
-0.0666 8.0
-0.06636 7.3
-0.06612 6.5
-0.06587 5.7
-0.06563 4.8
-0.06538 4.0
-0.06514 3.0
-0.0649 2.1
-0.06465 1.2
-0.06441 0.2
-0.06416 -0.7
-0.06392 -1.7
-0.06367 -2.7
-0.06343 -3.6
-0.06319 -4.5
-0.06294 -5.4
-0.0627 -6.3
-0.06245 -7.1
-0.06221 -7.9
-0.06197 -8.6
-0.06172 -9.3
-0.06148 -10.0
-0.06123 -10.5
-0.06099 -11.1
-0.06075 -11.5
-0.0605 -11.9
-0.06026 -12.2
-0.06001 -12.5
-0.05977 -12.6
-0.05952 -12.7
-0.05928 -12.7
-0.05904 -12.6
-0.05879 -12.5
-0.05855 -12.2
-0.0583 -11.9
-0.05806 -11.6
-0.05782 -11.1
-0.05757 -10.6
-0.05733 -10.0
-0.05708 -9.3
-0.05684 -8.6
-0.05659 -7.8
-0.05635 -6.9
-0.05611 -6.1
-0.05586 -5.1
-0.05562 -4.2
-0.05537 -3.2
-0.05513 -2.2
-0.05489 -1.1
-0.05464 0.0
-0.0544 1.0
-0.05415 2.0
-0.05391 3.1
-0.05367 4.1
-0.05342 5.1
-0.05318 6.1
-0.05293 7.0
-0.05269 7.9
-0.05244 8.7
-0.0522 9.5
-0.05196 10.2
-0.05171 10.9
-0.05147 11.4
-0.05122 12.0
-0.05098 12.4
-0.05074 12.7
-0.05049 13.0
-0.05025 13.1
-0.05 13.2
-0.04976 13.2
-0.04951 13.1
-0.04927 12.9
-0.04903 12.6
-0.04878 12.2
-0.04854 11.7
-0.04829 11.2
-0.04805 10.5
-0.04781 9.8
-0.04756 9.0
-0.04732 8.2
-0.04707 7.2
-0.04683 6.3
-0.04659 5.2
-0.04634 4.2
-0.0461 3.1
-0.04585 1.9
-0.04561 0.8
-0.04536 -0.4
-0.04512 -1.6
-0.04488 -2.7
-0.04463 -3.9
-0.04439 -5.0
-0.04414 -6.1
-0.0439 -7.1
-0.04366 -8.1
-0.04341 -9.1
-0.04317 -9.9
-0.04292 -10.7
-0.04268 -11.5
-0.04243 -12.1
-0.04219 -12.6
-0.04195 -13.1
-0.0417 -13.4
-0.04146 -13.7
-0.04121 -13.8
-0.04097 -13.8
-0.04073 -13.7
-0.04048 -13.5
-0.04024 -13.2
-0.03999 -12.8
-0.03975 -12.3
-0.03951 -11.7
-0.03926 -10.9
-0.03902 -10.1
-0.03877 -9.2
-0.03853 -8.2
-0.03828 -7.2
-0.03804 -6.0
-0.0378 -4.9
-0.03755 -3.6
-0.03731 -2.4
-0.03706 -1.1
-0.03682 0.2
-0.03658 1.6
-0.03633 2.9
-0.03609 4.2
-0.03584 5.4
-0.0356 6.6
-0.03535 7.8
-0.03511 8.9
-0.03487 10.0
-0.03462 10.9
-0.03438 11.8
-0.03413 12.5
-0.03389 13.2
-0.03365 13.7
-0.0334 14.1
-0.03316 14.4
-0.03291 14.5
-0.03267 14.6
-0.03242 14.4
-0.03218 14.2
-0.03194 13.8
-0.03169 13.3
-0.03145 12.6
-0.0312 11.8
-0.03096 10.9
-0.03072 9.9
-0.03047 8.8
-0.03023 7.6
-0.02998 6.3
-0.02974 4.9
-0.0295 3.5
-0.02925 2.0
-0.02901 0.5
-0.02876 -1.0
-0.02852 -2.5
-0.02827 -4.0
-0.02803 -5.5
-0.02779 -6.9
-0.02754 -8.2
-0.0273 -9.5
-0.02705 -10.7
-0.02681 -11.8
-0.02657 -12.8
-0.02632 -13.6
-0.02608 -14.3
-0.02583 -14.8
-0.02559 -15.2
-0.02534 -15.4
-0.0251 -15.5
-0.02486 -15.4
-0.02461 -15.1
-0.02437 -14.6
-0.02412 -13.9
-0.02388 -13.1
-0.02364 -12.1
-0.02339 -11.0
-0.02315 -9.7
-0.0229 -8.3
-0.02266 -6.8
-0.02242 -5.2
-0.02217 -3.5
-0.02193 -1.8
-0.02168 0.0
-0.02144 1.8
-0.02119 3.6
-0.02095 5.3
-0.02071 7.0
-0.02046 8.7
-0.02022 10.2
-0.01997 11.6
-0.01973 12.9
-0.01949 14.1
-0.01924 15.0
-0.019 15.7
-0.01875 16.3
-0.01851 16.6
-0.01826 16.7
-0.01802 16.6
-0.01778 16.2
-0.01753 15.6
-0.01729 14.7
-0.01704 13.6
-0.0168 12.3
-0.01656 10.8
-0.01631 9.1
-0.01607 7.3
-0.01582 5.3
-0.01558 3.2
-0.01534 1.1
-0.01509 -1.1
-0.01485 -3.4
-0.0146 -5.5
-0.01436 -7.7
-0.01411 -9.7
-0.01387 -11.6
-0.01363 -13.3
-0.01338 -14.9
-0.01314 -16.1
-0.01289 -17.1
-0.01265 -17.9
-0.01241 -18.2
-0.01216 -18.3
-0.01192 -18.0
-0.01167 -17.4
-0.01143 -16.4
-0.01118 -15.0
-0.01094 -13.4
-0.0107 -11.4
-0.01045 -9.2
-0.01021 -6.7
-0.00996 -4.1
-0.00972 -1.3
-0.00948 1.6
-0.00923 4.5
-0.00899 7.4
-0.00874 10.1
-0.0085 12.7
-0.00826 15.0
-0.00801 17.0
-0.00777 18.6
-0.00752 19.7
-0.00728 20.4
-0.00703 20.5
-0.00679 20.0
-0.00655 19.0
-0.0063 17.4
-0.00606 15.2
-0.00581 12.5
-0.00557 9.4
-0.00533 5.8
-0.00508 2.0
-0.00484 -2.0
-0.00459 -6.1
-0.00435 -10.1
-0.0041 -13.8
-0.00386 -17.1
-0.00362 -19.9
-0.00337 -21.9
-0.00313 -23.1
-0.00288 -23.3
-0.00264 -22.4
-0.0024 -20.5
-0.00215 -17.4
-0.00191 -13.4
-0.00166 -8.5
-0.00142 -2.8
-0.00117 3.2
-0.00093 9.2
-0.00069 14.9
-0.00044 19.8
-0.0002 23.4
5e-05 25.2
0.00029 25.0
0.00053 22.5
0.00078 17.9
0.00102 11.4
0.00127 3.8
0.00151 -4.2
0.00175 -11.5
0.002 -17.3
0.00224 -20.7
0.00249 -21.3
0.00273 -19.2
0.00298 -14.6
0.00322 -8.4
0.00346 -1.6
0.00371 4.9
0.00395 10.1
0.0042 13.3
0.00444 14.1
0.00468 12.8
0.00493 9.6
0.00517 5.3
0.00542 0.7
0.00566 -3.4
0.00591 -6.5
0.00615 -8.1
0.00639 -8.2
0.00664 -6.9
0.00688 -4.7
0.00713 -2.0
0.00737 0.7
0.00761 2.9
0.00786 4.3
0.0081 4.8
0.00835 4.4
0.00859 3.3
0.00883 1.8
0.00908 0.2
0.00932 -1.2
0.00957 -2.2
0.00981 -2.7
0.01006 -2.7
0.0103 -2.2
0.01054 -1.4
0.01079 -0.4
0.01103 0.4
0.01128 1.1
0.01152 1.5
0.01176 1.6
0.01201 1.4
0.01225 1.0
0.0125 0.4
0.01274 -0.1
0.01299 -0.5
0.01323 -0.8
0.01347 -0.9
0.01372 -0.9
0.01396 -0.6
0.01421 -0.3
0.01445 0.0
0.01469 0.3
0.01494 0.4
0.01518 0.5
0.01543 0.5
0.01567 0.4
0.01591 0.3
0.01616 0.0
0.0164 -0.1
0.01665 -0.2
0.01689 -0.3
0.01714 -0.3
0.01738 -0.3
0.01762 -0.2
0.01787 0.0
0.01811 0.0
0.01836 0.1
0.0186 0.2
0.01884 0.2
0.01909 0.2
0.01933 0.1
0.01958 0.0
0.01982 0.0
0.02007 0.0
0.02031 0.0
0.02055 -0.1
0.0208 -0.1
0.02104 0.0
0.02129 0.0
0.02153 0.0
0.02177 0.0
0.02202 0.0
0.02226 0.0
0.02251 0.0
0.02275 0.0
0.02299 0.0
0.02324 0.0
0.02348 0.0
0.02373 0.0
0.02397 0.0
0.02422 0.0
0.02446 0.0
0.0247 0.0
0.02495 0.0
0.02519 0.0
0.02544 0.0
0.02568 0.0
0.02592 0.0
0.02617 0.0
0.02641 0.0
0.02666 0.0
0.0269 0.0
0.02715 0.0
0.02739 0.0
0.02763 0.0
0.02788 0.0
0.02812 0.0
0.02837 0.0
0.02861 0.0
0.02885 0.0
0.0291 0.0
0.02934 0.0
0.02959 0.0
0.02983 0.0
0.03008 0.0
0.03032 0.0
0.03056 0.0
0.03081 0.0
0.03105 0.0
0.0313 0.0
0.03154 0.0
0.03178 0.0
0.03203 0.0
0.03227 0.0
0.03252 0.0
0.03276 0.0
0.033 0.0
0.03325 0.0
0.03349 0.0
0.03374 0.0
0.03398 0.0
0.03423 0.0
0.03447 0.0
0.03471 0.0
0.03496 0.0
0.0352 0.0
0.03545 0.0
0.03569 0.0
0.03593 0.0
0.03618 0.0
0.03642 0.0
0.03667 0.0
0.03691 0.0
0.03716 0.0
0.0374 0.0
0.03764 0.0
0.03789 0.0
0.03813 0.0
0.03838 0.0
0.03862 0.0
0.03886 0.0
0.03911 0.0
0.03935 0.0
0.0396 0.0
0.03984 0.0
0.04008 0.0
0.04033 0.0
0.04057 0.0
0.04082 0.0
0.04106 0.0
0.04131 0.0
0.04155 0.0
0.04179 0.0
0.04204 0.0
0.04228 0.0
0.04253 0.0
0.04277 0.0
0.04301 0.0
0.04326 0.0
0.0435 0.0
0.04375 0.0
0.04399 0.0
0.04424 0.0
0.04448 0.0
0.04472 0.0
0.04497 0.0
0.04521 0.0
0.04546 0.0
0.0457 0.0
0.04594 0.0
0.04619 0.0
0.04643 0.0
0.04668 0.0
0.04692 0.0
0.04716 0.0
0.04741 0.0
0.04765 0.0
0.0479 0.0
0.04814 0.0
0.04839 0.0
0.04863 0.0
0.04887 0.0
0.04912 0.0
0.04936 0.0
0.04961 0.0
0.04985 0.0
0.05009 0.0
0.05034 0.0
0.05058 0.0
0.05083 0.0
0.05107 0.0
0.05132 0.0
0.05156 0.0
0.0518 0.0
0.05205 0.0
0.05229 0.0
0.05254 0.0
0.05278 0.0
0.05302 0.0
0.05327 0.0
0.05351 0.0
0.05376 0.0
0.054 0.0
0.05424 0.0
0.05449 0.0
0.05473 0.0
0.05498 0.0
0.05522 0.0
0.05547 0.0
0.05571 0.0
0.05595 0.0
0.0562 0.0
0.05644 0.0
0.05669 0.0
0.05693 0.0
0.05717 0.0
0.05742 0.0
0.05766 0.0
0.05791 0.0
0.05815 0.0
0.0584 0.0
0.05864 0.0
0.05888 0.0
0.05913 0.0
0.05937 0.0
0.05962 0.0
0.05986 0.0
0.0601 0.0
0.06035 0.0
0.06059 0.0
0.06084 0.0
0.06108 0.0
0.06133 0.0
0.06157 0.0
0.06181 0.0
0.06206 0.0
0.0623 0.0
0.06255 0.0
0.06279 0.0
0.06303 0.0
0.06328 0.0
0.06352 0.0
0.06377 0.0
0.06401 0.0
0.06425 0.0
0.0645 0.0
0.06474 0.0
0.06499 0.0
0.06523 0.0
0.06548 0.0
0.06572 0.0
0.06596 0.0
0.06621 0.0
0.06645 0.0
0.0667 0.0
0.06694 0.0
0.06718 0.0
0.06743 0.0
0.06767 0.0
0.06792 0.0
0.06816 0.0
0.06841 0.0
0.06865 0.0
0.06889 0.0
0.06914 0.0
0.06938 0.0
0.06963 0.0
0.06987 0.0
0.07011 0.0
0.07036 0.0
0.0706 0.0
0.07085 0.0
0.07109 0.0
0.07133 0.0
0.07158 0.0
0.07182 0.0
0.07207 0.0
0.07231 0.0
0.07256 0.0
0.0728 0.0
0.07304 0.0
0.07329 0.0
0.07353 0.0
0.07378 0.0
0.07402 0.0
0.07426 0.0
0.07451 0.0
0.07475 0.0
0.075 0.0
0.07524 0.0
0.07549 0.0
0.07573 0.0
0.07597 0.0
0.07622 0.0
0.07646 0.0
0.07671 0.0
0.07695 0.0
0.07719 0.0
0.07744 0.0
0.07768 0.0
0.07793 0.0
0.07817 0.0
0.07841 0.0
0.07866 0.0
0.0789 0.0
0.07915 0.0
0.07939 0.0
0.07964 0.0
0.07988 0.0
0.08012 0.0
0.08037 0.0
0.08061 0.0
0.08086 0.0
0.0811 0.0
0.08134 0.0
0.08159 0.0
0.08183 0.0
0.08208 0.0
0.08232 0.0
0.08257 0.0
0.08281 0.0
0.08305 0.0
0.0833 0.0
0.08354 0.0
0.08379 0.0
0.08403 0.0
0.08427 0.0
0.08452 0.0
0.08476 0.0
0.08501 0.0
0.08525 0.0
0.08549 0.0
0.08574 0.0
0.08598 0.0
0.08623 0.0
0.08647 0.0
0.08672 0.0
0.08696 0.0
0.0872 0.0
0.08745 0.0
0.08769 0.0
0.08794 0.0
0.08818 0.0
0.08842 0.0
0.08867 0.0
0.08891 0.0
0.08916 0.0
0.0894 0.0
0.08965 0.0
0.08989 0.0
0.09013 0.0
0.09038 0.0
0.09062 0.0
0.09087 0.0
0.09111 0.0
0.09135 0.0
0.0916 0.0
0.09184 0.0
0.09209 0.0
0.09233 0.0
0.09258 0.0
0.09282 0.0
0.09306 0.0
0.09331 0.0
0.09355 0.0
0.0938 0.0
0.09404 0.0
0.09428 0.0
0.09453 0.0
0.09477 0.0
0.09502 0.0
0.09526 0.0
0.0955 0.0
0.09575 0.0
0.09599 0.0
0.09624 0.0
0.09648 0.0
0.09673 0.0
0.09697 0.0
0.09721 0.0
0.09746 0.0
0.0977 0.0
0.09795 0.0
0.09819 0.0
0.09843 0.0
0.09868 0.0
0.09892 0.0
0.09917 0.0
0.09941 0.0
0.09966 0.0
0.0999 0.0
0.10014 0.0
0.10039 0.0
0.10063 0.0
0.10088 0.0
0.10112 0.0
0.10136 0.0
0.10161 0.0
0.10185 0.0
0.1021 0.0
0.10234 0.0
0.10258 0.0
0.10283 0.0
0.10307 0.0
0.10332 0.0
0.10356 0.0
0.10381 0.0
0.10405 0.0
0.10429 0.0
0.10454 0.0
0.10478 0.0
0.10503 0.0
0.10527 0.0
0.10551 0.0
0.10576 0.0
0.106 0.0
0.10625 0.0
0.10649 0.0
0.10674 0.0
0.10698 0.0
0.10722 0.0
0.10747 0.0
0.10771 0.0
0.10796 0.0
0.1082 0.0
0.10844 0.0
0.10869 0.0
0.10893 0.0
0.10918 0.0
0.10942 0.0
0.10966 0.0
0.10991 0.0
0.11015 0.0
0.1104 0.0
0.11064 0.0
0.11089 0.0
0.11113 0.0
0.11137 0.0
0.11162 0.0
0.11186 0.0
0.11211 0.0
0.11235 0.0
0.11259 0.0
0.11284 0.0
0.11308 0.0
0.11333 0.0
0.11357 0.0
0.11382 0.0
0.11406 0.0
0.1143 0.0
0.11455 0.0
0.11479 0.0
0.11504 0.0
0.11528 0.0
0.11552 0.0
0.11577 0.0
0.11601 0.0
0.11626 0.0
0.1165 0.0
0.11674 0.0
0.11699 0.0
0.11723 0.0
0.11748 0.0
0.11772 0.0
0.11797 0.0
0.11821 0.0
0.11845 0.0
0.1187 0.0
0.11894 0.0
0.11919 0.0
0.11943 0.0
0.11967 0.0
0.11992 0.0
0.12016 0.0
0.12041 0.0
0.12065 0.0
0.1209 0.0
0.12114 0.0
0.12138 0.0
0.12163 0.0
0.12187 0.0
0.12212 0.0
0.12236 0.0
0.1226 0.0
0.12285 0.0
0.12309 0.0
0.12334 0.0
0.12358 0.0
0.12383 0.0
0.12407 0.0
0.12431 0.0
0.12456 0.0
0.1248 0.0
0.12505 0.0
0.12529 0.0
0.12553 0.0
0.12578 0.0
0.12602 0.0
0.12627 0.0
0.12651 0.0
0.12675 0.0
0.127 0.0
0.12724 0.0
0.12749 0.0
0.12773 0.0
0.12798 0.0
0.12822 0.0
0.12846 0.0
0.12871 0.0
0.12895 0.0
0.1292 0.0
0.12944 0.0
0.12968 0.0
0.12993 0.0
0.13017 0.0
0.13042 0.0
0.13066 0.0
0.13091 0.0
0.13115 0.0
0.13139 0.0
0.13164 0.0
0.13188 0.0
0.13213 0.0
0.13237 0.0
0.13261 0.0
0.13286 0.0
0.1331 0.0
0.13335 0.0
0.13359 0.0
0.13383 0.0
0.13408 0.0
0.13432 0.0
