t strain*1e23
-1.02355 -5.1
-1.02331 -5.1
-1.02306 -5.0
-1.02282 -5.0
-1.02258 -4.9
-1.02233 -4.8
-1.02209 -4.8
-1.02184 -4.7
-1.0216 -4.6
-1.02135 -4.5
-1.02111 -4.4
-1.02087 -4.3
-1.02062 -4.1
-1.02038 -4.0
-1.02013 -3.9
-1.01989 -3.7
-1.01965 -3.6
-1.0194 -3.5
-1.01916 -3.3
-1.01891 -3.1
-1.01867 -3.0
-1.01842 -2.8
-1.01818 -2.6
-1.01794 -2.5
-1.01769 -2.3
-1.01745 -2.1
-1.0172 -1.9
-1.01696 -1.7
-1.01672 -1.5
-1.01647 -1.4
-1.01623 -1.2
-1.01598 -1.0
-1.01574 -0.8
-1.0155 -0.6
-1.01525 -0.4
-1.01501 -0.2
-1.01476 0.0
-1.01452 0.2
-1.01427 0.4
-1.01403 0.6
-1.01379 0.8
-1.01354 1.0
-1.0133 1.2
-1.01305 1.4
-1.01281 1.6
-1.01257 1.8
-1.01232 2.0
-1.01208 2.2
-1.01183 2.4
-1.01159 2.5
-1.01134 2.7
-1.0111 2.9
-1.01086 3.0
-1.01061 3.2
-1.01037 3.4
-1.01012 3.5
-1.00988 3.7
-1.00964 3.8
-1.00939 3.9
-1.00915 4.1
-1.0089 4.2
-1.00866 4.3
-1.00842 4.4
-1.00817 4.5
-1.00793 4.6
-1.00768 4.7
-1.00744 4.8
-1.00719 4.9
-1.00695 4.9
-1.00671 5.0
-1.00646 5.1
-1.00622 5.1
-1.00597 5.2
-1.00573 5.2
-1.00549 5.2
-1.00524 5.2
-1.005 5.2
-1.00475 5.2
-1.00451 5.2
-1.00426 5.2
-1.00402 5.2
-1.00378 5.2
-1.00353 5.1
-1.00329 5.1
-1.00304 5.0
-1.0028 5.0
-1.00256 4.9
-1.00231 4.8
-1.00207 4.7
-1.00182 4.6
-1.00158 4.6
-1.00134 4.4
-1.00109 4.3
-1.00085 4.2
-1.0006 4.1
-1.00036 4.0
-1.00011 3.8
-0.99987 3.7
-0.99963 3.5
-0.99938 3.4
-0.99914 3.2
-0.99889 3.1
-0.99865 2.9
-0.99841 2.7
-0.99816 2.6
-0.99792 2.4
-0.99767 2.2
-0.99743 2.0
-0.99718 1.8
-0.99694 1.6
-0.9967 1.4
-0.99645 1.2
-0.99621 1.1
-0.99596 0.9
-0.99572 0.7
-0.99548 0.4
-0.99523 0.2
-0.99499 0.0
-0.99474 -0.2
-0.9945 -0.4
-0.99426 -0.6
-0.99401 -0.8
-0.99377 -1.0
-0.99352 -1.2
-0.99328 -1.4
-0.99303 -1.6
-0.99279 -1.8
-0.99255 -1.9
-0.9923 -2.1
-0.99206 -2.3
-0.99181 -2.5
-0.99157 -2.7
-0.99133 -2.8
-0.99108 -3.0
-0.99084 -3.2
-0.99059 -3.3
-0.99035 -3.5
-0.9901 -3.6
-0.98986 -3.8
-0.98962 -3.9
-0.98937 -4.1
-0.98913 -4.2
-0.98888 -4.3
-0.98864 -4.4
-0.9884 -4.5
-0.98815 -4.6
-0.98791 -4.7
-0.98766 -4.8
-0.98742 -4.9
-0.98717 -5.0
-0.98693 -5.0
-0.98669 -5.1
-0.98644 -5.1
-0.9862 -5.2
-0.98595 -5.2
-0.98571 -5.2
-0.98547 -5.2
-0.98522 -5.3
-0.98498 -5.3
-0.98473 -5.3
-0.98449 -5.2
-0.98425 -5.2
-0.984 -5.2
-0.98376 -5.1
-0.98351 -5.1
-0.98327 -5.0
-0.98302 -5.0
-0.98278 -4.9
-0.98254 -4.8
-0.98229 -4.8
-0.98205 -4.7
-0.9818 -4.6
-0.98156 -4.5
-0.98132 -4.4
-0.98107 -4.2
-0.98083 -4.1
-0.98058 -4.0
-0.98034 -3.8
-0.98009 -3.7
-0.97985 -3.6
-0.97961 -3.4
-0.97936 -3.2
-0.97912 -3.1
-0.97887 -2.9
-0.97863 -2.7
-0.97839 -2.6
-0.97814 -2.4
-0.9779 -2.2
-0.97765 -2.0
-0.97741 -1.8
-0.97717 -1.6
-0.97692 -1.4
-0.97668 -1.2
-0.97643 -1.0
-0.97619 -0.8
-0.97594 -0.6
-0.9757 -0.4
-0.97546 -0.2
-0.97521 0.0
-0.97497 0.2
-0.97472 0.4
-0.97448 0.6
-0.97424 0.8
-0.97399 1.0
-0.97375 1.2
-0.9735 1.4
-0.97326 1.6
-0.97301 1.8
-0.97277 2.0
-0.97253 2.2
-0.97228 2.4
-0.97204 2.6
-0.97179 2.7
-0.97155 2.9
-0.97131 3.1
-0.97106 3.2
-0.97082 3.4
-0.97057 3.6
-0.97033 3.7
-0.97009 3.9
-0.96984 4.0
-0.9696 4.1
-0.96935 4.2
-0.96911 4.4
-0.96886 4.5
-0.96862 4.6
-0.96838 4.7
-0.96813 4.8
-0.96789 4.9
-0.96764 4.9
-0.9674 5.0
-0.96716 5.1
-0.96691 5.1
-0.96667 5.2
-0.96642 5.2
-0.96618 5.2
-0.96593 5.3
-0.96569 5.3
-0.96545 5.3
-0.9652 5.3
-0.96496 5.3
-0.96471 5.3
-0.96447 5.2
-0.96423 5.2
-0.96398 5.1
-0.96374 5.1
-0.96349 5.0
-0.96325 5.0
-0.96301 4.9
-0.96276 4.8
-0.96252 4.7
-0.96227 4.6
-0.96203 4.5
-0.96178 4.4
-0.96154 4.3
-0.9613 4.2
-0.96105 4.1
-0.96081 3.9
-0.96056 3.8
-0.96032 3.6
-0.96008 3.5
-0.95983 3.3
-0.95959 3.2
-0.95934 3.0
-0.9591 2.8
-0.95885 2.6
-0.95861 2.5
-0.95837 2.3
-0.95812 2.1
-0.95788 1.9
-0.95763 1.7
-0.95739 1.5
-0.95715 1.3
-0.9569 1.1
-0.95666 0.9
-0.95641 0.7
-0.95617 0.5
-0.95592 0.3
-0.95568 0.0
-0.95544 -0.1
-0.95519 -0.4
-0.95495 -0.6
-0.9547 -0.8
-0.95446 -1.0
-0.95422 -1.2
-0.95397 -1.4
-0.95373 -1.6
-0.95348 -1.8
-0.95324 -2.0
-0.953 -2.2
-0.95275 -2.3
-0.95251 -2.5
-0.95226 -2.7
-0.95202 -2.9
-0.95177 -3.1
-0.95153 -3.2
-0.95129 -3.4
-0.95104 -3.6
-0.9508 -3.7
-0.95055 -3.9
-0.95031 -4.0
-0.95007 -4.1
-0.94982 -4.3
-0.94958 -4.4
-0.94933 -4.5
-0.94909 -4.6
-0.94884 -4.7
-0.9486 -4.8
-0.94836 -4.9
-0.94811 -5.0
-0.94787 -5.0
-0.94762 -5.1
-0.94738 -5.1
-0.94714 -5.2
-0.94689 -5.2
-0.94665 -5.3
-0.9464 -5.3
-0.94616 -5.3
-0.94592 -5.3
-0.94567 -5.3
-0.94543 -5.3
-0.94518 -5.3
-0.94494 -5.2
-0.94469 -5.2
-0.94445 -5.2
-0.94421 -5.1
-0.94396 -5.1
-0.94372 -5.0
-0.94347 -4.9
-0.94323 -4.8
-0.94299 -4.7
-0.94274 -4.7
-0.9425 -4.5
-0.94225 -4.4
-0.94201 -4.3
-0.94176 -4.2
-0.94152 -4.1
-0.94128 -3.9
-0.94103 -3.8
-0.94079 -3.6
-0.94054 -3.5
-0.9403 -3.3
-0.94006 -3.1
-0.93981 -3.0
-0.93957 -2.8
-0.93932 -2.6
-0.93908 -2.4
-0.93884 -2.2
-0.93859 -2.1
-0.93835 -1.9
-0.9381 -1.7
-0.93786 -1.5
-0.93761 -1.3
-0.93737 -1.0
-0.93713 -0.8
-0.93688 -0.6
-0.93664 -0.4
-0.93639 -0.2
-0.93615 0.0
-0.93591 0.2
-0.93566 0.4
-0.93542 0.6
-0.93517 0.8
-0.93493 1.0
-0.93468 1.2
-0.93444 1.5
-0.9342 1.7
-0.93395 1.9
-0.93371 2.0
-0.93346 2.2
-0.93322 2.4
-0.93298 2.6
-0.93273 2.8
-0.93249 3.0
-0.93224 3.1
-0.932 3.3
-0.93176 3.5
-0.93151 3.6
-0.93127 3.8
-0.93102 3.9
-0.93078 4.1
-0.93053 4.2
-0.93029 4.3
-0.93005 4.5
-0.9298 4.6
-0.92956 4.7
-0.92931 4.8
-0.92907 4.9
-0.92883 4.9
-0.92858 5.0
-0.92834 5.1
-0.92809 5.1
-0.92785 5.2
-0.9276 5.2
-0.92736 5.3
-0.92712 5.3
-0.92687 5.3
-0.92663 5.3
-0.92638 5.3
-0.92614 5.3
-0.9259 5.3
-0.92565 5.3
-0.92541 5.3
-0.92516 5.2
-0.92492 5.2
-0.92467 5.1
-0.92443 5.0
-0.92419 5.0
-0.92394 4.9
-0.9237 4.8
-0.92345 4.7
-0.92321 4.6
-0.92297 4.5
-0.92272 4.4
-0.92248 4.2
-0.92223 4.1
-0.92199 4.0
-0.92175 3.8
-0.9215 3.7
-0.92126 3.5
-0.92101 3.4
-0.92077 3.2
-0.92052 3.0
-0.92028 2.9
-0.92004 2.7
-0.91979 2.5
-0.91955 2.3
-0.9193 2.1
-0.91906 1.9
-0.91882 1.7
-0.91857 1.5
-0.91833 1.3
-0.91808 1.1
-0.91784 0.9
-0.91759 0.7
-0.91735 0.5
-0.91711 0.2
-0.91686 0.0
-0.91662 -0.2
-0.91637 -0.4
-0.91613 -0.6
-0.91589 -0.8
-0.91564 -1.0
-0.9154 -1.2
-0.91515 -1.4
-0.91491 -1.6
-0.91467 -1.8
-0.91442 -2.0
-0.91418 -2.2
-0.91393 -2.4
-0.91369 -2.6
-0.91344 -2.8
-0.9132 -3.0
-0.91296 -3.2
-0.91271 -3.3
-0.91247 -3.5
-0.91222 -3.7
-0.91198 -3.8
-0.91174 -4.0
-0.91149 -4.1
-0.91125 -4.2
-0.911 -4.4
-0.91076 -4.5
-0.91051 -4.6
-0.91027 -4.7
-0.91003 -4.8
-0.90978 -4.9
-0.90954 -5.0
-0.90929 -5.0
-0.90905 -5.1
-0.90881 -5.2
-0.90856 -5.2
-0.90832 -5.3
-0.90807 -5.3
-0.90783 -5.3
-0.90759 -5.3
-0.90734 -5.4
-0.9071 -5.4
-0.90685 -5.3
-0.90661 -5.3
-0.90636 -5.3
-0.90612 -5.3
-0.90588 -5.2
-0.90563 -5.2
-0.90539 -5.1
-0.90514 -5.1
-0.9049 -5.0
-0.90466 -4.9
-0.90441 -4.8
-0.90417 -4.7
-0.90392 -4.6
-0.90368 -4.5
-0.90343 -4.4
-0.90319 -4.2
-0.90295 -4.1
-0.9027 -4.0
-0.90246 -3.8
-0.90221 -3.7
-0.90197 -3.5
-0.90173 -3.3
-0.90148 -3.2
-0.90124 -3.0
-0.90099 -2.8
-0.90075 -2.6
-0.90051 -2.4
-0.90026 -2.2
-0.90002 -2.0
-0.89977 -1.8
-0.89953 -1.6
-0.89928 -1.4
-0.89904 -1.2
-0.8988 -1.0
-0.89855 -0.8
-0.89831 -0.6
-0.89806 -0.4
-0.89782 -0.2
-0.89758 0.0
-0.89733 0.3
-0.89709 0.5
-0.89684 0.7
-0.8966 0.9
-0.89635 1.1
-0.89611 1.3
-0.89587 1.5
-0.89562 1.8
-0.89538 2.0
-0.89513 2.2
-0.89489 2.4
-0.89465 2.5
-0.8944 2.7
-0.89416 2.9
-0.89391 3.1
-0.89367 3.3
-0.89342 3.4
-0.89318 3.6
-0.89294 3.8
-0.89269 3.9
-0.89245 4.1
-0.8922 4.2
-0.89196 4.3
-0.89172 4.5
-0.89147 4.6
-0.89123 4.7
-0.89098 4.8
-0.89074 4.9
-0.8905 5.0
-0.89025 5.0
-0.89001 5.1
-0.88976 5.2
-0.88952 5.2
-0.88927 5.3
-0.88903 5.3
-0.88879 5.3
-0.88854 5.4
-0.8883 5.4
-0.88805 5.4
-0.88781 5.4
-0.88757 5.4
-0.88732 5.3
-0.88708 5.3
-0.88683 5.3
-0.88659 5.2
-0.88634 5.2
-0.8861 5.1
-0.88586 5.0
-0.88561 4.9
-0.88537 4.8
-0.88512 4.7
-0.88488 4.6
-0.88464 4.5
-0.88439 4.4
-0.88415 4.3
-0.8839 4.1
-0.88366 4.0
-0.88342 3.8
-0.88317 3.7
-0.88293 3.5
-0.88268 3.4
-0.88244 3.2
-0.88219 3.0
-0.88195 2.8
-0.88171 2.6
-0.88146 2.5
-0.88122 2.3
-0.88097 2.1
-0.88073 1.9
-0.88049 1.7
-0.88024 1.4
-0.88 1.2
-0.87975 1.0
-0.87951 0.8
-0.87926 0.6
-0.87902 0.4
-0.87878 0.2
-0.87853 0.0
-0.87829 -0.3
-0.87804 -0.5
-0.8778 -0.7
-0.87756 -0.9
-0.87731 -1.1
-0.87707 -1.4
-0.87682 -1.6
-0.87658 -1.8
-0.87634 -2.0
-0.87609 -2.2
-0.87585 -2.4
-0.8756 -2.6
-0.87536 -2.8
-0.87511 -3.0
-0.87487 -3.1
-0.87463 -3.3
-0.87438 -3.5
-0.87414 -3.6
-0.87389 -3.8
-0.87365 -4.0
-0.87341 -4.1
-0.87316 -4.2
-0.87292 -4.4
-0.87267 -4.5
-0.87243 -4.6
-0.87218 -4.7
-0.87194 -4.8
-0.8717 -4.9
-0.87145 -5.0
-0.87121 -5.1
-0.87096 -5.2
-0.87072 -5.2
-0.87048 -5.3
-0.87023 -5.3
-0.86999 -5.4
-0.86974 -5.4
-0.8695 -5.4
-0.86926 -5.4
-0.86901 -5.4
-0.86877 -5.4
-0.86852 -5.4
-0.86828 -5.4
-0.86803 -5.3
-0.86779 -5.3
-0.86755 -5.2
-0.8673 -5.2
-0.86706 -5.1
-0.86681 -5.0
-0.86657 -4.9
-0.86633 -4.8
-0.86608 -4.7
-0.86584 -4.6
-0.86559 -4.5
-0.86535 -4.4
-0.8651 -4.2
-0.86486 -4.1
-0.86462 -4.0
-0.86437 -3.8
-0.86413 -3.6
-0.86388 -3.5
-0.86364 -3.3
-0.8634 -3.1
-0.86315 -2.9
-0.86291 -2.8
-0.86266 -2.6
-0.86242 -2.4
-0.86217 -2.2
-0.86193 -2.0
-0.86169 -1.8
-0.86144 -1.6
-0.8612 -1.3
-0.86095 -1.1
-0.86071 -0.9
-0.86047 -0.7
-0.86022 -0.5
-0.85998 -0.2
-0.85973 0.0
-0.85949 0.2
-0.85925 0.4
-0.859 0.6
-0.85876 0.9
-0.85851 1.1
-0.85827 1.3
-0.85802 1.5
-0.85778 1.7
-0.85754 1.9
-0.85729 2.1
-0.85705 2.3
-0.8568 2.5
-0.85656 2.7
-0.85632 2.9
-0.85607 3.1
-0.85583 3.3
-0.85558 3.4
-0.85534 3.6
-0.85509 3.8
-0.85485 3.9
-0.85461 4.1
-0.85436 4.2
-0.85412 4.4
-0.85387 4.5
-0.85363 4.6
-0.85339 4.7
-0.85314 4.8
-0.8529 4.9
-0.85265 5.0
-0.85241 5.1
-0.85217 5.2
-0.85192 5.2
-0.85168 5.3
-0.85143 5.3
-0.85119 5.4
-0.85094 5.4
-0.8507 5.4
-0.85046 5.4
-0.85021 5.4
-0.84997 5.4
-0.84972 5.4
-0.84948 5.4
-0.84924 5.3
-0.84899 5.3
-0.84875 5.3
-0.8485 5.2
-0.84826 5.1
-0.84801 5.0
-0.84777 5.0
-0.84753 4.9
-0.84728 4.8
-0.84704 4.6
-0.84679 4.5
-0.84655 4.4
-0.84631 4.3
-0.84606 4.1
-0.84582 4.0
-0.84557 3.8
-0.84533 3.7
-0.84509 3.5
-0.84484 3.3
-0.8446 3.1
-0.84435 2.9
-0.84411 2.8
-0.84386 2.6
-0.84362 2.4
-0.84338 2.2
-0.84313 2.0
-0.84289 1.7
-0.84264 1.5
-0.8424 1.3
-0.84216 1.1
-0.84191 0.9
-0.84167 0.7
-0.84142 0.4
-0.84118 0.2
-0.84093 0.0
-0.84069 -0.2
-0.84045 -0.5
-0.8402 -0.7
-0.83996 -0.9
-0.83971 -1.1
-0.83947 -1.3
-0.83923 -1.6
-0.83898 -1.8
-0.83874 -2.0
-0.83849 -2.2
-0.83825 -2.4
-0.83801 -2.6
-0.83776 -2.8
-0.83752 -3.0
-0.83727 -3.2
-0.83703 -3.3
-0.83678 -3.5
-0.83654 -3.7
-0.8363 -3.8
-0.83605 -4.0
-0.83581 -4.1
-0.83556 -4.3
-0.83532 -4.4
-0.83508 -4.6
-0.83483 -4.7
-0.83459 -4.8
-0.83434 -4.9
-0.8341 -5.0
-0.83385 -5.1
-0.83361 -5.2
-0.83337 -5.2
-0.83312 -5.3
-0.83288 -5.3
-0.83263 -5.4
-0.83239 -5.4
-0.83215 -5.4
-0.8319 -5.5
-0.83166 -5.5
-0.83141 -5.5
-0.83117 -5.4
-0.83092 -5.4
-0.83068 -5.4
-0.83044 -5.4
-0.83019 -5.3
-0.82995 -5.2
-0.8297 -5.2
-0.82946 -5.1
-0.82922 -5.0
-0.82897 -4.9
-0.82873 -4.8
-0.82848 -4.7
-0.82824 -4.6
-0.828 -4.5
-0.82775 -4.3
-0.82751 -4.2
-0.82726 -4.1
-0.82702 -3.9
-0.82677 -3.7
-0.82653 -3.6
-0.82629 -3.4
-0.82604 -3.2
-0.8258 -3.0
-0.82555 -2.8
-0.82531 -2.6
-0.82507 -2.4
-0.82482 -2.2
-0.82458 -2.0
-0.82433 -1.8
-0.82409 -1.6
-0.82384 -1.4
-0.8236 -1.2
-0.82336 -0.9
-0.82311 -0.7
-0.82287 -0.5
-0.82262 -0.3
-0.82238 0.0
-0.82214 0.2
-0.82189 0.4
-0.82165 0.6
-0.8214 0.9
-0.82116 1.1
-0.82092 1.3
-0.82067 1.5
-0.82043 1.7
-0.82018 1.9
-0.81994 2.2
-0.81969 2.4
-0.81945 2.6
-0.81921 2.8
-0.81896 3.0
-0.81872 3.1
-0.81847 3.3
-0.81823 3.5
-0.81799 3.7
-0.81774 3.8
-0.8175 4.0
-0.81725 4.2
-0.81701 4.3
-0.81676 4.4
-0.81652 4.6
-0.81628 4.7
-0.81603 4.8
-0.81579 4.9
-0.81554 5.0
-0.8153 5.1
-0.81506 5.2
-0.81481 5.2
-0.81457 5.3
-0.81432 5.4
-0.81408 5.4
-0.81384 5.4
-0.81359 5.5
-0.81335 5.5
-0.8131 5.5
-0.81286 5.5
-0.81261 5.5
-0.81237 5.5
-0.81213 5.4
-0.81188 5.4
-0.81164 5.3
-0.81139 5.3
-0.81115 5.2
-0.81091 5.1
-0.81066 5.0
-0.81042 4.9
-0.81017 4.8
-0.80993 4.7
-0.80968 4.6
-0.80944 4.5
-0.8092 4.3
-0.80895 4.2
-0.80871 4.0
-0.80846 3.9
-0.80822 3.7
-0.80798 3.6
-0.80773 3.4
-0.80749 3.2
-0.80724 3.0
-0.807 2.8
-0.80676 2.6
-0.80651 2.4
-0.80627 2.2
-0.80602 2.0
-0.80578 1.8
-0.80553 1.6
-0.80529 1.3
-0.80505 1.1
-0.8048 0.9
-0.80456 0.7
-0.80431 0.4
-0.80407 0.2
-0.80383 0.0
-0.80358 -0.3
-0.80334 -0.5
-0.80309 -0.7
-0.80285 -0.9
-0.8026 -1.2
-0.80236 -1.4
-0.80212 -1.6
-0.80187 -1.8
-0.80163 -2.0
-0.80138 -2.3
-0.80114 -2.5
-0.8009 -2.7
-0.80065 -2.9
-0.80041 -3.1
-0.80016 -3.3
-0.79992 -3.4
-0.79967 -3.6
-0.79943 -3.8
-0.79919 -3.9
-0.79894 -4.1
-0.7987 -4.3
-0.79845 -4.4
-0.79821 -4.5
-0.79797 -4.7
-0.79772 -4.8
-0.79748 -4.9
-0.79723 -5.0
-0.79699 -5.1
-0.79675 -5.2
-0.7965 -5.2
-0.79626 -5.3
-0.79601 -5.4
-0.79577 -5.4
-0.79552 -5.5
-0.79528 -5.5
-0.79504 -5.5
-0.79479 -5.5
-0.79455 -5.5
-0.7943 -5.5
-0.79406 -5.5
-0.79382 -5.5
-0.79357 -5.4
-0.79333 -5.4
-0.79308 -5.3
-0.79284 -5.2
-0.79259 -5.2
-0.79235 -5.1
-0.79211 -5.0
-0.79186 -4.9
-0.79162 -4.8
-0.79137 -4.7
-0.79113 -4.5
-0.79089 -4.4
-0.79064 -4.3
-0.7904 -4.1
-0.79015 -3.9
-0.78991 -3.8
-0.78967 -3.6
-0.78942 -3.4
-0.78918 -3.2
-0.78893 -3.1
-0.78869 -2.9
-0.78844 -2.7
-0.7882 -2.5
-0.78796 -2.2
-0.78771 -2.0
-0.78747 -1.8
-0.78722 -1.6
-0.78698 -1.4
-0.78674 -1.1
-0.78649 -0.9
-0.78625 -0.7
-0.786 -0.5
-0.78576 -0.2
-0.78551 0.0
-0.78527 0.2
-0.78503 0.5
-0.78478 0.7
-0.78454 0.9
-0.78429 1.2
-0.78405 1.4
-0.78381 1.6
-0.78356 1.8
-0.78332 2.1
-0.78307 2.3
-0.78283 2.5
-0.78259 2.7
-0.78234 2.9
-0.7821 3.1
-0.78185 3.3
-0.78161 3.5
-0.78136 3.6
-0.78112 3.8
-0.78088 4.0
-0.78063 4.1
-0.78039 4.3
-0.78014 4.4
-0.7799 4.6
-0.77966 4.7
-0.77941 4.8
-0.77917 4.9
-0.77892 5.0
-0.77868 5.1
-0.77843 5.2
-0.77819 5.3
-0.77795 5.4
-0.7777 5.4
-0.77746 5.5
-0.77721 5.5
-0.77697 5.5
-0.77673 5.5
-0.77648 5.5
-0.77624 5.5
-0.77599 5.5
-0.77575 5.5
-0.77551 5.5
-0.77526 5.4
-0.77502 5.4
-0.77477 5.3
-0.77453 5.3
-0.77428 5.2
-0.77404 5.1
-0.7738 5.0
-0.77355 4.9
-0.77331 4.8
-0.77306 4.6
-0.77282 4.5
-0.77258 4.4
-0.77233 4.2
-0.77209 4.1
-0.77184 3.9
-0.7716 3.7
-0.77135 3.6
-0.77111 3.4
-0.77087 3.2
-0.77062 3.0
-0.77038 2.8
-0.77013 2.6
-0.76989 2.4
-0.76965 2.2
-0.7694 1.9
-0.76916 1.7
-0.76891 1.5
-0.76867 1.3
-0.76842 1.0
-0.76818 0.8
-0.76794 0.6
-0.76769 0.3
-0.76745 0.1
-0.7672 -0.1
-0.76696 -0.4
-0.76672 -0.6
-0.76647 -0.8
-0.76623 -1.1
-0.76598 -1.3
-0.76574 -1.5
-0.7655 -1.8
-0.76525 -2.0
-0.76501 -2.2
-0.76476 -2.4
-0.76452 -2.6
-0.76427 -2.8
-0.76403 -3.0
-0.76379 -3.2
-0.76354 -3.4
-0.7633 -3.6
-0.76305 -3.8
-0.76281 -3.9
-0.76257 -4.1
-0.76232 -4.3
-0.76208 -4.4
-0.76183 -4.6
-0.76159 -4.7
-0.76134 -4.8
-0.7611 -4.9
-0.76086 -5.0
-0.76061 -5.1
-0.76037 -5.2
-0.76012 -5.3
-0.75988 -5.4
-0.75964 -5.4
-0.75939 -5.5
-0.75915 -5.5
-0.7589 -5.5
-0.75866 -5.6
-0.75842 -5.6
-0.75817 -5.6
-0.75793 -5.6
-0.75768 -5.5
-0.75744 -5.5
-0.75719 -5.5
-0.75695 -5.4
-0.75671 -5.4
-0.75646 -5.3
-0.75622 -5.2
-0.75597 -5.1
-0.75573 -5.0
-0.75549 -4.9
-0.75524 -4.8
-0.755 -4.7
-0.75475 -4.5
-0.75451 -4.4
-0.75426 -4.3
-0.75402 -4.1
-0.75378 -3.9
-0.75353 -3.8
-0.75329 -3.6
-0.75304 -3.4
-0.7528 -3.2
-0.75256 -3.0
-0.75231 -2.8
-0.75207 -2.6
-0.75182 -2.4
-0.75158 -2.2
-0.75134 -1.9
-0.75109 -1.7
-0.75085 -1.5
-0.7506 -1.3
-0.75036 -1.0
-0.75011 -0.8
-0.74987 -0.5
-0.74963 -0.3
-0.74938 0.0
-0.74914 0.2
-0.74889 0.4
-0.74865 0.6
-0.74841 0.9
-0.74816 1.1
-0.74792 1.3
-0.74767 1.6
-0.74743 1.8
-0.74718 2.0
-0.74694 2.3
-0.7467 2.5
-0.74645 2.7
-0.74621 2.9
-0.74596 3.1
-0.74572 3.3
-0.74548 3.5
-0.74523 3.7
-0.74499 3.8
-0.74474 4.0
-0.7445 4.2
-0.74426 4.3
-0.74401 4.5
-0.74377 4.6
-0.74352 4.8
-0.74328 4.9
-0.74303 5.0
-0.74279 5.1
-0.74255 5.2
-0.7423 5.3
-0.74206 5.3
-0.74181 5.4
-0.74157 5.5
-0.74133 5.5
-0.74108 5.6
-0.74084 5.6
-0.74059 5.6
-0.74035 5.6
-0.7401 5.6
-0.73986 5.6
-0.73962 5.6
-0.73937 5.5
-0.73913 5.5
-0.73888 5.4
-0.73864 5.4
-0.7384 5.3
-0.73815 5.2
-0.73791 5.1
-0.73766 5.0
-0.73742 4.9
-0.73717 4.8
-0.73693 4.6
-0.73669 4.5
-0.73644 4.3
-0.7362 4.2
-0.73595 4.0
-0.73571 3.8
-0.73547 3.7
-0.73522 3.5
-0.73498 3.3
-0.73473 3.1
-0.73449 2.9
-0.73425 2.7
-0.734 2.5
-0.73376 2.2
-0.73351 2.0
-0.73327 1.8
-0.73302 1.6
-0.73278 1.3
-0.73254 1.1
-0.73229 0.9
-0.73205 0.6
-0.7318 0.4
-0.73156 0.1
-0.73132 -0.1
-0.73107 -0.3
-0.73083 -0.6
-0.73058 -0.8
-0.73034 -1.1
-0.73009 -1.3
-0.72985 -1.5
-0.72961 -1.8
-0.72936 -2.0
-0.72912 -2.2
-0.72887 -2.4
-0.72863 -2.7
-0.72839 -2.9
-0.72814 -3.1
-0.7279 -3.3
-0.72765 -3.5
-0.72741 -3.7
-0.72717 -3.8
-0.72692 -4.0
-0.72668 -4.2
-0.72643 -4.3
-0.72619 -4.5
-0.72594 -4.6
-0.7257 -4.8
-0.72546 -4.9
-0.72521 -5.0
-0.72497 -5.1
-0.72472 -5.2
-0.72448 -5.3
-0.72424 -5.4
-0.72399 -5.4
-0.72375 -5.5
-0.7235 -5.5
-0.72326 -5.6
-0.72301 -5.6
-0.72277 -5.6
-0.72253 -5.6
-0.72228 -5.6
-0.72204 -5.6
-0.72179 -5.6
-0.72155 -5.6
-0.72131 -5.5
-0.72106 -5.4
-0.72082 -5.4
-0.72057 -5.3
-0.72033 -5.2
-0.72009 -5.1
-0.71984 -5.0
-0.7196 -4.9
-0.71935 -4.8
-0.71911 -4.6
-0.71886 -4.5
-0.71862 -4.3
-0.71838 -4.2
-0.71813 -4.0
-0.71789 -3.8
-0.71764 -3.7
-0.7174 -3.5
-0.71716 -3.3
-0.71691 -3.1
-0.71667 -2.9
-0.71642 -2.6
-0.71618 -2.4
-0.71593 -2.2
-0.71569 -2.0
-0.71545 -1.7
-0.7152 -1.5
-0.71496 -1.3
-0.71471 -1.0
-0.71447 -0.8
-0.71423 -0.5
-0.71398 -0.3
-0.71374 0.0
-0.71349 0.2
-0.71325 0.4
-0.71301 0.7
-0.71276 0.9
-0.71252 1.2
-0.71227 1.4
-0.71203 1.6
-0.71178 1.9
-0.71154 2.1
-0.7113 2.3
-0.71105 2.5
-0.71081 2.8
-0.71056 3.0
-0.71032 3.2
-0.71008 3.4
-0.70983 3.6
-0.70959 3.8
-0.70934 3.9
-0.7091 4.1
-0.70885 4.3
-0.70861 4.4
-0.70837 4.6
-0.70812 4.7
-0.70788 4.9
-0.70763 5.0
-0.70739 5.1
-0.70715 5.2
-0.7069 5.3
-0.70666 5.4
-0.70641 5.4
-0.70617 5.5
-0.70592 5.6
-0.70568 5.6
-0.70544 5.6
-0.70519 5.7
-0.70495 5.7
-0.7047 5.7
-0.70446 5.7
-0.70422 5.6
-0.70397 5.6
-0.70373 5.6
-0.70348 5.5
-0.70324 5.4
-0.703 5.4
-0.70275 5.3
-0.70251 5.2
-0.70226 5.1
-0.70202 5.0
-0.70177 4.8
-0.70153 4.7
-0.70129 4.6
-0.70104 4.4
-0.7008 4.2
-0.70055 4.1
-0.70031 3.9
-0.70007 3.7
-0.69982 3.5
-0.69958 3.3
-0.69933 3.1
-0.69909 2.9
-0.69884 2.7
-0.6986 2.5
-0.69836 2.2
-0.69811 2.0
-0.69787 1.8
-0.69762 1.5
-0.69738 1.3
-0.69714 1.1
-0.69689 0.8
-0.69665 0.6
-0.6964 0.3
-0.69616 0.0
-0.69592 -0.2
-0.69567 -0.4
-0.69543 -0.7
-0.69518 -0.9
-0.69494 -1.2
-0.69469 -1.4
-0.69445 -1.6
-0.69421 -1.9
-0.69396 -2.1
-0.69372 -2.3
-0.69347 -2.6
-0.69323 -2.8
-0.69299 -3.0
-0.69274 -3.2
-0.6925 -3.4
-0.69225 -3.6
-0.69201 -3.8
-0.69176 -4.0
-0.69152 -4.2
-0.69128 -4.3
-0.69103 -4.5
-0.69079 -4.6
-0.69054 -4.8
-0.6903 -4.9
-0.69006 -5.0
-0.68981 -5.1
-0.68957 -5.2
-0.68932 -5.3
-0.68908 -5.4
-0.68884 -5.5
-0.68859 -5.6
-0.68835 -5.6
-0.6881 -5.6
-0.68786 -5.7
-0.68761 -5.7
-0.68737 -5.7
-0.68713 -5.7
-0.68688 -5.7
-0.68664 -5.7
-0.68639 -5.6
-0.68615 -5.6
-0.68591 -5.5
-0.68566 -5.4
-0.68542 -5.4
-0.68517 -5.3
-0.68493 -5.2
-0.68468 -5.1
-0.68444 -4.9
-0.6842 -4.8
-0.68395 -4.7
-0.68371 -4.5
-0.68346 -4.4
-0.68322 -4.2
-0.68298 -4.0
-0.68273 -3.8
-0.68249 -3.7
-0.68224 -3.5
-0.682 -3.3
-0.68176 -3.0
-0.68151 -2.8
-0.68127 -2.6
-0.68102 -2.4
-0.68078 -2.1
-0.68053 -1.9
-0.68029 -1.7
-0.68005 -1.4
-0.6798 -1.2
-0.67956 -0.9
-0.67931 -0.7
-0.67907 -0.4
-0.67883 -0.2
-0.67858 0.0
-0.67834 0.3
-0.67809 0.6
-0.67785 0.8
-0.6776 1.1
-0.67736 1.3
-0.67712 1.6
-0.67687 1.8
-0.67663 2.0
-0.67638 2.3
-0.67614 2.5
-0.6759 2.7
-0.67565 2.9
-0.67541 3.2
-0.67516 3.4
-0.67492 3.6
-0.67467 3.8
-0.67443 4.0
-0.67419 4.1
-0.67394 4.3
-0.6737 4.5
-0.67345 4.6
-0.67321 4.8
-0.67297 4.9
-0.67272 5.0
-0.67248 5.1
-0.67223 5.3
-0.67199 5.3
-0.67175 5.4
-0.6715 5.5
-0.67126 5.6
-0.67101 5.6
-0.67077 5.7
-0.67052 5.7
-0.67028 5.7
-0.67004 5.7
-0.66979 5.7
-0.66955 5.7
-0.6693 5.7
-0.66906 5.7
-0.66882 5.6
-0.66857 5.5
-0.66833 5.5
-0.66808 5.4
-0.66784 5.3
-0.66759 5.2
-0.66735 5.1
-0.66711 5.0
-0.66686 4.8
-0.66662 4.7
-0.66637 4.5
-0.66613 4.4
-0.66589 4.2
-0.66564 4.0
-0.6654 3.9
-0.66515 3.7
-0.66491 3.5
-0.66467 3.3
-0.66442 3.0
-0.66418 2.8
-0.66393 2.6
-0.66369 2.4
-0.66344 2.1
-0.6632 1.9
-0.66296 1.7
-0.66271 1.4
-0.66247 1.2
-0.66222 0.9
-0.66198 0.7
-0.66174 0.4
-0.66149 0.1
-0.66125 -0.1
-0.661 -0.4
-0.66076 -0.6
-0.66051 -0.9
-0.66027 -1.1
-0.66003 -1.4
-0.65978 -1.6
-0.65954 -1.9
-0.65929 -2.1
-0.65905 -2.3
-0.65881 -2.6
-0.65856 -2.8
-0.65832 -3.0
-0.65807 -3.2
-0.65783 -3.5
-0.65759 -3.7
-0.65734 -3.9
-0.6571 -4.0
-0.65685 -4.2
-0.65661 -4.4
-0.65636 -4.6
-0.65612 -4.7
-0.65588 -4.8
-0.65563 -5.0
-0.65539 -5.1
-0.65514 -5.2
-0.6549 -5.3
-0.65466 -5.4
-0.65441 -5.5
-0.65417 -5.6
-0.65392 -5.6
-0.65368 -5.7
-0.65343 -5.7
-0.65319 -5.7
-0.65295 -5.8
-0.6527 -5.8
-0.65246 -5.8
-0.65221 -5.7
-0.65197 -5.7
-0.65173 -5.7
-0.65148 -5.6
-0.65124 -5.5
-0.65099 -5.5
-0.65075 -5.4
-0.65051 -5.3
-0.65026 -5.2
-0.65002 -5.0
-0.64977 -4.9
-0.64953 -4.8
-0.64928 -4.6
-0.64904 -4.5
-0.6488 -4.3
-0.64855 -4.1
-0.64831 -3.9
-0.64806 -3.8
-0.64782 -3.6
-0.64758 -3.3
-0.64733 -3.1
-0.64709 -2.9
-0.64684 -2.7
-0.6466 -2.5
-0.64635 -2.2
-0.64611 -2.0
-0.64587 -1.7
-0.64562 -1.5
-0.64538 -1.2
-0.64513 -1.0
-0.64489 -0.7
-0.64465 -0.5
-0.6444 -0.2
-0.64416 0.0
-0.64391 0.3
-0.64367 0.6
-0.64342 0.8
-0.64318 1.1
-0.64294 1.4
-0.64269 1.6
-0.64245 1.9
-0.6422 2.1
-0.64196 2.3
-0.64172 2.6
-0.64147 2.8
-0.64123 3.0
-0.64098 3.2
-0.64074 3.5
-0.6405 3.7
-0.64025 3.9
-0.64001 4.1
-0.63976 4.2
-0.63952 4.4
-0.63927 4.6
-0.63903 4.7
-0.63879 4.9
-0.63854 5.0
-0.6383 5.1
-0.63805 5.3
-0.63781 5.4
-0.63757 5.5
-0.63732 5.5
-0.63708 5.6
-0.63683 5.7
-0.63659 5.7
-0.63634 5.8
-0.6361 5.8
-0.63586 5.8
-0.63561 5.8
-0.63537 5.8
-0.63512 5.8
-0.63488 5.7
-0.63464 5.7
-0.63439 5.6
-0.63415 5.6
-0.6339 5.5
-0.63366 5.4
-0.63342 5.3
-0.63317 5.2
-0.63293 5.1
-0.63268 4.9
-0.63244 4.8
-0.63219 4.6
-0.63195 4.5
-0.63171 4.3
-0.63146 4.1
-0.63122 3.9
-0.63097 3.7
-0.63073 3.5
-0.63049 3.3
-0.63024 3.1
-0.63 2.9
-0.62975 2.6
-0.62951 2.4
-0.62926 2.1
-0.62902 1.9
-0.62878 1.6
-0.62853 1.4
-0.62829 1.1
-0.62804 0.9
-0.6278 0.6
-0.62756 0.3
-0.62731 0.0
-0.62707 -0.2
-0.62682 -0.4
-0.62658 -0.7
-0.62634 -1.0
-0.62609 -1.2
-0.62585 -1.5
-0.6256 -1.7
-0.62536 -2.0
-0.62511 -2.2
-0.62487 -2.5
-0.62463 -2.7
-0.62438 -2.9
-0.62414 -3.2
-0.62389 -3.4
-0.62365 -3.6
-0.62341 -3.8
-0.62316 -4.0
-0.62292 -4.2
-0.62267 -4.4
-0.62243 -4.5
-0.62218 -4.7
-0.62194 -4.9
-0.6217 -5.0
-0.62145 -5.1
-0.62121 -5.2
-0.62096 -5.4
-0.62072 -5.5
-0.62048 -5.5
-0.62023 -5.6
-0.61999 -5.7
-0.61974 -5.7
-0.6195 -5.8
-0.61926 -5.8
-0.61901 -5.8
-0.61877 -5.8
-0.61852 -5.8
-0.61828 -5.8
-0.61803 -5.8
-0.61779 -5.7
-0.61755 -5.7
-0.6173 -5.6
-0.61706 -5.5
-0.61681 -5.4
-0.61657 -5.3
-0.61633 -5.2
-0.61608 -5.1
-0.61584 -5.0
-0.61559 -4.8
-0.61535 -4.7
-0.6151 -4.5
-0.61486 -4.3
-0.61462 -4.1
-0.61437 -4.0
-0.61413 -3.8
-0.61388 -3.5
-0.61364 -3.3
-0.6134 -3.1
-0.61315 -2.9
-0.61291 -2.6
-0.61266 -2.4
-0.61242 -2.2
-0.61217 -1.9
-0.61193 -1.6
-0.61169 -1.4
-0.61144 -1.1
-0.6112 -0.9
-0.61095 -0.6
-0.61071 -0.3
-0.61047 0.0
-0.61022 0.2
-0.60998 0.5
-0.60973 0.7
-0.60949 1.0
-0.60925 1.3
-0.609 1.5
-0.60876 1.8
-0.60851 2.0
-0.60827 2.3
-0.60802 2.5
-0.60778 2.8
-0.60754 3.0
-0.60729 3.2
-0.60705 3.5
-0.6068 3.7
-0.60656 3.9
-0.60632 4.1
-0.60607 4.3
-0.60583 4.4
-0.60558 4.6
-0.60534 4.8
-0.60509 4.9
-0.60485 5.1
-0.60461 5.2
-0.60436 5.3
-0.60412 5.4
-0.60387 5.5
-0.60363 5.6
-0.60339 5.7
-0.60314 5.7
-0.6029 5.8
-0.60265 5.8
-0.60241 5.9
-0.60217 5.9
-0.60192 5.9
-0.60168 5.9
-0.60143 5.8
-0.60119 5.8
-0.60094 5.7
-0.6007 5.7
-0.60046 5.6
-0.60021 5.5
-0.59997 5.4
-0.59972 5.3
-0.59948 5.2
-0.59924 5.1
-0.59899 4.9
-0.59875 4.8
-0.5985 4.6
-0.59826 4.4
-0.59801 4.3
-0.59777 4.1
-0.59753 3.9
-0.59728 3.7
-0.59704 3.4
-0.59679 3.2
-0.59655 3.0
-0.59631 2.8
-0.59606 2.5
-0.59582 2.3
-0.59557 2.0
-0.59533 1.8
-0.59509 1.5
-0.59484 1.2
-0.5946 1.0
-0.59435 0.7
-0.59411 0.4
-0.59386 0.1
-0.59362 -0.1
-0.59338 -0.4
-0.59313 -0.7
-0.59289 -0.9
-0.59264 -1.2
-0.5924 -1.5
-0.59216 -1.7
-0.59191 -2.0
-0.59167 -2.2
-0.59142 -2.5
-0.59118 -2.7
-0.59093 -3.0
-0.59069 -3.2
-0.59045 -3.4
-0.5902 -3.7
-0.58996 -3.9
-0.58971 -4.1
-0.58947 -4.3
-0.58923 -4.4
-0.58898 -4.6
-0.58874 -4.8
-0.58849 -4.9
-0.58825 -5.1
-0.58801 -5.2
-0.58776 -5.3
-0.58752 -5.4
-0.58727 -5.5
-0.58703 -5.6
-0.58678 -5.7
-0.58654 -5.8
-0.5863 -5.8
-0.58605 -5.9
-0.58581 -5.9
-0.58556 -5.9
-0.58532 -5.9
-0.58508 -5.9
-0.58483 -5.9
-0.58459 -5.8
-0.58434 -5.8
-0.5841 -5.7
-0.58385 -5.6
-0.58361 -5.5
-0.58337 -5.4
-0.58312 -5.3
-0.58288 -5.2
-0.58263 -5.1
-0.58239 -4.9
-0.58215 -4.8
-0.5819 -4.6
-0.58166 -4.4
-0.58141 -4.2
-0.58117 -4.1
-0.58092 -3.8
-0.58068 -3.6
-0.58044 -3.4
-0.58019 -3.2
-0.57995 -3.0
-0.5797 -2.7
-0.57946 -2.5
-0.57922 -2.2
-0.57897 -1.9
-0.57873 -1.7
-0.57848 -1.4
-0.57824 -1.2
-0.578 -0.9
-0.57775 -0.6
-0.57751 -0.3
-0.57726 0.0
-0.57702 0.2
-0.57677 0.5
-0.57653 0.8
-0.57629 1.0
-0.57604 1.3
-0.5758 1.6
-0.57555 1.8
-0.57531 2.1
-0.57507 2.4
-0.57482 2.6
-0.57458 2.9
-0.57433 3.1
-0.57409 3.3
-0.57384 3.6
-0.5736 3.8
-0.57336 4.0
-0.57311 4.2
-0.57287 4.4
-0.57262 4.6
-0.57238 4.7
-0.57214 4.9
-0.57189 5.1
-0.57165 5.2
-0.5714 5.3
-0.57116 5.4
-0.57092 5.5
-0.57067 5.6
-0.57043 5.7
-0.57018 5.8
-0.56994 5.8
-0.56969 5.9
-0.56945 5.9
-0.56921 5.9
-0.56896 5.9
-0.56872 5.9
-0.56847 5.9
-0.56823 5.9
-0.56799 5.8
-0.56774 5.8
-0.5675 5.7
-0.56725 5.6
-0.56701 5.5
-0.56676 5.4
-0.56652 5.3
-0.56628 5.1
-0.56603 5.0
-0.56579 4.8
-0.56554 4.7
-0.5653 4.5
-0.56506 4.3
-0.56481 4.1
-0.56457 3.9
-0.56432 3.7
-0.56408 3.5
-0.56384 3.2
-0.56359 3.0
-0.56335 2.8
-0.5631 2.5
-0.56286 2.2
-0.56261 2.0
-0.56237 1.7
-0.56213 1.4
-0.56188 1.2
-0.56164 0.9
-0.56139 0.6
-0.56115 0.3
-0.56091 0.0
-0.56066 -0.2
-0.56042 -0.5
-0.56017 -0.8
-0.55993 -1.1
-0.55968 -1.3
-0.55944 -1.6
-0.5592 -1.9
-0.55895 -2.1
-0.55871 -2.4
-0.55846 -2.7
-0.55822 -2.9
-0.55798 -3.2
-0.55773 -3.4
-0.55749 -3.6
-0.55724 -3.8
-0.557 -4.0
-0.55676 -4.3
-0.55651 -4.4
-0.55627 -4.6
-0.55602 -4.8
-0.55578 -5.0
-0.55553 -5.1
-0.55529 -5.3
-0.55505 -5.4
-0.5548 -5.5
-0.55456 -5.6
-0.55431 -5.7
-0.55407 -5.8
-0.55383 -5.8
-0.55358 -5.9
-0.55334 -5.9
-0.55309 -6.0
-0.55285 -6.0
-0.5526 -6.0
-0.55236 -6.0
-0.55212 -5.9
-0.55187 -5.9
-0.55163 -5.8
-0.55138 -5.8
-0.55114 -5.7
-0.5509 -5.6
-0.55065 -5.5
-0.55041 -5.4
-0.55016 -5.3
-0.54992 -5.1
-0.54967 -5.0
-0.54943 -4.8
-0.54919 -4.6
-0.54894 -4.4
-0.5487 -4.2
-0.54845 -4.0
-0.54821 -3.8
-0.54797 -3.6
-0.54772 -3.4
-0.54748 -3.1
-0.54723 -2.9
-0.54699 -2.6
-0.54675 -2.4
-0.5465 -2.1
-0.54626 -1.8
-0.54601 -1.6
-0.54577 -1.3
-0.54552 -1.0
-0.54528 -0.7
-0.54504 -0.4
-0.54479 -0.2
-0.54455 0.1
-0.5443 0.4
-0.54406 0.7
-0.54382 1.0
-0.54357 1.3
-0.54333 1.5
-0.54308 1.8
-0.54284 2.1
-0.54259 2.4
-0.54235 2.6
-0.54211 2.9
-0.54186 3.1
-0.54162 3.4
-0.54137 3.6
-0.54113 3.8
-0.54089 4.0
-0.54064 4.2
-0.5404 4.4
-0.54015 4.6
-0.53991 4.8
-0.53967 5.0
-0.53942 5.1
-0.53918 5.3
-0.53893 5.4
-0.53869 5.5
-0.53844 5.6
-0.5382 5.7
-0.53796 5.8
-0.53771 5.9
-0.53747 5.9
-0.53722 6.0
-0.53698 6.0
-0.53674 6.0
-0.53649 6.0
-0.53625 6.0
-0.536 6.0
-0.53576 5.9
-0.53551 5.9
-0.53527 5.8
-0.53503 5.7
-0.53478 5.6
-0.53454 5.5
-0.53429 5.4
-0.53405 5.3
-0.53381 5.1
-0.53356 5.0
-0.53332 4.8
-0.53307 4.6
-0.53283 4.4
-0.53259 4.2
-0.53234 4.0
-0.5321 3.8
-0.53185 3.6
-0.53161 3.3
-0.53136 3.1
-0.53112 2.8
-0.53088 2.6
-0.53063 2.3
-0.53039 2.1
-0.53014 1.8
-0.5299 1.5
-0.52966 1.2
-0.52941 0.9
-0.52917 0.6
-0.52892 0.4
-0.52868 0.0
-0.52843 -0.2
-0.52819 -0.5
-0.52795 -0.8
-0.5277 -1.1
-0.52746 -1.4
-0.52721 -1.7
-0.52697 -1.9
-0.52673 -2.2
-0.52648 -2.5
-0.52624 -2.7
-0.52599 -3.0
-0.52575 -3.2
-0.52551 -3.5
-0.52526 -3.7
-0.52502 -3.9
-0.52477 -4.2
-0.52453 -4.4
-0.52428 -4.6
-0.52404 -4.8
-0.5238 -4.9
-0.52355 -5.1
-0.52331 -5.2
-0.52306 -5.4
-0.52282 -5.5
-0.52258 -5.6
-0.52233 -5.7
-0.52209 -5.8
-0.52184 -5.9
-0.5216 -6.0
-0.52135 -6.0
-0.52111 -6.0
-0.52087 -6.1
-0.52062 -6.1
-0.52038 -6.0
-0.52013 -6.0
-0.51989 -6.0
-0.51965 -5.9
-0.5194 -5.9
-0.51916 -5.8
-0.51891 -5.7
-0.51867 -5.6
-0.51842 -5.5
-0.51818 -5.3
-0.51794 -5.2
-0.51769 -5.0
-0.51745 -4.9
-0.5172 -4.7
-0.51696 -4.5
-0.51672 -4.3
-0.51647 -4.1
-0.51623 -3.9
-0.51598 -3.6
-0.51574 -3.4
-0.5155 -3.2
-0.51525 -2.9
-0.51501 -2.6
-0.51476 -2.4
-0.51452 -2.1
-0.51427 -1.8
-0.51403 -1.5
-0.51379 -1.2
-0.51354 -1.0
-0.5133 -0.7
-0.51305 -0.4
-0.51281 0.0
-0.51257 0.2
-0.51232 0.5
-0.51208 0.8
-0.51183 1.1
-0.51159 1.4
-0.51134 1.7
-0.5111 2.0
-0.51086 2.2
-0.51061 2.5
-0.51037 2.8
-0.51012 3.0
-0.50988 3.3
-0.50964 3.5
-0.50939 3.8
-0.50915 4.0
-0.5089 4.2
-0.50866 4.4
-0.50842 4.6
-0.50817 4.8
-0.50793 5.0
-0.50768 5.2
-0.50744 5.3
-0.50719 5.4
-0.50695 5.6
-0.50671 5.7
-0.50646 5.8
-0.50622 5.9
-0.50597 5.9
-0.50573 6.0
-0.50549 6.1
-0.50524 6.1
-0.505 6.1
-0.50475 6.1
-0.50451 6.1
-0.50426 6.1
-0.50402 6.0
-0.50378 6.0
-0.50353 5.9
-0.50329 5.8
-0.50304 5.7
-0.5028 5.6
-0.50256 5.5
-0.50231 5.3
-0.50207 5.2
-0.50182 5.0
-0.50158 4.8
-0.50134 4.6
-0.50109 4.4
-0.50085 4.2
-0.5006 4.0
-0.50036 3.8
-0.50011 3.5
-0.49987 3.3
-0.49963 3.0
-0.49938 2.8
-0.49914 2.5
-0.49889 2.2
-0.49865 1.9
-0.49841 1.7
-0.49816 1.4
-0.49792 1.1
-0.49767 0.8
-0.49743 0.5
-0.49718 0.2
-0.49694 -0.1
-0.4967 -0.4
-0.49645 -0.7
-0.49621 -1.0
-0.49596 -1.3
-0.49572 -1.6
-0.49548 -1.9
-0.49523 -2.2
-0.49499 -2.5
-0.49474 -2.7
-0.4945 -3.0
-0.49426 -3.3
-0.49401 -3.5
-0.49377 -3.8
-0.49352 -4.0
-0.49328 -4.2
-0.49303 -4.4
-0.49279 -4.6
-0.49255 -4.8
-0.4923 -5.0
-0.49206 -5.2
-0.49181 -5.3
-0.49157 -5.5
-0.49133 -5.6
-0.49108 -5.7
-0.49084 -5.8
-0.49059 -5.9
-0.49035 -6.0
-0.4901 -6.0
-0.48986 -6.1
-0.48962 -6.1
-0.48937 -6.1
-0.48913 -6.1
-0.48888 -6.1
-0.48864 -6.1
-0.4884 -6.1
-0.48815 -6.0
-0.48791 -5.9
-0.48766 -5.8
-0.48742 -5.7
-0.48717 -5.6
-0.48693 -5.5
-0.48669 -5.3
-0.48644 -5.2
-0.4862 -5.0
-0.48595 -4.8
-0.48571 -4.6
-0.48547 -4.4
-0.48522 -4.2
-0.48498 -4.0
-0.48473 -3.8
-0.48449 -3.5
-0.48425 -3.3
-0.484 -3.0
-0.48376 -2.7
-0.48351 -2.5
-0.48327 -2.2
-0.48302 -1.9
-0.48278 -1.6
-0.48254 -1.3
-0.48229 -1.0
-0.48205 -0.7
-0.4818 -0.4
-0.48156 0.0
-0.48132 0.2
-0.48107 0.5
-0.48083 0.8
-0.48058 1.1
-0.48034 1.4
-0.48009 1.7
-0.47985 2.0
-0.47961 2.3
-0.47936 2.6
-0.47912 2.9
-0.47887 3.1
-0.47863 3.4
-0.47839 3.6
-0.47814 3.9
-0.4779 4.1
-0.47765 4.3
-0.47741 4.6
-0.47717 4.8
-0.47692 5.0
-0.47668 5.1
-0.47643 5.3
-0.47619 5.4
-0.47594 5.6
-0.4757 5.7
-0.47546 5.8
-0.47521 5.9
-0.47497 6.0
-0.47472 6.1
-0.47448 6.1
-0.47424 6.2
-0.47399 6.2
-0.47375 6.2
-0.4735 6.2
-0.47326 6.2
-0.47301 6.1
-0.47277 6.1
-0.47253 6.0
-0.47228 5.9
-0.47204 5.8
-0.47179 5.7
-0.47155 5.6
-0.47131 5.4
-0.47106 5.3
-0.47082 5.1
-0.47057 4.9
-0.47033 4.7
-0.47009 4.5
-0.46984 4.3
-0.4696 4.1
-0.46935 3.8
-0.46911 3.6
-0.46886 3.3
-0.46862 3.0
-0.46838 2.8
-0.46813 2.5
-0.46789 2.2
-0.46764 1.9
-0.4674 1.6
-0.46716 1.3
-0.46691 1.0
-0.46667 0.7
-0.46642 0.4
-0.46618 0.0
-0.46593 -0.2
-0.46569 -0.5
-0.46545 -0.9
-0.4652 -1.2
-0.46496 -1.5
-0.46471 -1.8
-0.46447 -2.1
-0.46423 -2.4
-0.46398 -2.6
-0.46374 -2.9
-0.46349 -3.2
-0.46325 -3.5
-0.46301 -3.7
-0.46276 -4.0
-0.46252 -4.2
-0.46227 -4.4
-0.46203 -4.6
-0.46178 -4.8
-0.46154 -5.0
-0.4613 -5.2
-0.46105 -5.4
-0.46081 -5.5
-0.46056 -5.7
-0.46032 -5.8
-0.46008 -5.9
-0.45983 -6.0
-0.45959 -6.1
-0.45934 -6.1
-0.4591 -6.2
-0.45885 -6.2
-0.45861 -6.2
-0.45837 -6.2
-0.45812 -6.2
-0.45788 -6.2
-0.45763 -6.1
-0.45739 -6.1
-0.45715 -6.0
-0.4569 -5.9
-0.45666 -5.8
-0.45641 -5.7
-0.45617 -5.5
-0.45592 -5.4
-0.45568 -5.2
-0.45544 -5.0
-0.45519 -4.8
-0.45495 -4.6
-0.4547 -4.4
-0.45446 -4.2
-0.45422 -4.0
-0.45397 -3.7
-0.45373 -3.4
-0.45348 -3.2
-0.45324 -2.9
-0.453 -2.6
-0.45275 -2.3
-0.45251 -2.0
-0.45226 -1.7
-0.45202 -1.4
-0.45177 -1.1
-0.45153 -0.8
-0.45129 -0.5
-0.45104 -0.2
-0.4508 0.1
-0.45055 0.5
-0.45031 0.8
-0.45007 1.1
-0.44982 1.4
-0.44958 1.7
-0.44933 2.0
-0.44909 2.3
-0.44884 2.6
-0.4486 2.9
-0.44836 3.2
-0.44811 3.4
-0.44787 3.7
-0.44762 4.0
-0.44738 4.2
-0.44714 4.4
-0.44689 4.6
-0.44665 4.9
-0.4464 5.1
-0.44616 5.2
-0.44592 5.4
-0.44567 5.6
-0.44543 5.7
-0.44518 5.8
-0.44494 5.9
-0.44469 6.0
-0.44445 6.1
-0.44421 6.2
-0.44396 6.2
-0.44372 6.3
-0.44347 6.3
-0.44323 6.3
-0.44299 6.3
-0.44274 6.2
-0.4425 6.2
-0.44225 6.1
-0.44201 6.0
-0.44176 5.9
-0.44152 5.8
-0.44128 5.7
-0.44103 5.5
-0.44079 5.4
-0.44054 5.2
-0.4403 5.0
-0.44006 4.8
-0.43981 4.6
-0.43957 4.4
-0.43932 4.2
-0.43908 3.9
-0.43884 3.7
-0.43859 3.4
-0.43835 3.1
-0.4381 2.8
-0.43786 2.5
-0.43761 2.3
-0.43737 1.9
-0.43713 1.6
-0.43688 1.3
-0.43664 1.0
-0.43639 0.7
-0.43615 0.4
-0.43591 0.0
-0.43566 -0.3
-0.43542 -0.6
-0.43517 -0.9
-0.43493 -1.2
-0.43468 -1.6
-0.43444 -1.9
-0.4342 -2.2
-0.43395 -2.5
-0.43371 -2.8
-0.43346 -3.1
-0.43322 -3.3
-0.43298 -3.6
-0.43273 -3.9
-0.43249 -4.1
-0.43224 -4.4
-0.432 -4.6
-0.43176 -4.8
-0.43151 -5.0
-0.43127 -5.2
-0.43102 -5.4
-0.43078 -5.5
-0.43053 -5.7
-0.43029 -5.8
-0.43005 -5.9
-0.4298 -6.0
-0.42956 -6.1
-0.42931 -6.2
-0.42907 -6.3
-0.42883 -6.3
-0.42858 -6.3
-0.42834 -6.3
-0.42809 -6.3
-0.42785 -6.3
-0.4276 -6.2
-0.42736 -6.2
-0.42712 -6.1
-0.42687 -6.0
-0.42663 -5.9
-0.42638 -5.8
-0.42614 -5.6
-0.4259 -5.5
-0.42565 -5.3
-0.42541 -5.1
-0.42516 -4.9
-0.42492 -4.7
-0.42467 -4.5
-0.42443 -4.2
-0.42419 -4.0
-0.42394 -3.7
-0.4237 -3.4
-0.42345 -3.2
-0.42321 -2.9
-0.42297 -2.6
-0.42272 -2.3
-0.42248 -2.0
-0.42223 -1.6
-0.42199 -1.3
-0.42175 -1.0
-0.4215 -0.7
-0.42126 -0.3
-0.42101 0.0
-0.42077 0.3
-0.42052 0.6
-0.42028 1.0
-0.42004 1.3
-0.41979 1.6
-0.41955 1.9
-0.4193 2.2
-0.41906 2.6
-0.41882 2.9
-0.41857 3.1
-0.41833 3.4
-0.41808 3.7
-0.41784 4.0
-0.41759 4.2
-0.41735 4.5
-0.41711 4.7
-0.41686 4.9
-0.41662 5.1
-0.41637 5.3
-0.41613 5.5
-0.41589 5.6
-0.41564 5.8
-0.4154 5.9
-0.41515 6.0
-0.41491 6.1
-0.41467 6.2
-0.41442 6.3
-0.41418 6.3
-0.41393 6.4
-0.41369 6.4
-0.41344 6.4
-0.4132 6.3
-0.41296 6.3
-0.41271 6.3
-0.41247 6.2
-0.41222 6.1
-0.41198 6.0
-0.41174 5.9
-0.41149 5.7
-0.41125 5.6
-0.411 5.4
-0.41076 5.2
-0.41051 5.0
-0.41027 4.8
-0.41003 4.6
-0.40978 4.3
-0.40954 4.1
-0.40929 3.8
-0.40905 3.5
-0.40881 3.3
-0.40856 3.0
-0.40832 2.7
-0.40807 2.4
-0.40783 2.0
-0.40759 1.7
-0.40734 1.4
-0.4071 1.1
-0.40685 0.7
-0.40661 0.4
-0.40636 0.0
-0.40612 -0.3
-0.40588 -0.6
-0.40563 -0.9
-0.40539 -1.3
-0.40514 -1.6
-0.4049 -1.9
-0.40466 -2.2
-0.40441 -2.5
-0.40417 -2.9
-0.40392 -3.1
-0.40368 -3.4
-0.40343 -3.7
-0.40319 -4.0
-0.40295 -4.2
-0.4027 -4.5
-0.40246 -4.7
-0.40221 -5.0
-0.40197 -5.2
-0.40173 -5.4
-0.40148 -5.5
-0.40124 -5.7
-0.40099 -5.8
-0.40075 -6.0
-0.40051 -6.1
-0.40026 -6.2
-0.40002 -6.3
-0.39977 -6.3
-0.39953 -6.4
-0.39928 -6.4
-0.39904 -6.4
-0.3988 -6.4
-0.39855 -6.4
-0.39831 -6.3
-0.39806 -6.3
-0.39782 -6.2
-0.39758 -6.1
-0.39733 -6.0
-0.39709 -5.9
-0.39684 -5.7
-0.3966 -5.6
-0.39635 -5.4
-0.39611 -5.2
-0.39587 -5.0
-0.39562 -4.8
-0.39538 -4.5
-0.39513 -4.3
-0.39489 -4.0
-0.39465 -3.7
-0.3944 -3.5
-0.39416 -3.2
-0.39391 -2.9
-0.39367 -2.6
-0.39342 -2.2
-0.39318 -1.9
-0.39294 -1.6
-0.39269 -1.3
-0.39245 -0.9
-0.3922 -0.6
-0.39196 -0.2
-0.39172 0.1
-0.39147 0.5
-0.39123 0.8
-0.39098 1.1
-0.39074 1.5
-0.3905 1.8
-0.39025 2.1
-0.39001 2.4
-0.38976 2.8
-0.38952 3.1
-0.38927 3.4
-0.38903 3.7
-0.38879 3.9
-0.38854 4.2
-0.3883 4.5
-0.38805 4.7
-0.38781 4.9
-0.38757 5.2
-0.38732 5.4
-0.38708 5.5
-0.38683 5.7
-0.38659 5.9
-0.38634 6.0
-0.3861 6.1
-0.38586 6.2
-0.38561 6.3
-0.38537 6.4
-0.38512 6.4
-0.38488 6.5
-0.38464 6.5
-0.38439 6.5
-0.38415 6.4
-0.3839 6.4
-0.38366 6.3
-0.38342 6.3
-0.38317 6.2
-0.38293 6.0
-0.38268 5.9
-0.38244 5.8
-0.38219 5.6
-0.38195 5.4
-0.38171 5.2
-0.38146 5.0
-0.38122 4.8
-0.38097 4.5
-0.38073 4.3
-0.38049 4.0
-0.38024 3.7
-0.38 3.4
-0.37975 3.1
-0.37951 2.8
-0.37926 2.5
-0.37902 2.2
-0.37878 1.9
-0.37853 1.5
-0.37829 1.2
-0.37804 0.8
-0.3778 0.5
-0.37756 0.1
-0.37731 -0.2
-0.37707 -0.6
-0.37682 -0.9
-0.37658 -1.2
-0.37634 -1.6
-0.37609 -1.9
-0.37585 -2.3
-0.3756 -2.6
-0.37536 -2.9
-0.37511 -3.2
-0.37487 -3.5
-0.37463 -3.8
-0.37438 -4.1
-0.37414 -4.4
-0.37389 -4.6
-0.37365 -4.9
-0.37341 -5.1
-0.37316 -5.3
-0.37292 -5.5
-0.37267 -5.7
-0.37243 -5.8
-0.37218 -6.0
-0.37194 -6.1
-0.3717 -6.2
-0.37145 -6.3
-0.37121 -6.4
-0.37096 -6.5
-0.37072 -6.5
-0.37048 -6.5
-0.37023 -6.5
-0.36999 -6.5
-0.36974 -6.5
-0.3695 -6.4
-0.36926 -6.3
-0.36901 -6.2
-0.36877 -6.1
-0.36852 -6.0
-0.36828 -5.9
-0.36803 -5.7
-0.36779 -5.5
-0.36755 -5.3
-0.3673 -5.1
-0.36706 -4.9
-0.36681 -4.6
-0.36657 -4.4
-0.36633 -4.1
-0.36608 -3.8
-0.36584 -3.5
-0.36559 -3.2
-0.36535 -2.9
-0.3651 -2.6
-0.36486 -2.2
-0.36462 -1.9
-0.36437 -1.6
-0.36413 -1.2
-0.36388 -0.9
-0.36364 -0.5
-0.3634 -0.1
-0.36315 0.2
-0.36291 0.6
-0.36266 0.9
-0.36242 1.3
-0.36217 1.6
-0.36193 2.0
-0.36169 2.3
-0.36144 2.6
-0.3612 3.0
-0.36095 3.3
-0.36071 3.6
-0.36047 3.9
-0.36022 4.2
-0.35998 4.4
-0.35973 4.7
-0.35949 4.9
-0.35925 5.2
-0.359 5.4
-0.35876 5.6
-0.35851 5.8
-0.35827 5.9
-0.35802 6.1
-0.35778 6.2
-0.35754 6.3
-0.35729 6.4
-0.35705 6.5
-0.3568 6.5
-0.35656 6.6
-0.35632 6.6
-0.35607 6.6
-0.35583 6.5
-0.35558 6.5
-0.35534 6.4
-0.35509 6.4
-0.35485 6.3
-0.35461 6.1
-0.35436 6.0
-0.35412 5.8
-0.35387 5.6
-0.35363 5.5
-0.35339 5.2
-0.35314 5.0
-0.3529 4.8
-0.35265 4.5
-0.35241 4.2
-0.35217 4.0
-0.35192 3.7
-0.35168 3.4
-0.35143 3.0
-0.35119 2.7
-0.35094 2.4
-0.3507 2.0
-0.35046 1.7
-0.35021 1.3
-0.34997 1.0
-0.34972 0.6
-0.34948 0.2
-0.34924 -0.1
-0.34899 -0.5
-0.34875 -0.8
-0.3485 -1.2
-0.34826 -1.6
-0.34801 -1.9
-0.34777 -2.3
-0.34753 -2.6
-0.34728 -2.9
-0.34704 -3.3
-0.34679 -3.6
-0.34655 -3.9
-0.34631 -4.2
-0.34606 -4.5
-0.34582 -4.7
-0.34557 -5.0
-0.34533 -5.2
-0.34509 -5.4
-0.34484 -5.6
-0.3446 -5.8
-0.34435 -6.0
-0.34411 -6.1
-0.34386 -6.3
-0.34362 -6.4
-0.34338 -6.5
-0.34313 -6.5
-0.34289 -6.6
-0.34264 -6.6
-0.3424 -6.6
-0.34216 -6.6
-0.34191 -6.6
-0.34167 -6.6
-0.34142 -6.5
-0.34118 -6.4
-0.34093 -6.3
-0.34069 -6.2
-0.34045 -6.0
-0.3402 -5.8
-0.33996 -5.7
-0.33971 -5.4
-0.33947 -5.2
-0.33923 -5.0
-0.33898 -4.7
-0.33874 -4.5
-0.33849 -4.2
-0.33825 -3.9
-0.33801 -3.6
-0.33776 -3.3
-0.33752 -2.9
-0.33727 -2.6
-0.33703 -2.3
-0.33678 -1.9
-0.33654 -1.5
-0.3363 -1.2
-0.33605 -0.8
-0.33581 -0.4
-0.33556 0.0
-0.33532 0.3
-0.33508 0.7
-0.33483 1.0
-0.33459 1.4
-0.33434 1.8
-0.3341 2.1
-0.33385 2.5
-0.33361 2.8
-0.33337 3.2
-0.33312 3.5
-0.33288 3.8
-0.33263 4.1
-0.33239 4.4
-0.33215 4.7
-0.3319 4.9
-0.33166 5.2
-0.33141 5.4
-0.33117 5.6
-0.33092 5.8
-0.33068 6.0
-0.33044 6.2
-0.33019 6.3
-0.32995 6.4
-0.3297 6.5
-0.32946 6.6
-0.32922 6.6
-0.32897 6.7
-0.32873 6.7
-0.32848 6.7
-0.32824 6.7
-0.328 6.6
-0.32775 6.5
-0.32751 6.5
-0.32726 6.3
-0.32702 6.2
-0.32677 6.1
-0.32653 5.9
-0.32629 5.7
-0.32604 5.5
-0.3258 5.3
-0.32555 5.0
-0.32531 4.8
-0.32507 4.5
-0.32482 4.2
-0.32458 3.9
-0.32433 3.6
-0.32409 3.3
-0.32384 2.9
-0.3236 2.6
-0.32336 2.2
-0.32311 1.9
-0.32287 1.5
-0.32262 1.1
-0.32238 0.7
-0.32214 0.4
-0.32189 0.0
-0.32165 -0.4
-0.3214 -0.8
-0.32116 -1.2
-0.32092 -1.5
-0.32067 -1.9
-0.32043 -2.3
-0.32018 -2.6
-0.31994 -3.0
-0.31969 -3.3
-0.31945 -3.6
-0.31921 -4.0
-0.31896 -4.3
-0.31872 -4.6
-0.31847 -4.8
-0.31823 -5.1
-0.31799 -5.3
-0.31774 -5.6
-0.3175 -5.8
-0.31725 -6.0
-0.31701 -6.1
-0.31676 -6.3
-0.31652 -6.4
-0.31628 -6.5
-0.31603 -6.6
-0.31579 -6.7
-0.31554 -6.7
-0.3153 -6.8
-0.31506 -6.8
-0.31481 -6.7
-0.31457 -6.7
-0.31432 -6.6
-0.31408 -6.5
-0.31384 -6.4
-0.31359 -6.3
-0.31335 -6.2
-0.3131 -6.0
-0.31286 -5.8
-0.31261 -5.6
-0.31237 -5.4
-0.31213 -5.1
-0.31188 -4.9
-0.31164 -4.6
-0.31139 -4.3
-0.31115 -4.0
-0.31091 -3.7
-0.31066 -3.3
-0.31042 -3.0
-0.31017 -2.6
-0.30993 -2.3
-0.30968 -1.9
-0.30944 -1.5
-0.3092 -1.1
-0.30895 -0.7
-0.30871 -0.4
-0.30846 0.0
-0.30822 0.4
-0.30798 0.8
-0.30773 1.2
-0.30749 1.6
-0.30724 2.0
-0.307 2.3
-0.30676 2.7
-0.30651 3.1
-0.30627 3.4
-0.30602 3.7
-0.30578 4.1
-0.30553 4.4
-0.30529 4.7
-0.30505 4.9
-0.3048 5.2
-0.30456 5.5
-0.30431 5.7
-0.30407 5.9
-0.30383 6.1
-0.30358 6.2
-0.30334 6.4
-0.30309 6.5
-0.30285 6.6
-0.3026 6.7
-0.30236 6.8
-0.30212 6.8
-0.30187 6.8
-0.30163 6.8
-0.30138 6.8
-0.30114 6.7
-0.3009 6.7
-0.30065 6.6
-0.30041 6.4
-0.30016 6.3
-0.29992 6.1
-0.29967 5.9
-0.29943 5.7
-0.29919 5.5
-0.29894 5.3
-0.2987 5.0
-0.29845 4.7
-0.29821 4.4
-0.29797 4.1
-0.29772 3.8
-0.29748 3.5
-0.29723 3.1
-0.29699 2.8
-0.29675 2.4
-0.2965 2.0
-0.29626 1.6
-0.29601 1.2
-0.29577 0.8
-0.29552 0.4
-0.29528 0.0
-0.29504 -0.4
-0.29479 -0.8
-0.29455 -1.2
-0.2943 -1.5
-0.29406 -1.9
-0.29382 -2.3
-0.29357 -2.7
-0.29333 -3.1
-0.29308 -3.4
-0.29284 -3.8
-0.29259 -4.1
-0.29235 -4.4
-0.29211 -4.7
-0.29186 -5.0
-0.29162 -5.3
-0.29137 -5.5
-0.29113 -5.7
-0.29089 -6.0
-0.29064 -6.2
-0.2904 -6.3
-0.29015 -6.5
-0.28991 -6.6
-0.28967 -6.7
-0.28942 -6.8
-0.28918 -6.8
-0.28893 -6.9
-0.28869 -6.9
-0.28844 -6.9
-0.2882 -6.8
-0.28796 -6.8
-0.28771 -6.7
-0.28747 -6.6
-0.28722 -6.5
-0.28698 -6.3
-0.28674 -6.1
-0.28649 -5.9
-0.28625 -5.7
-0.286 -5.5
-0.28576 -5.2
-0.28551 -4.9
-0.28527 -4.7
-0.28503 -4.3
-0.28478 -4.0
-0.28454 -3.7
-0.28429 -3.3
-0.28405 -3.0
-0.28381 -2.6
-0.28356 -2.2
-0.28332 -1.8
-0.28307 -1.4
-0.28283 -1.0
-0.28259 -0.6
-0.28234 -0.2
-0.2821 0.2
-0.28185 0.6
-0.28161 1.0
-0.28136 1.4
-0.28112 1.8
-0.28088 2.2
-0.28063 2.6
-0.28039 3.0
-0.28014 3.3
-0.2799 3.7
-0.27966 4.0
-0.27941 4.4
-0.27917 4.7
-0.27892 5.0
-0.27868 5.3
-0.27843 5.5
-0.27819 5.8
-0.27795 6.0
-0.2777 6.2
-0.27746 6.4
-0.27721 6.5
-0.27697 6.7
-0.27673 6.8
-0.27648 6.9
-0.27624 6.9
-0.27599 6.9
-0.27575 7.0
-0.27551 6.9
-0.27526 6.9
-0.27502 6.8
-0.27477 6.8
-0.27453 6.6
-0.27428 6.5
-0.27404 6.4
-0.2738 6.2
-0.27355 6.0
-0.27331 5.7
-0.27306 5.5
-0.27282 5.2
-0.27258 4.9
-0.27233 4.6
-0.27209 4.3
-0.27184 4.0
-0.2716 3.6
-0.27135 3.3
-0.27111 2.9
-0.27087 2.5
-0.27062 2.1
-0.27038 1.7
-0.27013 1.3
-0.26989 0.9
-0.26965 0.5
-0.2694 0.0
-0.26916 -0.4
-0.26891 -0.8
-0.26867 -1.2
-0.26842 -1.6
-0.26818 -2.0
-0.26794 -2.4
-0.26769 -2.8
-0.26745 -3.2
-0.2672 -3.6
-0.26696 -3.9
-0.26672 -4.3
-0.26647 -4.6
-0.26623 -4.9
-0.26598 -5.2
-0.26574 -5.5
-0.2655 -5.7
-0.26525 -6.0
-0.26501 -6.2
-0.26476 -6.4
-0.26452 -6.5
-0.26427 -6.7
-0.26403 -6.8
-0.26379 -6.9
-0.26354 -7.0
-0.2633 -7.0
-0.26305 -7.0
-0.26281 -7.0
-0.26257 -7.0
-0.26232 -6.9
-0.26208 -6.8
-0.26183 -6.7
-0.26159 -6.6
-0.26134 -6.4
-0.2611 -6.2
-0.26086 -6.0
-0.26061 -5.8
-0.26037 -5.6
-0.26012 -5.3
-0.25988 -5.0
-0.25964 -4.7
-0.25939 -4.4
-0.25915 -4.0
-0.2589 -3.6
-0.25866 -3.3
-0.25842 -2.9
-0.25817 -2.5
-0.25793 -2.1
-0.25768 -1.7
-0.25744 -1.2
-0.25719 -0.8
-0.25695 -0.4
-0.25671 0.0
-0.25646 0.5
-0.25622 0.9
-0.25597 1.3
-0.25573 1.8
-0.25549 2.2
-0.25524 2.6
-0.255 3.0
-0.25475 3.4
-0.25451 3.7
-0.25426 4.1
-0.25402 4.5
-0.25378 4.8
-0.25353 5.1
-0.25329 5.4
-0.25304 5.7
-0.2528 5.9
-0.25256 6.1
-0.25231 6.4
-0.25207 6.5
-0.25182 6.7
-0.25158 6.8
-0.25134 6.9
-0.25109 7.0
-0.25085 7.1
-0.2506 7.1
-0.25036 7.1
-0.25011 7.1
-0.24987 7.0
-0.24963 6.9
-0.24938 6.8
-0.24914 6.7
-0.24889 6.5
-0.24865 6.4
-0.24841 6.2
-0.24816 5.9
-0.24792 5.7
-0.24767 5.4
-0.24743 5.1
-0.24718 4.8
-0.24694 4.4
-0.2467 4.1
-0.24645 3.7
-0.24621 3.3
-0.24596 2.9
-0.24572 2.5
-0.24548 2.1
-0.24523 1.7
-0.24499 1.3
-0.24474 0.8
-0.2445 0.4
-0.24426 0.0
-0.24401 -0.5
-0.24377 -0.9
-0.24352 -1.4
-0.24328 -1.8
-0.24303 -2.2
-0.24279 -2.7
-0.24255 -3.1
-0.2423 -3.5
-0.24206 -3.9
-0.24181 -4.2
-0.24157 -4.6
-0.24133 -4.9
-0.24108 -5.2
-0.24084 -5.5
-0.24059 -5.8
-0.24035 -6.1
-0.2401 -6.3
-0.23986 -6.5
-0.23962 -6.7
-0.23937 -6.8
-0.23913 -6.9
-0.23888 -7.0
-0.23864 -7.1
-0.2384 -7.2
-0.23815 -7.2
-0.23791 -7.2
-0.23766 -7.1
-0.23742 -7.1
-0.23717 -7.0
-0.23693 -6.8
-0.23669 -6.7
-0.23644 -6.5
-0.2362 -6.3
-0.23595 -6.1
-0.23571 -5.8
-0.23547 -5.6
-0.23522 -5.3
-0.23498 -4.9
-0.23473 -4.6
-0.23449 -4.2
-0.23425 -3.9
-0.234 -3.5
-0.23376 -3.1
-0.23351 -2.7
-0.23327 -2.2
-0.23302 -1.8
-0.23278 -1.4
-0.23254 -0.9
-0.23229 -0.4
-0.23205 0.0
-0.2318 0.5
-0.23156 0.9
-0.23132 1.4
-0.23107 1.8
-0.23083 2.3
-0.23058 2.7
-0.23034 3.1
-0.23009 3.5
-0.22985 3.9
-0.22961 4.3
-0.22936 4.7
-0.22912 5.0
-0.22887 5.3
-0.22863 5.6
-0.22839 5.9
-0.22814 6.2
-0.2279 6.4
-0.22765 6.6
-0.22741 6.8
-0.22717 6.9
-0.22692 7.1
-0.22668 7.2
-0.22643 7.2
-0.22619 7.3
-0.22594 7.3
-0.2257 7.2
-0.22546 7.2
-0.22521 7.1
-0.22497 7.0
-0.22472 6.9
-0.22448 6.7
-0.22424 6.5
-0.22399 6.3
-0.22375 6.0
-0.2235 5.8
-0.22326 5.5
-0.22301 5.2
-0.22277 4.8
-0.22253 4.5
-0.22228 4.1
-0.22204 3.7
-0.22179 3.3
-0.22155 2.9
-0.22131 2.4
-0.22106 2.0
-0.22082 1.5
-0.22057 1.1
-0.22033 0.6
-0.22009 0.1
-0.21984 -0.3
-0.2196 -0.8
-0.21935 -1.3
-0.21911 -1.7
-0.21886 -2.2
-0.21862 -2.6
-0.21838 -3.1
-0.21813 -3.5
-0.21789 -3.9
-0.21764 -4.3
-0.2174 -4.7
-0.21716 -5.0
-0.21691 -5.4
-0.21667 -5.7
-0.21642 -6.0
-0.21618 -6.2
-0.21593 -6.5
-0.21569 -6.7
-0.21545 -6.9
-0.2152 -7.0
-0.21496 -7.1
-0.21471 -7.2
-0.21447 -7.3
-0.21423 -7.3
-0.21398 -7.3
-0.21374 -7.3
-0.21349 -7.3
-0.21325 -7.2
-0.21301 -7.1
-0.21276 -6.9
-0.21252 -6.7
-0.21227 -6.5
-0.21203 -6.3
-0.21178 -6.0
-0.21154 -5.7
-0.2113 -5.4
-0.21105 -5.1
-0.21081 -4.7
-0.21056 -4.4
-0.21032 -4.0
-0.21008 -3.5
-0.20983 -3.1
-0.20959 -2.7
-0.20934 -2.2
-0.2091 -1.8
-0.20885 -1.3
-0.20861 -0.8
-0.20837 -0.3
-0.20812 0.2
-0.20788 0.6
-0.20763 1.1
-0.20739 1.6
-0.20715 2.1
-0.2069 2.5
-0.20666 3.0
-0.20641 3.4
-0.20617 3.9
-0.20592 4.3
-0.20568 4.7
-0.20544 5.0
-0.20519 5.4
-0.20495 5.7
-0.2047 6.0
-0.20446 6.3
-0.20422 6.5
-0.20397 6.7
-0.20373 6.9
-0.20348 7.1
-0.20324 7.2
-0.203 7.3
-0.20275 7.4
-0.20251 7.4
-0.20226 7.4
-0.20202 7.4
-0.20177 7.3
-0.20153 7.3
-0.20129 7.1
-0.20104 7.0
-0.2008 6.8
-0.20055 6.6
-0.20031 6.3
-0.20007 6.0
-0.19982 5.7
-0.19958 5.4
-0.19933 5.1
-0.19909 4.7
-0.19884 4.3
-0.1986 3.9
-0.19836 3.4
-0.19811 3.0
-0.19787 2.5
-0.19762 2.1
-0.19738 1.6
-0.19714 1.1
-0.19689 0.6
-0.19665 0.0
-0.1964 -0.4
-0.19616 -0.9
-0.19592 -1.4
-0.19567 -1.9
-0.19543 -2.4
-0.19518 -2.8
-0.19494 -3.3
-0.19469 -3.7
-0.19445 -4.2
-0.19421 -4.6
-0.19396 -5.0
-0.19372 -5.3
-0.19347 -5.7
-0.19323 -6.0
-0.19299 -6.3
-0.19274 -6.6
-0.1925 -6.8
-0.19225 -7.0
-0.19201 -7.2
-0.19176 -7.3
-0.19152 -7.4
-0.19128 -7.5
-0.19103 -7.5
-0.19079 -7.5
-0.19054 -7.5
-0.1903 -7.4
-0.19006 -7.3
-0.18981 -7.2
-0.18957 -7.1
-0.18932 -6.9
-0.18908 -6.6
-0.18884 -6.4
-0.18859 -6.1
-0.18835 -5.8
-0.1881 -5.4
-0.18786 -5.1
-0.18761 -4.7
-0.18737 -4.3
-0.18713 -3.8
-0.18688 -3.4
-0.18664 -2.9
-0.18639 -2.4
-0.18615 -1.9
-0.18591 -1.4
-0.18566 -0.9
-0.18542 -0.4
-0.18517 0.0
-0.18493 0.6
-0.18468 1.1
-0.18444 1.6
-0.1842 2.1
-0.18395 2.6
-0.18371 3.1
-0.18346 3.6
-0.18322 4.0
-0.18298 4.5
-0.18273 4.9
-0.18249 5.3
-0.18224 5.6
-0.182 6.0
-0.18176 6.3
-0.18151 6.6
-0.18127 6.8
-0.18102 7.0
-0.18078 7.2
-0.18053 7.4
-0.18029 7.5
-0.18005 7.6
-0.1798 7.6
-0.17956 7.6
-0.17931 7.6
-0.17907 7.6
-0.17883 7.5
-0.17858 7.3
-0.17834 7.2
-0.17809 7.0
-0.17785 6.7
-0.1776 6.5
-0.17736 6.2
-0.17712 5.8
-0.17687 5.5
-0.17663 5.1
-0.17638 4.7
-0.17614 4.3
-0.1759 3.8
-0.17565 3.4
-0.17541 2.9
-0.17516 2.4
-0.17492 1.9
-0.17467 1.3
-0.17443 0.8
-0.17419 0.3
-0.17394 -0.2
-0.1737 -0.8
-0.17345 -1.3
-0.17321 -1.8
-0.17297 -2.4
-0.17272 -2.9
-0.17248 -3.3
-0.17223 -3.8
-0.17199 -4.3
-0.17175 -4.7
-0.1715 -5.1
-0.17126 -5.5
-0.17101 -5.9
-0.17077 -6.2
-0.17052 -6.5
-0.17028 -6.8
-0.17004 -7.0
-0.16979 -7.2
-0.16955 -7.4
-0.1693 -7.6
-0.16906 -7.7
-0.16882 -7.7
-0.16857 -7.7
-0.16833 -7.7
-0.16808 -7.7
-0.16784 -7.6
-0.16759 -7.5
-0.16735 -7.3
-0.16711 -7.1
-0.16686 -6.8
-0.16662 -6.6
-0.16637 -6.3
-0.16613 -5.9
-0.16589 -5.6
-0.16564 -5.2
-0.1654 -4.8
-0.16515 -4.3
-0.16491 -3.8
-0.16467 -3.4
-0.16442 -2.9
-0.16418 -2.3
-0.16393 -1.8
-0.16369 -1.3
-0.16344 -0.7
-0.1632 -0.2
-0.16296 0.4
-0.16271 0.9
-0.16247 1.5
-0.16222 2.0
-0.16198 2.6
-0.16174 3.1
-0.16149 3.6
-0.16125 4.1
-0.161 4.5
-0.16076 5.0
-0.16051 5.4
-0.16027 5.8
-0.16003 6.1
-0.15978 6.5
-0.15954 6.8
-0.15929 7.0
-0.15905 7.3
-0.15881 7.5
-0.15856 7.6
-0.15832 7.7
-0.15807 7.8
-0.15783 7.8
-0.15759 7.8
-0.15734 7.8
-0.1571 7.7
-0.15685 7.6
-0.15661 7.4
-0.15636 7.2
-0.15612 7.0
-0.15588 6.7
-0.15563 6.4
-0.15539 6.1
-0.15514 5.7
-0.1549 5.3
-0.15466 4.8
-0.15441 4.4
-0.15417 3.9
-0.15392 3.4
-0.15368 2.9
-0.15343 2.3
-0.15319 1.8
-0.15295 1.2
-0.1527 0.6
-0.15246 0.0
-0.15221 -0.5
-0.15197 -1.1
-0.15173 -1.6
-0.15148 -2.2
-0.15124 -2.7
-0.15099 -3.3
-0.15075 -3.8
-0.15051 -4.3
-0.15026 -4.8
-0.15002 -5.2
-0.14977 -5.6
-0.14953 -6.0
-0.14928 -6.4
-0.14904 -6.7
-0.1488 -7.0
-0.14855 -7.3
-0.14831 -7.5
-0.14806 -7.7
-0.14782 -7.8
-0.14758 -7.9
-0.14733 -8.0
-0.14709 -8.0
-0.14684 -7.9
-0.1466 -7.9
-0.14635 -7.7
-0.14611 -7.6
-0.14587 -7.4
-0.14562 -7.1
-0.14538 -6.9
-0.14513 -6.5
-0.14489 -6.2
-0.14465 -5.8
-0.1444 -5.4
-0.14416 -4.9
-0.14391 -4.5
-0.14367 -4.0
-0.14342 -3.4
-0.14318 -2.9
-0.14294 -2.3
-0.14269 -1.8
-0.14245 -1.2
-0.1422 -0.6
-0.14196 0.0
-0.14172 0.6
-0.14147 1.2
-0.14123 1.8
-0.14098 2.4
-0.14074 2.9
-0.1405 3.5
-0.14025 4.0
-0.14001 4.5
-0.13976 5.0
-0.13952 5.5
-0.13927 5.9
-0.13903 6.3
-0.13879 6.6
-0.13854 7.0
-0.1383 7.3
-0.13805 7.5
-0.13781 7.7
-0.13757 7.9
-0.13732 8.0
-0.13708 8.1
-0.13683 8.1
-0.13659 8.1
-0.13634 8.0
-0.1361 7.9
-0.13586 7.7
-0.13561 7.6
-0.13537 7.3
-0.13512 7.0
-0.13488 6.7
-0.13464 6.3
-0.13439 5.9
-0.13415 5.5
-0.1339 5.0
-0.13366 4.6
-0.13342 4.0
-0.13317 3.5
-0.13293 2.9
-0.13268 2.3
-0.13244 1.7
-0.13219 1.1
-0.13195 0.5
-0.13171 0.0
-0.13146 -0.7
-0.13122 -1.3
-0.13097 -1.9
-0.13073 -2.5
-0.13049 -3.1
-0.13024 -3.7
-0.13 -4.2
-0.12975 -4.8
-0.12951 -5.3
-0.12926 -5.7
-0.12902 -6.2
-0.12878 -6.6
-0.12853 -6.9
-0.12829 -7.2
-0.12804 -7.5
-0.1278 -7.8
-0.12756 -7.9
-0.12731 -8.1
-0.12707 -8.2
-0.12682 -8.2
-0.12658 -8.2
-0.12634 -8.2
-0.12609 -8.1
-0.12585 -7.9
-0.1256 -7.7
-0.12536 -7.5
-0.12511 -7.2
-0.12487 -6.9
-0.12463 -6.5
-0.12438 -6.1
-0.12414 -5.6
-0.12389 -5.2
-0.12365 -4.6
-0.12341 -4.1
-0.12316 -3.5
-0.12292 -2.9
-0.12267 -2.3
-0.12243 -1.7
-0.12218 -1.1
-0.12194 -0.4
-0.1217 0.2
-0.12145 0.9
-0.12121 1.5
-0.12096 2.1
-0.12072 2.8
-0.12048 3.4
-0.12023 3.9
-0.11999 4.5
-0.11974 5.0
-0.1195 5.6
-0.11926 6.0
-0.11901 6.5
-0.11877 6.9
-0.11852 7.2
-0.11828 7.5
-0.11803 7.8
-0.11779 8.0
-0.11755 8.2
-0.1173 8.3
-0.11706 8.4
-0.11681 8.4
-0.11657 8.3
-0.11633 8.2
-0.11608 8.1
-0.11584 7.9
-0.11559 7.7
-0.11535 7.4
-0.1151 7.0
-0.11486 6.6
-0.11462 6.2
-0.11437 5.8
-0.11413 5.3
-0.11388 4.7
-0.11364 4.1
-0.1134 3.6
-0.11315 2.9
-0.11291 2.3
-0.11266 1.6
-0.11242 1.0
-0.11217 0.3
-0.11193 -0.4
-0.11169 -1.1
-0.11144 -1.7
-0.1112 -2.4
-0.11095 -3.0
-0.11071 -3.7
-0.11047 -4.3
-0.11022 -4.8
-0.10998 -5.4
-0.10973 -5.9
-0.10949 -6.4
-0.10925 -6.8
-0.109 -7.2
-0.10876 -7.5
-0.10851 -7.8
-0.10827 -8.1
-0.10802 -8.3
-0.10778 -8.4
-0.10754 -8.5
-0.10729 -8.5
-0.10705 -8.5
-0.1068 -8.4
-0.10656 -8.3
-0.10632 -8.1
-0.10607 -7.8
-0.10583 -7.5
-0.10558 -7.2
-0.10534 -6.8
-0.10509 -6.3
-0.10485 -5.8
-0.10461 -5.3
-0.10436 -4.7
-0.10412 -4.1
-0.10387 -3.5
-0.10363 -2.9
-0.10339 -2.2
-0.10314 -1.5
-0.1029 -0.8
-0.10265 0.0
-0.10241 0.6
-0.10217 1.3
-0.10192 2.0
-0.10168 2.7
-0.10143 3.4
-0.10119 4.0
-0.10094 4.6
-0.1007 5.2
-0.10046 5.8
-0.10021 6.3
-0.09997 6.8
-0.09972 7.2
-0.09948 7.6
-0.09924 7.9
-0.09899 8.2
-0.09875 8.4
-0.0985 8.6
-0.09826 8.7
-0.09801 8.7
-0.09777 8.7
-0.09753 8.6
-0.09728 8.4
-0.09704 8.2
-0.09679 8.0
-0.09655 7.7
-0.09631 7.3
-0.09606 6.9
-0.09582 6.4
-0.09557 5.9
-0.09533 5.3
-0.09509 4.7
-0.09484 4.1
-0.0946 3.4
-0.09435 2.7
-0.09411 2.0
-0.09386 1.3
-0.09362 0.5
-0.09338 -0.2
-0.09313 -1.0
-0.09289 -1.7
-0.09264 -2.4
-0.0924 -3.1
-0.09216 -3.8
-0.09191 -4.5
-0.09167 -5.1
-0.09142 -5.7
-0.09118 -6.3
-0.09093 -6.8
-0.09069 -7.3
-0.09045 -7.7
-0.0902 -8.0
-0.08996 -8.3
-0.08971 -8.6
-0.08947 -8.7
-0.08923 -8.8
-0.08898 -8.9
-0.08874 -8.9
-0.08849 -8.8
-0.08825 -8.6
-0.08801 -8.4
-0.08776 -8.1
-0.08752 -7.8
-0.08727 -7.4
-0.08703 -6.9
-0.08678 -6.4
-0.08654 -5.8
-0.0863 -5.2
-0.08605 -4.6
-0.08581 -3.9
-0.08556 -3.2
-0.08532 -2.4
-0.08508 -1.7
-0.08483 -0.9
-0.08459 -0.1
-0.08434 0.7
-0.0841 1.5
-0.08385 2.2
-0.08361 3.0
-0.08337 3.7
-0.08312 4.4
-0.08288 5.1
-0.08263 5.8
-0.08239 6.3
-0.08215 6.9
-0.0819 7.4
-0.08166 7.8
-0.08141 8.2
-0.08117 8.5
-0.08092 8.8
-0.08068 8.9
-0.08044 9.0
-0.08019 9.1
-0.07995 9.0
-0.0797 8.9
-0.07946 8.8
-0.07922 8.5
-0.07897 8.2
-0.07873 7.8
-0.07848 7.3
-0.07824 6.8
-0.078 6.3
-0.07775 5.7
-0.07751 5.0
-0.07726 4.3
-0.07702 3.5
-0.07677 2.8
-0.07653 2.0
-0.07629 1.1
-0.07604 0.3
-0.0758 -0.5
-0.07555 -1.4
-0.07531 -2.2
-0.07507 -3.0
-0.07482 -3.8
-0.07458 -4.5
-0.07433 -5.2
-0.07409 -5.9
-0.07384 -6.5
-0.0736 -7.1
-0.07336 -7.6
-0.07311 -8.1
-0.07287 -8.5
-0.07262 -8.8
-0.07238 -9.0
-0.07214 -9.2
-0.07189 -9.3
-0.07165 -9.3
-0.0714 -9.2
-0.07116 -9.1
-0.07092 -8.8
-0.07067 -8.5
-0.07043 -8.2
-0.07018 -7.7
-0.06994 -7.2
-0.06969 -6.6
-0.06945 -6.0
-0.06921 -5.3
-0.06896 -4.5
-0.06872 -3.7
-0.06847 -2.9
-0.06823 -2.1
-0.06799 -1.2
-0.06774 -0.3
-0.0675 0.6
-0.06725 1.5
-0.06701 2.3
-0.06676 3.2
-0.06652 4.0
-0.06628 4.8
-0.06603 5.6
-0.06579 6.3
-0.06554 6.9
-0.0653 7.5
-0.06506 8.0
-0.06481 8.5
-0.06457 8.9
-0.06432 9.2
-0.06408 9.4
-0.06384 9.5
-0.06359 9.5
-0.06335 9.5
-0.0631 9.4
-0.06286 9.1
-0.06261 8.8
-0.06237 8.4
-0.06213 8.0
-0.06188 7.4
-0.06164 6.8
-0.06139 6.1
-0.06115 5.4
-0.06091 4.6
-0.06066 3.7
-0.06042 2.8
-0.06017 1.9
-0.05993 1.0
-0.05968 0.0
-0.05944 -0.9
-0.0592 -1.9
-0.05895 -2.8
-0.05871 -3.7
-0.05846 -4.6
-0.05822 -5.4
-0.05798 -6.2
-0.05773 -6.9
-0.05749 -7.5
-0.05724 -8.1
-0.057 -8.6
-0.05676 -9.1
-0.05651 -9.4
-0.05627 -9.6
-0.05602 -9.8
-0.05578 -9.8
-0.05553 -9.8
-0.05529 -9.6
-0.05505 -9.4
-0.0548 -9.0
-0.05456 -8.6
-0.05431 -8.1
-0.05407 -7.5
-0.05383 -6.8
-0.05358 -6.0
-0.05334 -5.2
-0.05309 -4.3
-0.05285 -3.4
-0.0526 -2.4
-0.05236 -1.4
-0.05212 -0.4
-0.05187 0.6
-0.05163 1.7
-0.05138 2.7
-0.05114 3.7
-0.0509 4.6
-0.05065 5.5
-0.05041 6.3
-0.05016 7.1
-0.04992 7.8
-0.04967 8.5
-0.04943 9.0
-0.04919 9.4
-0.04894 9.8
-0.0487 10.0
-0.04845 10.1
-0.04821 10.1
-0.04797 10.0
-0.04772 9.8
-0.04748 9.5
-0.04723 9.1
-0.04699 8.5
-0.04675 7.9
-0.0465 7.2
-0.04626 6.4
-0.04601 5.5
-0.04577 4.5
-0.04552 3.5
-0.04528 2.5
-0.04504 1.4
-0.04479 0.3
-0.04455 -0.8
-0.0443 -1.9
-0.04406 -3.0
-0.04382 -4.1
-0.04357 -5.1
-0.04333 -6.0
-0.04308 -6.9
-0.04284 -7.8
-0.04259 -8.5
-0.04235 -9.1
-0.04211 -9.6
-0.04186 -10.0
-0.04162 -10.3
-0.04137 -10.5
-0.04113 -10.5
-0.04089 -10.4
-0.04064 -10.2
-0.0404 -9.8
-0.04015 -9.4
-0.03991 -8.8
-0.03967 -8.0
-0.03942 -7.2
-0.03918 -6.3
-0.03893 -5.3
-0.03869 -4.3
-0.03844 -3.1
-0.0382 -2.0
-0.03796 -0.8
-0.03771 0.4
-0.03747 1.7
-0.03722 2.9
-0.03698 4.0
-0.03674 5.2
-0.03649 6.2
-0.03625 7.2
-0.036 8.1
-0.03576 8.9
-0.03551 9.6
-0.03527 10.1
-0.03503 10.5
-0.03478 10.8
-0.03454 10.9
-0.03429 10.9
-0.03405 10.7
-0.03381 10.4
-0.03356 9.9
-0.03332 9.3
-0.03307 8.6
-0.03283 7.7
-0.03259 6.7
-0.03234 5.6
-0.0321 4.4
-0.03185 3.2
-0.03161 1.9
-0.03136 0.5
-0.03112 -0.8
-0.03088 -2.2
-0.03063 -3.5
-0.03039 -4.8
-0.03014 -6.0
-0.0299 -7.2
-0.02966 -8.2
-0.02941 -9.1
-0.02917 -9.9
-0.02892 -10.5
-0.02868 -11.0
-0.02843 -11.3
-0.02819 -11.4
-0.02795 -11.4
-0.0277 -11.2
-0.02746 -10.8
-0.02721 -10.2
-0.02697 -9.4
-0.02673 -8.5
-0.02648 -7.4
-0.02624 -6.2
-0.02599 -4.9
-0.02575 -3.5
-0.02551 -2.1
-0.02526 -0.6
-0.02502 1.0
-0.02477 2.5
-0.02453 4.0
-0.02428 5.4
-0.02404 6.8
-0.0238 8.0
-0.02355 9.2
-0.02331 10.1
-0.02306 10.9
-0.02282 11.5
-0.02258 11.9
-0.02233 12.1
-0.02209 12.0
-0.02184 11.8
-0.0216 11.3
-0.02135 10.5
-0.02111 9.6
-0.02087 8.5
-0.02062 7.2
-0.02038 5.8
-0.02013 4.2
-0.01989 2.5
-0.01965 0.8
-0.0194 -1.0
-0.01916 -2.7
-0.01891 -4.5
-0.01867 -6.1
-0.01842 -7.7
-0.01818 -9.1
-0.01794 -10.3
-0.01769 -11.3
-0.01745 -12.1
-0.0172 -12.6
-0.01696 -12.9
-0.01672 -12.8
-0.01647 -12.5
-0.01623 -11.9
-0.01598 -11.0
-0.01574 -9.8
-0.0155 -8.4
-0.01525 -6.7
-0.01501 -4.9
-0.01476 -3.0
-0.01452 -0.9
-0.01427 1.2
-0.01403 3.3
-0.01379 5.4
-0.01354 7.3
-0.0133 9.1
-0.01305 10.7
-0.01281 12.0
-0.01257 13.0
-0.01232 13.6
-0.01208 13.9
-0.01183 13.8
-0.01159 13.3
-0.01134 12.4
-0.0111 11.1
-0.01086 9.4
-0.01061 7.4
-0.01037 5.2
-0.01012 2.7
-0.00988 0.1
-0.00964 -2.5
-0.00939 -5.2
-0.00915 -7.7
-0.0089 -9.9
-0.00866 -11.9
-0.00842 -13.5
-0.00817 -14.7
-0.00793 -15.3
-0.00768 -15.3
-0.00744 -14.7
-0.00719 -13.6
-0.00695 -11.8
-0.00671 -9.5
-0.00646 -6.7
-0.00622 -3.6
-0.00597 -0.1
-0.00573 3.4
-0.00549 6.8
-0.00524 10.1
-0.005 12.9
-0.00475 15.2
-0.00451 16.7
-0.00426 17.3
-0.00402 16.9
-0.00378 15.5
-0.00353 13.1
-0.00329 9.7
-0.00304 5.5
-0.0028 0.8
-0.00256 -4.2
-0.00231 -9.1
-0.00207 -13.5
-0.00182 -17.0
-0.00158 -19.1
-0.00134 -19.5
-0.00109 -17.9
-0.00085 -14.4
-0.0006 -9.0
-0.00036 -2.3
-0.00011 5.0
0.00013 12.0
0.00037 17.3
0.00062 19.9
0.00086 19.0
0.00111 14.6
0.00135 7.4
0.00159 -1.0
0.00184 -8.6
0.00208 -13.8
0.00233 -15.4
0.00257 -13.2
0.00282 -8.0
0.00306 -1.6
0.0033 4.3
0.00355 8.3
0.00379 9.5
0.00404 8.0
0.00428 4.7
0.00452 0.6
0.00477 -2.9
0.00501 -5.0
0.00526 -5.4
0.0055 -4.2
0.00574 -2.0
0.00599 0.3
0.00623 2.1
0.00648 3.0
0.00672 2.9
0.00697 1.9
0.00721 0.6
0.00745 -0.6
0.0077 -1.5
0.00794 -1.7
0.00819 -1.4
0.00843 -0.8
0.00867 0.0
0.00892 0.6
0.00916 1.0
0.00941 1.0
0.00965 0.7
0.0099 0.3
0.01014 -0.2
0.01038 -0.5
0.01063 -0.6
0.01087 -0.5
0.01112 -0.3
0.01136 0.0
0.0116 0.2
0.01185 0.3
0.01209 0.3
0.01234 0.2
0.01258 0.0
0.01283 0.0
0.01307 -0.1
0.01331 -0.2
0.01356 -0.2
0.0138 -0.1
0.01405 0.0
0.01429 0.0
0.01453 0.0
0.01478 0.1
0.01502 0.0
0.01527 0.0
0.01551 0.0
0.01575 0.0
0.016 0.0
0.01624 0.0
0.01649 0.0
0.01673 0.0
0.01698 0.0
0.01722 0.0
0.01746 0.0
0.01771 0.0
0.01795 0.0
0.0182 0.0
0.01844 0.0
0.01868 0.0
0.01893 0.0
0.01917 0.0
0.01942 0.0
0.01966 0.0
0.01991 0.0
0.02015 0.0
0.02039 0.0
0.02064 0.0
0.02088 0.0
0.02113 0.0
0.02137 0.0
0.02161 0.0
0.02186 0.0
0.0221 0.0
0.02235 0.0
0.02259 0.0
0.02283 0.0
0.02308 0.0
0.02332 0.0
0.02357 0.0
0.02381 0.0
0.02406 0.0
0.0243 0.0
0.02454 0.0
0.02479 0.0
0.02503 0.0
0.02528 0.0
0.02552 0.0
0.02576 0.0
0.02601 0.0
0.02625 0.0
0.0265 0.0
0.02674 0.0
0.02699 0.0
0.02723 0.0
0.02747 0.0
0.02772 0.0
0.02796 0.0
0.02821 0.0
0.02845 0.0
0.02869 0.0
0.02894 0.0
0.02918 0.0
0.02943 0.0
0.02967 0.0
0.02991 0.0
0.03016 0.0
0.0304 0.0
0.03065 0.0
0.03089 0.0
0.03114 0.0
0.03138 0.0
0.03162 0.0
0.03187 0.0
0.03211 0.0
0.03236 0.0
0.0326 0.0
0.03284 0.0
0.03309 0.0
0.03333 0.0
0.03358 0.0
0.03382 0.0
0.03407 0.0
0.03431 0.0
0.03455 0.0
0.0348 0.0
0.03504 0.0
0.03529 0.0
0.03553 0.0
0.03577 0.0
0.03602 0.0
0.03626 0.0
0.03651 0.0
0.03675 0.0
0.03699 0.0
0.03724 0.0
0.03748 0.0
0.03773 0.0
0.03797 0.0
0.03822 0.0
0.03846 0.0
0.0387 0.0
0.03895 0.0
0.03919 0.0
0.03944 0.0
0.03968 0.0
0.03992 0.0
0.04017 0.0
0.04041 0.0
0.04066 0.0
0.0409 0.0
0.04115 0.0
0.04139 0.0
0.04163 0.0
0.04188 0.0
0.04212 0.0
0.04237 0.0
0.04261 0.0
0.04285 0.0
0.0431 0.0
0.04334 0.0
0.04359 0.0
0.04383 0.0
0.04408 0.0
0.04432 0.0
0.04456 0.0
0.04481 0.0
0.04505 0.0
0.0453 0.0
0.04554 0.0
0.04578 0.0
0.04603 0.0
0.04627 0.0
0.04652 0.0
0.04676 0.0
0.047 0.0
0.04725 0.0
0.04749 0.0
0.04774 0.0
0.04798 0.0
0.04823 0.0
0.04847 0.0
0.04871 0.0
0.04896 0.0
0.0492 0.0
0.04945 0.0
0.04969 0.0
0.04993 0.0
0.05018 0.0
0.05042 0.0
0.05067 0.0
0.05091 0.0
0.05116 0.0
0.0514 0.0
0.05164 0.0
0.05189 0.0
0.05213 0.0
0.05238 0.0
0.05262 0.0
0.05286 0.0
0.05311 0.0
0.05335 0.0
0.0536 0.0
0.05384 0.0
0.05408 0.0
0.05433 0.0
0.05457 0.0
0.05482 0.0
0.05506 0.0
0.05531 0.0
0.05555 0.0
0.05579 0.0
0.05604 0.0
0.05628 0.0
0.05653 0.0
0.05677 0.0
0.05701 0.0
0.05726 0.0
0.0575 0.0
0.05775 0.0
0.05799 0.0
0.05824 0.0
0.05848 0.0
0.05872 0.0
0.05897 0.0
0.05921 0.0
0.05946 0.0
0.0597 0.0
0.05994 0.0
0.06019 0.0
0.06043 0.0
0.06068 0.0
0.06092 0.0
0.06116 0.0
0.06141 0.0
0.06165 0.0
0.0619 0.0
0.06214 0.0
0.06239 0.0
0.06263 0.0
0.06287 0.0
0.06312 0.0
0.06336 0.0
0.06361 0.0
0.06385 0.0
0.06409 0.0
0.06434 0.0
0.06458 0.0
0.06483 0.0
0.06507 0.0
0.06532 0.0
0.06556 0.0
0.0658 0.0
0.06605 0.0
0.06629 0.0
0.06654 0.0
0.06678 0.0
0.06702 0.0
0.06727 0.0
0.06751 0.0
0.06776 0.0
0.068 0.0
0.06824 0.0
0.06849 0.0
0.06873 0.0
0.06898 0.0
0.06922 0.0
0.06947 0.0
0.06971 0.0
0.06995 0.0
0.0702 0.0
0.07044 0.0
0.07069 0.0
0.07093 0.0
0.07117 0.0
0.07142 0.0
0.07166 0.0
0.07191 0.0
0.07215 0.0
0.0724 0.0
0.07264 0.0
0.07288 0.0
0.07313 0.0
0.07337 0.0
0.07362 0.0
0.07386 0.0
0.0741 0.0
0.07435 0.0
0.07459 0.0
0.07484 0.0
0.07508 0.0
0.07533 0.0
0.07557 0.0
0.07581 0.0
0.07606 0.0
0.0763 0.0
0.07655 0.0
0.07679 0.0
0.07703 0.0
0.07728 0.0
0.07752 0.0
0.07777 0.0
0.07801 0.0
0.07825 0.0
0.0785 0.0
0.07874 0.0
0.07899 0.0
0.07923 0.0
0.07948 0.0
0.07972 0.0
0.07996 0.0
0.08021 0.0
0.08045 0.0
0.0807 0.0
0.08094 0.0
0.08118 0.0
0.08143 0.0
0.08167 0.0
0.08192 0.0
0.08216 0.0
0.08241 0.0
0.08265 0.0
0.08289 0.0
0.08314 0.0
0.08338 0.0
0.08363 0.0
0.08387 0.0
0.08411 0.0
0.08436 0.0
0.0846 0.0
0.08485 0.0
0.08509 0.0
0.08533 0.0
0.08558 0.0
0.08582 0.0
0.08607 0.0
0.08631 0.0
0.08656 0.0
0.0868 0.0
0.08704 0.0
0.08729 0.0
0.08753 0.0
0.08778 0.0
0.08802 0.0
0.08826 0.0
0.08851 0.0
0.08875 0.0
0.089 0.0
0.08924 0.0
0.08949 0.0
0.08973 0.0
0.08997 0.0
0.09022 0.0
0.09046 0.0
0.09071 0.0
0.09095 0.0
0.09119 0.0
0.09144 0.0
0.09168 0.0
0.09193 0.0
0.09217 0.0
0.09241 0.0
0.09266 0.0
0.0929 0.0
0.09315 0.0
0.09339 0.0
0.09364 0.0
0.09388 0.0
0.09412 0.0
0.09437 0.0
0.09461 0.0
0.09486 0.0
0.0951 0.0
0.09534 0.0
0.09559 0.0
0.09583 0.0
0.09608 0.0
0.09632 0.0
0.09657 0.0
0.09681 0.0
0.09705 0.0
0.0973 0.0
0.09754 0.0
0.09779 0.0
0.09803 0.0
