t strain*1e23
-0.47495 -4.1
-0.47471 -4.0
-0.47446 -4.0
-0.47422 -3.9
-0.47398 -3.9
-0.47373 -3.8
-0.47349 -3.7
-0.47324 -3.7
-0.473 -3.6
-0.47276 -3.5
-0.47251 -3.4
-0.47227 -3.3
-0.47202 -3.2
-0.47178 -3.1
-0.47153 -3.0
-0.47129 -2.9
-0.47105 -2.8
-0.4708 -2.6
-0.47056 -2.5
-0.47031 -2.4
-0.47007 -2.2
-0.46983 -2.1
-0.46958 -2.0
-0.46934 -1.8
-0.46909 -1.7
-0.46885 -1.5
-0.46861 -1.4
-0.46836 -1.2
-0.46812 -1.1
-0.46787 -0.9
-0.46763 -0.7
-0.46738 -0.6
-0.46714 -0.4
-0.4669 -0.3
-0.46665 0.0
-0.46641 0.0
-0.46616 0.2
-0.46592 0.4
-0.46568 0.6
-0.46543 0.7
-0.46519 0.9
-0.46494 1.0
-0.4647 1.2
-0.46445 1.3
-0.46421 1.5
-0.46397 1.7
-0.46372 1.8
-0.46348 2.0
-0.46323 2.1
-0.46299 2.2
-0.46275 2.4
-0.4625 2.5
-0.46226 2.6
-0.46201 2.8
-0.46177 2.9
-0.46152 3.0
-0.46128 3.1
-0.46104 3.2
-0.46079 3.3
-0.46055 3.4
-0.4603 3.5
-0.46006 3.6
-0.45982 3.7
-0.45957 3.8
-0.45933 3.8
-0.45908 3.9
-0.45884 4.0
-0.4586 4.0
-0.45835 4.1
-0.45811 4.1
-0.45786 4.2
-0.45762 4.2
-0.45737 4.2
-0.45713 4.2
-0.45689 4.2
-0.45664 4.2
-0.4564 4.2
-0.45615 4.2
-0.45591 4.2
-0.45567 4.2
-0.45542 4.2
-0.45518 4.1
-0.45493 4.1
-0.45469 4.0
-0.45444 4.0
-0.4542 3.9
-0.45396 3.9
-0.45371 3.8
-0.45347 3.7
-0.45322 3.6
-0.45298 3.6
-0.45274 3.5
-0.45249 3.4
-0.45225 3.3
-0.452 3.2
-0.45176 3.0
-0.45152 2.9
-0.45127 2.8
-0.45103 2.7
-0.45078 2.5
-0.45054 2.4
-0.45029 2.3
-0.45005 2.1
-0.44981 2.0
-0.44956 1.8
-0.44932 1.7
-0.44907 1.5
-0.44883 1.4
-0.44859 1.2
-0.44834 1.1
-0.4481 0.9
-0.44785 0.7
-0.44761 0.6
-0.44736 0.4
-0.44712 0.2
-0.44688 0.0
-0.44663 -0.1
-0.44639 -0.3
-0.44614 -0.4
-0.4459 -0.6
-0.44566 -0.8
-0.44541 -0.9
-0.44517 -1.1
-0.44492 -1.3
-0.44468 -1.4
-0.44444 -1.6
-0.44419 -1.7
-0.44395 -1.9
-0.4437 -2.0
-0.44346 -2.2
-0.44321 -2.3
-0.44297 -2.5
-0.44273 -2.6
-0.44248 -2.7
-0.44224 -2.8
-0.44199 -3.0
-0.44175 -3.1
-0.44151 -3.2
-0.44126 -3.3
-0.44102 -3.4
-0.44077 -3.5
-0.44053 -3.6
-0.44028 -3.7
-0.44004 -3.8
-0.4398 -3.9
-0.43955 -3.9
-0.43931 -4.0
-0.43906 -4.0
-0.43882 -4.1
-0.43858 -4.1
-0.43833 -4.2
-0.43809 -4.2
-0.43784 -4.2
-0.4376 -4.3
-0.43736 -4.3
-0.43711 -4.3
-0.43687 -4.3
-0.43662 -4.3
-0.43638 -4.3
-0.43613 -4.2
-0.43589 -4.2
-0.43565 -4.2
-0.4354 -4.1
-0.43516 -4.1
-0.43491 -4.0
-0.43467 -4.0
-0.43443 -3.9
-0.43418 -3.8
-0.43394 -3.8
-0.43369 -3.7
-0.43345 -3.6
-0.4332 -3.5
-0.43296 -3.4
-0.43272 -3.3
-0.43247 -3.2
-0.43223 -3.1
-0.43198 -2.9
-0.43174 -2.8
-0.4315 -2.7
-0.43125 -2.5
-0.43101 -2.4
-0.43076 -2.3
-0.43052 -2.1
-0.43027 -2.0
-0.43003 -1.8
-0.42979 -1.7
-0.42954 -1.5
-0.4293 -1.3
-0.42905 -1.2
-0.42881 -1.0
-0.42857 -0.8
-0.42832 -0.7
-0.42808 -0.5
-0.42783 -0.3
-0.42759 -0.2
-0.42735 0.0
-0.4271 0.2
-0.42686 0.3
-0.42661 0.5
-0.42637 0.7
-0.42612 0.9
-0.42588 1.0
-0.42564 1.2
-0.42539 1.3
-0.42515 1.5
-0.4249 1.7
-0.42466 1.8
-0.42442 2.0
-0.42417 2.1
-0.42393 2.3
-0.42368 2.4
-0.42344 2.6
-0.42319 2.7
-0.42295 2.8
-0.42271 3.0
-0.42246 3.1
-0.42222 3.2
-0.42197 3.3
-0.42173 3.4
-0.42149 3.5
-0.42124 3.6
-0.421 3.7
-0.42075 3.8
-0.42051 3.9
-0.42027 4.0
-0.42002 4.0
-0.41978 4.1
-0.41953 4.1
-0.41929 4.2
-0.41904 4.2
-0.4188 4.3
-0.41856 4.3
-0.41831 4.3
-0.41807 4.3
-0.41782 4.3
-0.41758 4.3
-0.41734 4.3
-0.41709 4.3
-0.41685 4.3
-0.4166 4.2
-0.41636 4.2
-0.41611 4.2
-0.41587 4.1
-0.41563 4.1
-0.41538 4.0
-0.41514 3.9
-0.41489 3.9
-0.41465 3.8
-0.41441 3.7
-0.41416 3.6
-0.41392 3.5
-0.41367 3.4
-0.41343 3.3
-0.41319 3.2
-0.41294 3.1
-0.4127 2.9
-0.41245 2.8
-0.41221 2.7
-0.41196 2.5
-0.41172 2.4
-0.41148 2.2
-0.41123 2.1
-0.41099 1.9
-0.41074 1.8
-0.4105 1.6
-0.41026 1.4
-0.41001 1.3
-0.40977 1.1
-0.40952 0.9
-0.40928 0.8
-0.40903 0.6
-0.40879 0.4
-0.40855 0.2
-0.4083 0.0
-0.40806 -0.1
-0.40781 -0.3
-0.40757 -0.5
-0.40733 -0.6
-0.40708 -0.8
-0.40684 -1.0
-0.40659 -1.1
-0.40635 -1.3
-0.40611 -1.5
-0.40586 -1.6
-0.40562 -1.8
-0.40537 -2.0
-0.40513 -2.1
-0.40488 -2.3
-0.40464 -2.4
-0.4044 -2.6
-0.40415 -2.7
-0.40391 -2.8
-0.40366 -3.0
-0.40342 -3.1
-0.40318 -3.2
-0.40293 -3.3
-0.40269 -3.5
-0.40244 -3.6
-0.4022 -3.7
-0.40195 -3.8
-0.40171 -3.8
-0.40147 -3.9
-0.40122 -4.0
-0.40098 -4.1
-0.40073 -4.1
-0.40049 -4.2
-0.40025 -4.2
-0.4 -4.3
-0.39976 -4.3
-0.39951 -4.3
-0.39927 -4.4
-0.39902 -4.4
-0.39878 -4.4
-0.39854 -4.4
-0.39829 -4.4
-0.39805 -4.3
-0.3978 -4.3
-0.39756 -4.3
-0.39732 -4.2
-0.39707 -4.2
-0.39683 -4.1
-0.39658 -4.1
-0.39634 -4.0
-0.3961 -4.0
-0.39585 -3.9
-0.39561 -3.8
-0.39536 -3.7
-0.39512 -3.6
-0.39487 -3.5
-0.39463 -3.4
-0.39439 -3.3
-0.39414 -3.1
-0.3939 -3.0
-0.39365 -2.9
-0.39341 -2.7
-0.39317 -2.6
-0.39292 -2.5
-0.39268 -2.3
-0.39243 -2.2
-0.39219 -2.0
-0.39194 -1.8
-0.3917 -1.7
-0.39146 -1.5
-0.39121 -1.3
-0.39097 -1.2
-0.39072 -1.0
-0.39048 -0.8
-0.39024 -0.6
-0.38999 -0.5
-0.38975 -0.3
-0.3895 0.0
-0.38926 0.0
-0.38902 0.3
-0.38877 0.4
-0.38853 0.6
-0.38828 0.8
-0.38804 1.0
-0.38779 1.2
-0.38755 1.3
-0.38731 1.5
-0.38706 1.7
-0.38682 1.8
-0.38657 2.0
-0.38633 2.2
-0.38609 2.3
-0.38584 2.5
-0.3856 2.6
-0.38535 2.8
-0.38511 2.9
-0.38486 3.0
-0.38462 3.2
-0.38438 3.3
-0.38413 3.4
-0.38389 3.5
-0.38364 3.6
-0.3834 3.7
-0.38316 3.8
-0.38291 3.9
-0.38267 4.0
-0.38242 4.1
-0.38218 4.1
-0.38194 4.2
-0.38169 4.2
-0.38145 4.3
-0.3812 4.3
-0.38096 4.4
-0.38071 4.4
-0.38047 4.4
-0.38023 4.4
-0.37998 4.4
-0.37974 4.4
-0.37949 4.4
-0.37925 4.4
-0.37901 4.3
-0.37876 4.3
-0.37852 4.3
-0.37827 4.2
-0.37803 4.2
-0.37778 4.1
-0.37754 4.0
-0.3773 3.9
-0.37705 3.9
-0.37681 3.8
-0.37656 3.7
-0.37632 3.6
-0.37608 3.4
-0.37583 3.3
-0.37559 3.2
-0.37534 3.1
-0.3751 2.9
-0.37486 2.8
-0.37461 2.7
-0.37437 2.5
-0.37412 2.3
-0.37388 2.2
-0.37363 2.0
-0.37339 1.9
-0.37315 1.7
-0.3729 1.5
-0.37266 1.3
-0.37241 1.2
-0.37217 1.0
-0.37193 0.8
-0.37168 0.6
-0.37144 0.4
-0.37119 0.3
-0.37095 0.0
-0.3707 -0.1
-0.37046 -0.3
-0.37022 -0.5
-0.36997 -0.7
-0.36973 -0.9
-0.36948 -1.0
-0.36924 -1.2
-0.369 -1.4
-0.36875 -1.6
-0.36851 -1.7
-0.36826 -1.9
-0.36802 -2.1
-0.36777 -2.2
-0.36753 -2.4
-0.36729 -2.6
-0.36704 -2.7
-0.3668 -2.9
-0.36655 -3.0
-0.36631 -3.1
-0.36607 -3.3
-0.36582 -3.4
-0.36558 -3.5
-0.36533 -3.6
-0.36509 -3.7
-0.36485 -3.8
-0.3646 -3.9
-0.36436 -4.0
-0.36411 -4.1
-0.36387 -4.2
-0.36362 -4.2
-0.36338 -4.3
-0.36314 -4.3
-0.36289 -4.4
-0.36265 -4.4
-0.3624 -4.4
-0.36216 -4.5
-0.36192 -4.5
-0.36167 -4.5
-0.36143 -4.5
-0.36118 -4.4
-0.36094 -4.4
-0.36069 -4.4
-0.36045 -4.4
-0.36021 -4.3
-0.35996 -4.3
-0.35972 -4.2
-0.35947 -4.1
-0.35923 -4.1
-0.35899 -4.0
-0.35874 -3.9
-0.3585 -3.8
-0.35825 -3.7
-0.35801 -3.6
-0.35777 -3.5
-0.35752 -3.4
-0.35728 -3.2
-0.35703 -3.1
-0.35679 -3.0
-0.35654 -2.8
-0.3563 -2.7
-0.35606 -2.5
-0.35581 -2.3
-0.35557 -2.2
-0.35532 -2.0
-0.35508 -1.8
-0.35484 -1.7
-0.35459 -1.5
-0.35435 -1.3
-0.3541 -1.1
-0.35386 -0.9
-0.35361 -0.8
-0.35337 -0.6
-0.35313 -0.4
-0.35288 -0.2
-0.35264 0.0
-0.35239 0.2
-0.35215 0.4
-0.35191 0.6
-0.35166 0.8
-0.35142 1.0
-0.35117 1.1
-0.35093 1.3
-0.35069 1.5
-0.35044 1.7
-0.3502 1.9
-0.34995 2.0
-0.34971 2.2
-0.34946 2.4
-0.34922 2.5
-0.34898 2.7
-0.34873 2.8
-0.34849 3.0
-0.34824 3.1
-0.348 3.3
-0.34776 3.4
-0.34751 3.5
-0.34727 3.6
-0.34702 3.7
-0.34678 3.8
-0.34653 3.9
-0.34629 4.0
-0.34605 4.1
-0.3458 4.2
-0.34556 4.3
-0.34531 4.3
-0.34507 4.4
-0.34483 4.4
-0.34458 4.5
-0.34434 4.5
-0.34409 4.5
-0.34385 4.5
-0.34361 4.5
-0.34336 4.5
-0.34312 4.5
-0.34287 4.5
-0.34263 4.4
-0.34238 4.4
-0.34214 4.4
-0.3419 4.3
-0.34165 4.2
-0.34141 4.2
-0.34116 4.1
-0.34092 4.0
-0.34068 3.9
-0.34043 3.8
-0.34019 3.7
-0.33994 3.6
-0.3397 3.5
-0.33945 3.3
-0.33921 3.2
-0.33897 3.1
-0.33872 2.9
-0.33848 2.8
-0.33823 2.6
-0.33799 2.5
-0.33775 2.3
-0.3375 2.1
-0.33726 2.0
-0.33701 1.8
-0.33677 1.6
-0.33652 1.4
-0.33628 1.2
-0.33604 1.0
-0.33579 0.8
-0.33555 0.6
-0.3353 0.5
-0.33506 0.3
-0.33482 0.0
-0.33457 -0.1
-0.33433 -0.3
-0.33408 -0.5
-0.33384 -0.7
-0.3336 -0.9
-0.33335 -1.1
-0.33311 -1.3
-0.33286 -1.5
-0.33262 -1.7
-0.33237 -1.9
-0.33213 -2.0
-0.33189 -2.2
-0.33164 -2.4
-0.3314 -2.5
-0.33115 -2.7
-0.33091 -2.9
-0.33067 -3.0
-0.33042 -3.2
-0.33018 -3.3
-0.32993 -3.4
-0.32969 -3.6
-0.32944 -3.7
-0.3292 -3.8
-0.32896 -3.9
-0.32871 -4.0
-0.32847 -4.1
-0.32822 -4.2
-0.32798 -4.3
-0.32774 -4.3
-0.32749 -4.4
-0.32725 -4.4
-0.327 -4.5
-0.32676 -4.5
-0.32652 -4.5
-0.32627 -4.6
-0.32603 -4.6
-0.32578 -4.6
-0.32554 -4.6
-0.32529 -4.5
-0.32505 -4.5
-0.32481 -4.5
-0.32456 -4.4
-0.32432 -4.4
-0.32407 -4.3
-0.32383 -4.3
-0.32359 -4.2
-0.32334 -4.1
-0.3231 -4.0
-0.32285 -3.9
-0.32261 -3.8
-0.32236 -3.7
-0.32212 -3.6
-0.32188 -3.4
-0.32163 -3.3
-0.32139 -3.2
-0.32114 -3.0
-0.3209 -2.9
-0.32066 -2.7
-0.32041 -2.5
-0.32017 -2.4
-0.31992 -2.2
-0.31968 -2.0
-0.31944 -1.8
-0.31919 -1.6
-0.31895 -1.5
-0.3187 -1.3
-0.31846 -1.1
-0.31821 -0.9
-0.31797 -0.7
-0.31773 -0.5
-0.31748 -0.3
-0.31724 0.0
-0.31699 0.1
-0.31675 0.3
-0.31651 0.5
-0.31626 0.7
-0.31602 0.9
-0.31577 1.1
-0.31553 1.3
-0.31528 1.5
-0.31504 1.7
-0.3148 1.9
-0.31455 2.1
-0.31431 2.3
-0.31406 2.4
-0.31382 2.6
-0.31358 2.8
-0.31333 2.9
-0.31309 3.1
-0.31284 3.2
-0.3126 3.4
-0.31236 3.5
-0.31211 3.6
-0.31187 3.8
-0.31162 3.9
-0.31138 4.0
-0.31113 4.1
-0.31089 4.2
-0.31065 4.3
-0.3104 4.3
-0.31016 4.4
-0.30991 4.5
-0.30967 4.5
-0.30943 4.6
-0.30918 4.6
-0.30894 4.6
-0.30869 4.6
-0.30845 4.6
-0.3082 4.6
-0.30796 4.6
-0.30772 4.6
-0.30747 4.6
-0.30723 4.5
-0.30698 4.5
-0.30674 4.4
-0.3065 4.3
-0.30625 4.3
-0.30601 4.2
-0.30576 4.1
-0.30552 4.0
-0.30527 3.9
-0.30503 3.7
-0.30479 3.6
-0.30454 3.5
-0.3043 3.4
-0.30405 3.2
-0.30381 3.1
-0.30357 2.9
-0.30332 2.7
-0.30308 2.6
-0.30283 2.4
-0.30259 2.2
-0.30235 2.0
-0.3021 1.8
-0.30186 1.6
-0.30161 1.4
-0.30137 1.2
-0.30112 1.0
-0.30088 0.8
-0.30064 0.6
-0.30039 0.4
-0.30015 0.2
-0.2999 0.0
-0.29966 -0.2
-0.29942 -0.4
-0.29917 -0.6
-0.29893 -0.8
-0.29868 -1.0
-0.29844 -1.2
-0.29819 -1.4
-0.29795 -1.6
-0.29771 -1.8
-0.29746 -2.0
-0.29722 -2.2
-0.29697 -2.4
-0.29673 -2.6
-0.29649 -2.7
-0.29624 -2.9
-0.296 -3.1
-0.29575 -3.2
-0.29551 -3.4
-0.29527 -3.5
-0.29502 -3.7
-0.29478 -3.8
-0.29453 -3.9
-0.29429 -4.0
-0.29404 -4.1
-0.2938 -4.2
-0.29356 -4.3
-0.29331 -4.4
-0.29307 -4.5
-0.29282 -4.5
-0.29258 -4.6
-0.29234 -4.6
-0.29209 -4.6
-0.29185 -4.7
-0.2916 -4.7
-0.29136 -4.7
-0.29111 -4.7
-0.29087 -4.7
-0.29063 -4.6
-0.29038 -4.6
-0.29014 -4.6
-0.28989 -4.5
-0.28965 -4.4
-0.28941 -4.4
-0.28916 -4.3
-0.28892 -4.2
-0.28867 -4.1
-0.28843 -4.0
-0.28819 -3.9
-0.28794 -3.8
-0.2877 -3.6
-0.28745 -3.5
-0.28721 -3.3
-0.28696 -3.2
-0.28672 -3.0
-0.28648 -2.9
-0.28623 -2.7
-0.28599 -2.5
-0.28574 -2.3
-0.2855 -2.1
-0.28526 -1.9
-0.28501 -1.8
-0.28477 -1.6
-0.28452 -1.3
-0.28428 -1.1
-0.28403 -0.9
-0.28379 -0.7
-0.28355 -0.5
-0.2833 -0.3
-0.28306 0.0
-0.28281 0.1
-0.28257 0.4
-0.28233 0.6
-0.28208 0.8
-0.28184 1.0
-0.28159 1.2
-0.28135 1.4
-0.28111 1.6
-0.28086 1.8
-0.28062 2.0
-0.28037 2.2
-0.28013 2.4
-0.27988 2.6
-0.27964 2.8
-0.2794 2.9
-0.27915 3.1
-0.27891 3.3
-0.27866 3.4
-0.27842 3.6
-0.27818 3.7
-0.27793 3.9
-0.27769 4.0
-0.27744 4.1
-0.2772 4.2
-0.27695 4.3
-0.27671 4.4
-0.27647 4.5
-0.27622 4.5
-0.27598 4.6
-0.27573 4.6
-0.27549 4.7
-0.27525 4.7
-0.275 4.7
-0.27476 4.7
-0.27451 4.7
-0.27427 4.7
-0.27402 4.7
-0.27378 4.7
-0.27354 4.7
-0.27329 4.6
-0.27305 4.5
-0.2728 4.5
-0.27256 4.4
-0.27232 4.3
-0.27207 4.2
-0.27183 4.1
-0.27158 4.0
-0.27134 3.9
-0.2711 3.7
-0.27085 3.6
-0.27061 3.4
-0.27036 3.3
-0.27012 3.1
-0.26987 2.9
-0.26963 2.8
-0.26939 2.6
-0.26914 2.4
-0.2689 2.2
-0.26865 2.0
-0.26841 1.8
-0.26817 1.6
-0.26792 1.4
-0.26768 1.2
-0.26743 0.9
-0.26719 0.7
-0.26694 0.5
-0.2667 0.3
-0.26646 0.0
-0.26621 -0.2
-0.26597 -0.4
-0.26572 -0.6
-0.26548 -0.8
-0.26524 -1.1
-0.26499 -1.3
-0.26475 -1.5
-0.2645 -1.7
-0.26426 -1.9
-0.26402 -2.1
-0.26377 -2.3
-0.26353 -2.5
-0.26328 -2.7
-0.26304 -2.9
-0.26279 -3.1
-0.26255 -3.2
-0.26231 -3.4
-0.26206 -3.5
-0.26182 -3.7
-0.26157 -3.8
-0.26133 -4.0
-0.26109 -4.1
-0.26084 -4.2
-0.2606 -4.3
-0.26035 -4.4
-0.26011 -4.5
-0.25986 -4.6
-0.25962 -4.6
-0.25938 -4.7
-0.25913 -4.7
-0.25889 -4.8
-0.25864 -4.8
-0.2584 -4.8
-0.25816 -4.8
-0.25791 -4.8
-0.25767 -4.8
-0.25742 -4.8
-0.25718 -4.7
-0.25694 -4.7
-0.25669 -4.6
-0.25645 -4.5
-0.2562 -4.5
-0.25596 -4.4
-0.25571 -4.3
-0.25547 -4.2
-0.25523 -4.0
-0.25498 -3.9
-0.25474 -3.8
-0.25449 -3.6
-0.25425 -3.5
-0.25401 -3.3
-0.25376 -3.1
-0.25352 -2.9
-0.25327 -2.8
-0.25303 -2.6
-0.25278 -2.4
-0.25254 -2.2
-0.2523 -2.0
-0.25205 -1.8
-0.25181 -1.5
-0.25156 -1.3
-0.25132 -1.1
-0.25108 -0.9
-0.25083 -0.6
-0.25059 -0.4
-0.25034 -0.2
-0.2501 0.0
-0.24986 0.3
-0.24961 0.5
-0.24937 0.7
-0.24912 1.0
-0.24888 1.2
-0.24863 1.4
-0.24839 1.6
-0.24815 1.9
-0.2479 2.1
-0.24766 2.3
-0.24741 2.5
-0.24717 2.7
-0.24693 2.9
-0.24668 3.1
-0.24644 3.2
-0.24619 3.4
-0.24595 3.6
-0.2457 3.7
-0.24546 3.9
-0.24522 4.0
-0.24497 4.1
-0.24473 4.3
-0.24448 4.4
-0.24424 4.5
-0.244 4.6
-0.24375 4.6
-0.24351 4.7
-0.24326 4.8
-0.24302 4.8
-0.24277 4.8
-0.24253 4.9
-0.24229 4.9
-0.24204 4.9
-0.2418 4.9
-0.24155 4.9
-0.24131 4.8
-0.24107 4.8
-0.24082 4.7
-0.24058 4.7
-0.24033 4.6
-0.24009 4.5
-0.23985 4.4
-0.2396 4.3
-0.23936 4.2
-0.23911 4.0
-0.23887 3.9
-0.23862 3.7
-0.23838 3.6
-0.23814 3.4
-0.23789 3.2
-0.23765 3.1
-0.2374 2.9
-0.23716 2.7
-0.23692 2.5
-0.23667 2.3
-0.23643 2.1
-0.23618 1.8
-0.23594 1.6
-0.23569 1.4
-0.23545 1.2
-0.23521 0.9
-0.23496 0.7
-0.23472 0.4
-0.23447 0.2
-0.23423 0.0
-0.23399 -0.3
-0.23374 -0.5
-0.2335 -0.7
-0.23325 -1.0
-0.23301 -1.2
-0.23277 -1.5
-0.23252 -1.7
-0.23228 -1.9
-0.23203 -2.1
-0.23179 -2.3
-0.23154 -2.6
-0.2313 -2.8
-0.23106 -3.0
-0.23081 -3.1
-0.23057 -3.3
-0.23032 -3.5
-0.23008 -3.7
-0.22984 -3.8
-0.22959 -4.0
-0.22935 -4.1
-0.2291 -4.3
-0.22886 -4.4
-0.22861 -4.5
-0.22837 -4.6
-0.22813 -4.7
-0.22788 -4.7
-0.22764 -4.8
-0.22739 -4.9
-0.22715 -4.9
-0.22691 -4.9
-0.22666 -5.0
-0.22642 -5.0
-0.22617 -5.0
-0.22593 -4.9
-0.22569 -4.9
-0.22544 -4.9
-0.2252 -4.8
-0.22495 -4.7
-0.22471 -4.7
-0.22446 -4.6
-0.22422 -4.5
-0.22398 -4.4
-0.22373 -4.2
-0.22349 -4.1
-0.22324 -4.0
-0.223 -3.8
-0.22276 -3.6
-0.22251 -3.5
-0.22227 -3.3
-0.22202 -3.1
-0.22178 -2.9
-0.22153 -2.7
-0.22129 -2.5
-0.22105 -2.3
-0.2208 -2.1
-0.22056 -1.8
-0.22031 -1.6
-0.22007 -1.4
-0.21983 -1.1
-0.21958 -0.9
-0.21934 -0.6
-0.21909 -0.4
-0.21885 -0.1
-0.21861 0.1
-0.21836 0.4
-0.21812 0.6
-0.21787 0.9
-0.21763 1.1
-0.21738 1.4
-0.21714 1.6
-0.2169 1.8
-0.21665 2.1
-0.21641 2.3
-0.21616 2.5
-0.21592 2.7
-0.21568 2.9
-0.21543 3.1
-0.21519 3.3
-0.21494 3.5
-0.2147 3.7
-0.21445 3.9
-0.21421 4.0
-0.21397 4.2
-0.21372 4.3
-0.21348 4.4
-0.21323 4.5
-0.21299 4.6
-0.21275 4.7
-0.2125 4.8
-0.21226 4.9
-0.21201 4.9
-0.21177 5.0
-0.21152 5.0
-0.21128 5.0
-0.21104 5.0
-0.21079 5.0
-0.21055 5.0
-0.2103 5.0
-0.21006 4.9
-0.20982 4.9
-0.20957 4.8
-0.20933 4.7
-0.20908 4.6
-0.20884 4.5
-0.2086 4.4
-0.20835 4.3
-0.20811 4.1
-0.20786 4.0
-0.20762 3.8
-0.20737 3.6
-0.20713 3.4
-0.20689 3.3
-0.20664 3.0
-0.2064 2.8
-0.20615 2.6
-0.20591 2.4
-0.20567 2.2
-0.20542 1.9
-0.20518 1.7
-0.20493 1.4
-0.20469 1.2
-0.20444 0.9
-0.2042 0.7
-0.20396 0.4
-0.20371 0.2
-0.20347 0.0
-0.20322 -0.3
-0.20298 -0.6
-0.20274 -0.9
-0.20249 -1.1
-0.20225 -1.4
-0.202 -1.6
-0.20176 -1.9
-0.20152 -2.1
-0.20127 -2.3
-0.20103 -2.6
-0.20078 -2.8
-0.20054 -3.0
-0.20029 -3.2
-0.20005 -3.4
-0.19981 -3.6
-0.19956 -3.8
-0.19932 -4.0
-0.19907 -4.1
-0.19883 -4.3
-0.19859 -4.4
-0.19834 -4.5
-0.1981 -4.7
-0.19785 -4.8
-0.19761 -4.9
-0.19736 -4.9
-0.19712 -5.0
-0.19688 -5.0
-0.19663 -5.1
-0.19639 -5.1
-0.19614 -5.1
-0.1959 -5.1
-0.19566 -5.1
-0.19541 -5.1
-0.19517 -5.0
-0.19492 -5.0
-0.19468 -4.9
-0.19444 -4.8
-0.19419 -4.7
-0.19395 -4.6
-0.1937 -4.5
-0.19346 -4.3
-0.19321 -4.2
-0.19297 -4.0
-0.19273 -3.9
-0.19248 -3.7
-0.19224 -3.5
-0.19199 -3.3
-0.19175 -3.1
-0.19151 -2.9
-0.19126 -2.6
-0.19102 -2.4
-0.19077 -2.2
-0.19053 -1.9
-0.19028 -1.7
-0.19004 -1.4
-0.1898 -1.1
-0.18955 -0.9
-0.18931 -0.6
-0.18906 -0.3
-0.18882 0.0
-0.18858 0.2
-0.18833 0.5
-0.18809 0.7
-0.18784 1.0
-0.1876 1.3
-0.18736 1.5
-0.18711 1.8
-0.18687 2.0
-0.18662 2.3
-0.18638 2.5
-0.18613 2.8
-0.18589 3.0
-0.18565 3.2
-0.1854 3.4
-0.18516 3.6
-0.18491 3.8
-0.18467 4.0
-0.18443 4.2
-0.18418 4.3
-0.18394 4.5
-0.18369 4.6
-0.18345 4.7
-0.1832 4.8
-0.18296 4.9
-0.18272 5.0
-0.18247 5.1
-0.18223 5.1
-0.18198 5.2
-0.18174 5.2
-0.1815 5.2
-0.18125 5.2
-0.18101 5.2
-0.18076 5.1
-0.18052 5.1
-0.18027 5.0
-0.18003 5.0
-0.17979 4.9
-0.17954 4.8
-0.1793 4.6
-0.17905 4.5
-0.17881 4.4
-0.17857 4.2
-0.17832 4.0
-0.17808 3.8
-0.17783 3.6
-0.17759 3.4
-0.17735 3.2
-0.1771 3.0
-0.17686 2.8
-0.17661 2.5
-0.17637 2.3
-0.17612 2.0
-0.17588 1.7
-0.17564 1.5
-0.17539 1.2
-0.17515 0.9
-0.1749 0.7
-0.17466 0.4
-0.17442 0.0
-0.17417 -0.2
-0.17393 -0.5
-0.17368 -0.8
-0.17344 -1.0
-0.17319 -1.3
-0.17295 -1.6
-0.17271 -1.9
-0.17246 -2.1
-0.17222 -2.4
-0.17197 -2.6
-0.17173 -2.9
-0.17149 -3.1
-0.17124 -3.3
-0.171 -3.6
-0.17075 -3.8
-0.17051 -4.0
-0.17027 -4.2
-0.17002 -4.3
-0.16978 -4.5
-0.16953 -4.6
-0.16929 -4.8
-0.16904 -4.9
-0.1688 -5.0
-0.16856 -5.1
-0.16831 -5.2
-0.16807 -5.2
-0.16782 -5.3
-0.16758 -5.3
-0.16734 -5.3
-0.16709 -5.3
-0.16685 -5.3
-0.1666 -5.3
-0.16636 -5.2
-0.16611 -5.1
-0.16587 -5.1
-0.16563 -5.0
-0.16538 -4.8
-0.16514 -4.7
-0.16489 -4.6
-0.16465 -4.4
-0.16441 -4.3
-0.16416 -4.1
-0.16392 -3.9
-0.16367 -3.7
-0.16343 -3.5
-0.16319 -3.2
-0.16294 -3.0
-0.1627 -2.7
-0.16245 -2.5
-0.16221 -2.2
-0.16196 -1.9
-0.16172 -1.7
-0.16148 -1.4
-0.16123 -1.1
-0.16099 -0.8
-0.16074 -0.5
-0.1605 -0.2
-0.16026 0.0
-0.16001 0.4
-0.15977 0.7
-0.15952 1.0
-0.15928 1.3
-0.15903 1.5
-0.15879 1.8
-0.15855 2.1
-0.1583 2.4
-0.15806 2.6
-0.15781 2.9
-0.15757 3.2
-0.15733 3.4
-0.15708 3.6
-0.15684 3.8
-0.15659 4.0
-0.15635 4.2
-0.15611 4.4
-0.15586 4.6
-0.15562 4.7
-0.15537 4.9
-0.15513 5.0
-0.15488 5.1
-0.15464 5.2
-0.1544 5.3
-0.15415 5.3
-0.15391 5.4
-0.15366 5.4
-0.15342 5.4
-0.15318 5.4
-0.15293 5.4
-0.15269 5.3
-0.15244 5.3
-0.1522 5.2
-0.15195 5.1
-0.15171 5.0
-0.15147 4.9
-0.15122 4.7
-0.15098 4.6
-0.15073 4.4
-0.15049 4.2
-0.15025 4.0
-0.15 3.8
-0.14976 3.6
-0.14951 3.3
-0.14927 3.1
-0.14902 2.8
-0.14878 2.5
-0.14854 2.3
-0.14829 2.0
-0.14805 1.7
-0.1478 1.4
-0.14756 1.1
-0.14732 0.8
-0.14707 0.5
-0.14683 0.2
-0.14658 -0.1
-0.14634 -0.5
-0.1461 -0.8
-0.14585 -1.1
-0.14561 -1.4
-0.14536 -1.7
-0.14512 -2.0
-0.14487 -2.3
-0.14463 -2.6
-0.14439 -2.8
-0.14414 -3.1
-0.1439 -3.4
-0.14365 -3.6
-0.14341 -3.8
-0.14317 -4.1
-0.14292 -4.3
-0.14268 -4.5
-0.14243 -4.6
-0.14219 -4.8
-0.14194 -5.0
-0.1417 -5.1
-0.14146 -5.2
-0.14121 -5.3
-0.14097 -5.4
-0.14072 -5.4
-0.14048 -5.5
-0.14024 -5.5
-0.13999 -5.5
-0.13975 -5.5
-0.1395 -5.5
-0.13926 -5.4
-0.13902 -5.4
-0.13877 -5.3
-0.13853 -5.2
-0.13828 -5.1
-0.13804 -4.9
-0.13779 -4.8
-0.13755 -4.6
-0.13731 -4.4
-0.13706 -4.2
-0.13682 -4.0
-0.13657 -3.8
-0.13633 -3.5
-0.13609 -3.3
-0.13584 -3.0
-0.1356 -2.7
-0.13535 -2.4
-0.13511 -2.1
-0.13486 -1.8
-0.13462 -1.5
-0.13438 -1.2
-0.13413 -0.9
-0.13389 -0.5
-0.13364 -0.2
-0.1334 0.1
-0.13316 0.5
-0.13291 0.8
-0.13267 1.1
-0.13242 1.4
-0.13218 1.7
-0.13194 2.1
-0.13169 2.4
-0.13145 2.7
-0.1312 3.0
-0.13096 3.2
-0.13071 3.5
-0.13047 3.8
-0.13023 4.0
-0.12998 4.2
-0.12974 4.4
-0.12949 4.6
-0.12925 4.8
-0.12901 5.0
-0.12876 5.1
-0.12852 5.3
-0.12827 5.4
-0.12803 5.5
-0.12778 5.5
-0.12754 5.6
-0.1273 5.6
-0.12705 5.6
-0.12681 5.6
-0.12656 5.6
-0.12632 5.6
-0.12608 5.5
-0.12583 5.4
-0.12559 5.3
-0.12534 5.2
-0.1251 5.0
-0.12486 4.9
-0.12461 4.7
-0.12437 4.5
-0.12412 4.3
-0.12388 4.0
-0.12363 3.8
-0.12339 3.5
-0.12315 3.2
-0.1229 3.0
-0.12266 2.7
-0.12241 2.3
-0.12217 2.0
-0.12193 1.7
-0.12168 1.4
-0.12144 1.0
-0.12119 0.7
-0.12095 0.3
-0.1207 0.0
-0.12046 -0.4
-0.12022 -0.7
-0.11997 -1.1
-0.11973 -1.4
-0.11948 -1.7
-0.11924 -2.1
-0.119 -2.4
-0.11875 -2.7
-0.11851 -3.0
-0.11826 -3.3
-0.11802 -3.6
-0.11777 -3.9
-0.11753 -4.1
-0.11729 -4.4
-0.11704 -4.6
-0.1168 -4.8
-0.11655 -5.0
-0.11631 -5.2
-0.11607 -5.3
-0.11582 -5.4
-0.11558 -5.5
-0.11533 -5.6
-0.11509 -5.7
-0.11485 -5.8
-0.1146 -5.8
-0.11436 -5.8
-0.11411 -5.8
-0.11387 -5.7
-0.11362 -5.6
-0.11338 -5.6
-0.11314 -5.5
-0.11289 -5.3
-0.11265 -5.2
-0.1124 -5.0
-0.11216 -4.8
-0.11192 -4.6
-0.11167 -4.4
-0.11143 -4.1
-0.11118 -3.9
-0.11094 -3.6
-0.11069 -3.3
-0.11045 -3.0
-0.11021 -2.7
-0.10996 -2.3
-0.10972 -2.0
-0.10947 -1.6
-0.10923 -1.3
-0.10899 -0.9
-0.10874 -0.5
-0.1085 -0.2
-0.10825 0.2
-0.10801 0.6
-0.10777 0.9
-0.10752 1.3
-0.10728 1.7
-0.10703 2.0
-0.10679 2.4
-0.10654 2.7
-0.1063 3.0
-0.10606 3.3
-0.10581 3.7
-0.10557 3.9
-0.10532 4.2
-0.10508 4.5
-0.10484 4.7
-0.10459 4.9
-0.10435 5.1
-0.1041 5.3
-0.10386 5.5
-0.10361 5.6
-0.10337 5.7
-0.10313 5.8
-0.10288 5.9
-0.10264 5.9
-0.10239 5.9
-0.10215 5.9
-0.10191 5.9
-0.10166 5.8
-0.10142 5.7
-0.10117 5.6
-0.10093 5.5
-0.10069 5.4
-0.10044 5.2
-0.1002 5.0
-0.09995 4.8
-0.09971 4.5
-0.09946 4.3
-0.09922 4.0
-0.09898 3.7
-0.09873 3.4
-0.09849 3.0
-0.09824 2.7
-0.098 2.3
-0.09776 2.0
-0.09751 1.6
-0.09727 1.2
-0.09702 0.8
-0.09678 0.4
-0.09653 0.0
-0.09629 -0.4
-0.09605 -0.8
-0.0958 -1.1
-0.09556 -1.5
-0.09531 -1.9
-0.09507 -2.3
-0.09483 -2.7
-0.09458 -3.0
-0.09434 -3.4
-0.09409 -3.7
-0.09385 -4.0
-0.09361 -4.3
-0.09336 -4.6
-0.09312 -4.8
-0.09287 -5.1
-0.09263 -5.3
-0.09238 -5.5
-0.09214 -5.6
-0.0919 -5.8
-0.09165 -5.9
-0.09141 -6.0
-0.09116 -6.0
-0.09092 -6.1
-0.09068 -6.1
-0.09043 -6.1
-0.09019 -6.0
-0.08994 -6.0
-0.0897 -5.9
-0.08945 -5.7
-0.08921 -5.6
-0.08897 -5.4
-0.08872 -5.2
-0.08848 -5.0
-0.08823 -4.7
-0.08799 -4.4
-0.08775 -4.1
-0.0875 -3.8
-0.08726 -3.5
-0.08701 -3.1
-0.08677 -2.8
-0.08652 -2.4
-0.08628 -2.0
-0.08604 -1.6
-0.08579 -1.2
-0.08555 -0.7
-0.0853 -0.3
-0.08506 0.0
-0.08482 0.5
-0.08457 0.9
-0.08433 1.4
-0.08408 1.8
-0.08384 2.2
-0.0836 2.6
-0.08335 3.0
-0.08311 3.3
-0.08286 3.7
-0.08262 4.0
-0.08237 4.4
-0.08213 4.7
-0.08189 4.9
-0.08164 5.2
-0.0814 5.4
-0.08115 5.6
-0.08091 5.8
-0.08067 6.0
-0.08042 6.1
-0.08018 6.2
-0.07993 6.2
-0.07969 6.3
-0.07944 6.3
-0.0792 6.2
-0.07896 6.2
-0.07871 6.1
-0.07847 6.0
-0.07822 5.8
-0.07798 5.6
-0.07774 5.4
-0.07749 5.2
-0.07725 4.9
-0.077 4.6
-0.07676 4.3
-0.07652 4.0
-0.07627 3.6
-0.07603 3.2
-0.07578 2.8
-0.07554 2.4
-0.07529 2.0
-0.07505 1.5
-0.07481 1.1
-0.07456 0.6
-0.07432 0.2
-0.07407 -0.3
-0.07383 -0.7
-0.07359 -1.2
-0.07334 -1.6
-0.0731 -2.1
-0.07285 -2.5
-0.07261 -2.9
-0.07236 -3.4
-0.07212 -3.7
-0.07188 -4.1
-0.07163 -4.5
-0.07139 -4.8
-0.07114 -5.1
-0.0709 -5.4
-0.07066 -5.6
-0.07041 -5.8
-0.07017 -6.0
-0.06992 -6.2
-0.06968 -6.3
-0.06944 -6.4
-0.06919 -6.5
-0.06895 -6.5
-0.0687 -6.5
-0.06846 -6.4
-0.06821 -6.3
-0.06797 -6.2
-0.06773 -6.1
-0.06748 -5.9
-0.06724 -5.6
-0.06699 -5.4
-0.06675 -5.1
-0.06651 -4.8
-0.06626 -4.4
-0.06602 -4.1
-0.06577 -3.7
-0.06553 -3.3
-0.06528 -2.8
-0.06504 -2.4
-0.0648 -1.9
-0.06455 -1.4
-0.06431 -0.9
-0.06406 -0.4
-0.06382 0.0
-0.06358 0.6
-0.06333 1.1
-0.06309 1.5
-0.06284 2.0
-0.0626 2.5
-0.06236 3.0
-0.06211 3.4
-0.06187 3.9
-0.06162 4.3
-0.06138 4.6
-0.06113 5.0
-0.06089 5.3
-0.06065 5.6
-0.0604 5.9
-0.06016 6.1
-0.05991 6.3
-0.05967 6.5
-0.05943 6.6
-0.05918 6.7
-0.05894 6.7
-0.05869 6.7
-0.05845 6.7
-0.0582 6.6
-0.05796 6.5
-0.05772 6.3
-0.05747 6.1
-0.05723 5.9
-0.05698 5.6
-0.05674 5.3
-0.0565 4.9
-0.05625 4.5
-0.05601 4.1
-0.05576 3.7
-0.05552 3.2
-0.05527 2.7
-0.05503 2.2
-0.05479 1.7
-0.05454 1.2
-0.0543 0.6
-0.05405 0.0
-0.05381 -0.5
-0.05357 -1.0
-0.05332 -1.6
-0.05308 -2.1
-0.05283 -2.6
-0.05259 -3.2
-0.05235 -3.7
-0.0521 -4.1
-0.05186 -4.6
-0.05161 -5.0
-0.05137 -5.4
-0.05112 -5.7
-0.05088 -6.0
-0.05064 -6.3
-0.05039 -6.5
-0.05015 -6.7
-0.0499 -6.9
-0.04966 -7.0
-0.04942 -7.0
-0.04917 -7.0
-0.04893 -7.0
-0.04868 -6.9
-0.04844 -6.7
-0.04819 -6.5
-0.04795 -6.3
-0.04771 -6.0
-0.04746 -5.7
-0.04722 -5.3
-0.04697 -4.9
-0.04673 -4.5
-0.04649 -4.0
-0.04624 -3.5
-0.046 -2.9
-0.04575 -2.4
-0.04551 -1.8
-0.04527 -1.2
-0.04502 -0.6
-0.04478 0.0
-0.04453 0.7
-0.04429 1.3
-0.04404 1.9
-0.0438 2.5
-0.04356 3.1
-0.04331 3.6
-0.04307 4.2
-0.04282 4.7
-0.04258 5.1
-0.04234 5.6
-0.04209 6.0
-0.04185 6.3
-0.0416 6.6
-0.04136 6.9
-0.04111 7.1
-0.04087 7.2
-0.04063 7.3
-0.04038 7.4
-0.04014 7.3
-0.03989 7.2
-0.03965 7.1
-0.03941 6.9
-0.03916 6.6
-0.03892 6.3
-0.03867 6.0
-0.03843 5.6
-0.03819 5.1
-0.03794 4.6
-0.0377 4.0
-0.03745 3.4
-0.03721 2.8
-0.03696 2.2
-0.03672 1.5
-0.03648 0.8
-0.03623 0.1
-0.03599 -0.6
-0.03574 -1.3
-0.0355 -2.0
-0.03526 -2.6
-0.03501 -3.3
-0.03477 -3.9
-0.03452 -4.5
-0.03428 -5.1
-0.03403 -5.6
-0.03379 -6.1
-0.03355 -6.5
-0.0333 -6.9
-0.03306 -7.2
-0.03281 -7.4
-0.03257 -7.6
-0.03233 -7.7
-0.03208 -7.8
-0.03184 -7.7
-0.03159 -7.6
-0.03135 -7.4
-0.03111 -7.2
-0.03086 -6.8
-0.03062 -6.5
-0.03037 -6.0
-0.03013 -5.5
-0.02988 -4.9
-0.02964 -4.3
-0.0294 -3.6
-0.02915 -2.9
-0.02891 -2.1
-0.02866 -1.3
-0.02842 -0.5
-0.02818 0.3
-0.02793 1.1
-0.02769 1.9
-0.02744 2.7
-0.0272 3.5
-0.02695 4.2
-0.02671 4.9
-0.02647 5.6
-0.02622 6.2
-0.02598 6.7
-0.02573 7.2
-0.02549 7.6
-0.02525 7.9
-0.025 8.1
-0.02476 8.2
-0.02451 8.3
-0.02427 8.2
-0.02402 8.1
-0.02378 7.9
-0.02354 7.5
-0.02329 7.1
-0.02305 6.6
-0.0228 6.0
-0.02256 5.3
-0.02232 4.6
-0.02207 3.8
-0.02183 2.9
-0.02158 2.0
-0.02134 1.1
-0.0211 0.1
-0.02085 -0.9
-0.02061 -1.8
-0.02036 -2.8
-0.02012 -3.7
-0.01987 -4.6
-0.01963 -5.4
-0.01939 -6.2
-0.01914 -6.9
-0.0189 -7.5
-0.01865 -8.0
-0.01841 -8.4
-0.01817 -8.7
-0.01792 -8.9
-0.01768 -9.0
-0.01743 -8.9
-0.01719 -8.6
-0.01694 -8.3
-0.0167 -7.8
-0.01646 -7.2
-0.01621 -6.5
-0.01597 -5.7
-0.01572 -4.8
-0.01548 -3.7
-0.01524 -2.7
-0.01499 -1.5
-0.01475 -0.3
-0.0145 0.9
-0.01426 2.1
-0.01402 3.3
-0.01377 4.4
-0.01353 5.5
-0.01328 6.5
-0.01304 7.5
-0.01279 8.2
-0.01255 8.9
-0.01231 9.4
-0.01206 9.7
-0.01182 9.8
-0.01157 9.8
-0.01133 9.5
-0.01109 9.1
-0.01084 8.5
-0.0106 7.6
-0.01035 6.6
-0.01011 5.5
-0.00986 4.2
-0.00962 2.7
-0.00938 1.2
-0.00913 -0.3
-0.00889 -1.9
-0.00864 -3.5
-0.0084 -5.1
-0.00816 -6.5
-0.00791 -7.8
-0.00767 -8.9
-0.00742 -9.9
-0.00718 -10.6
-0.00694 -11.0
-0.00669 -11.1
-0.00645 -10.8
-0.0062 -10.3
-0.00596 -9.4
-0.00571 -8.2
-0.00547 -6.7
-0.00523 -5.0
-0.00498 -3.0
-0.00474 -0.8
-0.00449 1.4
-0.00425 3.7
-0.00401 5.9
-0.00376 7.9
-0.00352 9.7
-0.00327 11.2
-0.00303 12.2
-0.00278 12.6
-0.00254 12.5
-0.0023 11.8
-0.00205 10.4
-0.00181 8.4
-0.00156 5.8
-0.00132 2.8
-0.00108 -0.6
-0.00083 -4.1
-0.00059 -7.4
-0.00034 -10.4
-0.0001 -12.5
0.00014 -13.7
0.00039 -13.5
0.00063 -12.0
0.00088 -9.2
0.00112 -5.2
0.00137 -0.7
0.00161 3.8
0.00185 7.8
0.0021 10.6
0.00234 11.7
0.00259 11.1
0.00283 8.8
0.00307 5.3
0.00332 1.3
0.00356 -2.6
0.00381 -5.7
0.00405 -7.6
0.0043 -8.0
0.00454 -6.9
0.00478 -4.8
0.00503 -2.1
0.00527 0.7
0.00552 3.0
0.00576 4.5
0.006 4.9
0.00625 4.4
0.00649 3.1
0.00674 1.4
0.00698 -0.3
0.00723 -1.7
0.00747 -2.7
0.00771 -2.9
0.00796 -2.6
0.0082 -1.8
0.00845 -0.8
0.00869 0.3
0.00893 1.1
0.00918 1.6
0.00942 1.8
0.00967 1.5
0.00991 1.0
0.01015 0.4
0.0104 -0.2
0.01064 -0.7
0.01089 -1.0
0.01113 -1.1
0.01138 -0.9
0.01162 -0.6
0.01186 -0.2
0.01211 0.2
0.01235 0.5
0.0126 0.6
0.01284 0.6
0.01308 0.5
0.01333 0.3
0.01357 0.0
0.01382 -0.2
0.01406 -0.3
0.01431 -0.4
0.01455 -0.4
0.01479 -0.3
0.01504 -0.2
0.01528 0.0
0.01553 0.1
0.01577 0.2
0.01601 0.2
0.01626 0.2
0.0165 0.2
0.01675 0.0
0.01699 0.0
0.01723 0.0
0.01748 -0.1
0.01772 -0.1
0.01797 -0.1
0.01821 0.0
0.01846 0.0
0.0187 0.0
0.01894 0.0
0.01919 0.0
0.01943 0.0
0.01968 0.0
0.01992 0.0
0.02016 0.0
0.02041 0.0
0.02065 0.0
0.0209 0.0
0.02114 0.0
0.02139 0.0
0.02163 0.0
0.02187 0.0
0.02212 0.0
0.02236 0.0
0.02261 0.0
0.02285 0.0
0.02309 0.0
0.02334 0.0
0.02358 0.0
0.02383 0.0
0.02407 0.0
0.02431 0.0
0.02456 0.0
0.0248 0.0
0.02505 0.0
0.02529 0.0
0.02554 0.0
0.02578 0.0
0.02602 0.0
0.02627 0.0
0.02651 0.0
0.02676 0.0
0.027 0.0
0.02724 0.0
0.02749 0.0
0.02773 0.0
0.02798 0.0
0.02822 0.0
0.02847 0.0
0.02871 0.0
0.02895 0.0
0.0292 0.0
0.02944 0.0
0.02969 0.0
0.02993 0.0
0.03017 0.0
0.03042 0.0
0.03066 0.0
0.03091 0.0
0.03115 0.0
0.03139 0.0
0.03164 0.0
0.03188 0.0
0.03213 0.0
0.03237 0.0
0.03262 0.0
0.03286 0.0
0.0331 0.0
0.03335 0.0
0.03359 0.0
0.03384 0.0
0.03408 0.0
0.03432 0.0
0.03457 0.0
0.03481 0.0
0.03506 0.0
0.0353 0.0
0.03555 0.0
0.03579 0.0
0.03603 0.0
0.03628 0.0
0.03652 0.0
0.03677 0.0
0.03701 0.0
0.03725 0.0
0.0375 0.0
0.03774 0.0
0.03799 0.0
0.03823 0.0
0.03848 0.0
0.03872 0.0
0.03896 0.0
0.03921 0.0
0.03945 0.0
0.0397 0.0
0.03994 0.0
0.04018 0.0
0.04043 0.0
0.04067 0.0
0.04092 0.0
0.04116 0.0
0.0414 0.0
0.04165 0.0
0.04189 0.0
0.04214 0.0
0.04238 0.0
0.04263 0.0
0.04287 0.0
0.04311 0.0
0.04336 0.0
0.0436 0.0
0.04385 0.0
0.04409 0.0
0.04433 0.0
0.04458 0.0
0.04482 0.0
0.04507 0.0
0.04531 0.0
0.04556 0.0
0.0458 0.0
0.04604 0.0
0.04629 0.0
0.04653 0.0
0.04678 0.0
0.04702 0.0
0.04726 0.0
0.04751 0.0
0.04775 0.0
0.048 0.0
0.04824 0.0
0.04848 0.0
0.04873 0.0
0.04897 0.0
0.04922 0.0
0.04946 0.0
0.04971 0.0
0.04995 0.0
0.05019 0.0
0.05044 0.0
0.05068 0.0
0.05093 0.0
0.05117 0.0
0.05141 0.0
0.05166 0.0
0.0519 0.0
0.05215 0.0
0.05239 0.0
0.05264 0.0
0.05288 0.0
0.05312 0.0
0.05337 0.0
0.05361 0.0
0.05386 0.0
0.0541 0.0
0.05434 0.0
0.05459 0.0
0.05483 0.0
0.05508 0.0
0.05532 0.0
0.05556 0.0
0.05581 0.0
0.05605 0.0
0.0563 0.0
0.05654 0.0
0.05679 0.0
0.05703 0.0
0.05727 0.0
0.05752 0.0
0.05776 0.0
0.05801 0.0
0.05825 0.0
0.05849 0.0
0.05874 0.0
0.05898 0.0
0.05923 0.0
0.05947 0.0
0.05972 0.0
0.05996 0.0
0.0602 0.0
0.06045 0.0
0.06069 0.0
0.06094 0.0
0.06118 0.0
0.06142 0.0
0.06167 0.0
0.06191 0.0
0.06216 0.0
0.0624 0.0
0.06264 0.0
0.06289 0.0
0.06313 0.0
0.06338 0.0
0.06362 0.0
0.06387 0.0
0.06411 0.0
0.06435 0.0
0.0646 0.0
0.06484 0.0
0.06509 0.0
0.06533 0.0
0.06557 0.0
0.06582 0.0
0.06606 0.0
0.06631 0.0
0.06655 0.0
0.0668 0.0
0.06704 0.0
0.06728 0.0
0.06753 0.0
0.06777 0.0
0.06802 0.0
0.06826 0.0
0.0685 0.0
0.06875 0.0
0.06899 0.0
0.06924 0.0
0.06948 0.0
0.06973 0.0
0.06997 0.0
0.07021 0.0
0.07046 0.0
0.0707 0.0
0.07095 0.0
0.07119 0.0
0.07143 0.0
0.07168 0.0
0.07192 0.0
0.07217 0.0
0.07241 0.0
0.07265 0.0
0.0729 0.0
0.07314 0.0
0.07339 0.0
0.07363 0.0
0.07388 0.0
0.07412 0.0
0.07436 0.0
0.07461 0.0
0.07485 0.0
0.0751 0.0
0.07534 0.0
0.07558 0.0
0.07583 0.0
0.07607 0.0
0.07632 0.0
0.07656 0.0
0.07681 0.0
0.07705 0.0
0.07729 0.0
0.07754 0.0
0.07778 0.0
0.07803 0.0
0.07827 0.0
0.07851 0.0
0.07876 0.0
0.079 0.0
0.07925 0.0
0.07949 0.0
0.07973 0.0
0.07998 0.0
0.08022 0.0
0.08047 0.0
0.08071 0.0
0.08096 0.0
0.0812 0.0
0.08144 0.0
0.08169 0.0
0.08193 0.0
0.08218 0.0
0.08242 0.0
0.08266 0.0
0.08291 0.0
0.08315 0.0
0.0834 0.0
0.08364 0.0
0.08389 0.0
0.08413 0.0
0.08437 0.0
0.08462 0.0
0.08486 0.0
0.08511 0.0
0.08535 0.0
0.08559 0.0
0.08584 0.0
0.08608 0.0
0.08633 0.0
0.08657 0.0
0.08681 0.0
0.08706 0.0
0.0873 0.0
0.08755 0.0
0.08779 0.0
0.08804 0.0
0.08828 0.0
0.08852 0.0
0.08877 0.0
0.08901 0.0
0.08926 0.0
0.0895 0.0
0.08974 0.0
0.08999 0.0
0.09023 0.0
0.09048 0.0
0.09072 0.0
0.09097 0.0
0.09121 0.0
0.09145 0.0
0.0917 0.0
0.09194 0.0
0.09219 0.0
0.09243 0.0
0.09267 0.0
0.09292 0.0
0.09316 0.0
0.09341 0.0
0.09365 0.0
0.09389 0.0
0.09414 0.0
0.09438 0.0
0.09463 0.0
0.09487 0.0
0.09512 0.0
0.09536 0.0
0.0956 0.0
0.09585 0.0
0.09609 0.0
0.09634 0.0
0.09658 0.0
0.09682 0.0
0.09707 0.0
0.09731 0.0
0.09756 0.0
0.0978 0.0
0.09805 0.0
0.09829 0.0
0.09853 0.0
0.09878 0.0
0.09902 0.0
0.09927 0.0
0.09951 0.0
0.09975 0.0
0.1 0.0
0.10024 0.0
0.10049 0.0
0.10073 0.0
0.10098 0.0
0.10122 0.0
0.10146 0.0
0.10171 0.0
0.10195 0.0
0.1022 0.0
0.10244 0.0
0.10268 0.0
0.10293 0.0
0.10317 0.0
0.10342 0.0
0.10366 0.0
0.1039 0.0
0.10415 0.0
0.10439 0.0
0.10464 0.0
0.10488 0.0
0.10513 0.0
0.10537 0.0
0.10561 0.0
0.10586 0.0
0.1061 0.0
0.10635 0.0
0.10659 0.0
0.10683 0.0
0.10708 0.0
0.10732 0.0
0.10757 0.0
0.10781 0.0
0.10806 0.0
0.1083 0.0
0.10854 0.0
0.10879 0.0
0.10903 0.0
0.10928 0.0
0.10952 0.0
0.10976 0.0
0.11001 0.0
0.11025 0.0
0.1105 0.0
0.11074 0.0
0.11098 0.0
0.11123 0.0
0.11147 0.0
0.11172 0.0
0.11196 0.0
0.11221 0.0
0.11245 0.0
0.11269 0.0
0.11294 0.0
0.11318 0.0
0.11343 0.0
0.11367 0.0
0.11391 0.0
0.11416 0.0
0.1144 0.0
0.11465 0.0
0.11489 0.0
0.11514 0.0
0.11538 0.0
0.11562 0.0
0.11587 0.0
0.11611 0.0
0.11636 0.0
0.1166 0.0
0.11684 0.0
0.11709 0.0
0.11733 0.0
0.11758 0.0
0.11782 0.0
0.11806 0.0
0.11831 0.0
0.11855 0.0
0.1188 0.0
0.11904 0.0
0.11929 0.0
0.11953 0.0
0.11977 0.0
0.12002 0.0
0.12026 0.0
0.12051 0.0
0.12075 0.0
0.12099 0.0
0.12124 0.0
0.12148 0.0
0.12173 0.0
0.12197 0.0
0.12222 0.0
0.12246 0.0
0.1227 0.0
0.12295 0.0
0.12319 0.0
0.12344 0.0
0.12368 0.0
0.12392 0.0
0.12417 0.0
0.12441 0.0
0.12466 0.0
0.1249 0.0
0.12514 0.0
0.12539 0.0
0.12563 0.0
0.12588 0.0
0.12612 0.0
0.12637 0.0
0.12661 0.0
0.12685 0.0
0.1271 0.0
0.12734 0.0
0.12759 0.0
0.12783 0.0
0.12807 0.0
0.12832 0.0
0.12856 0.0
0.12881 0.0
0.12905 0.0
0.1293 0.0
0.12954 0.0
0.12978 0.0
0.13003 0.0
0.13027 0.0
0.13052 0.0
0.13076 0.0
0.131 0.0
0.13125 0.0
0.13149 0.0
0.13174 0.0
0.13198 0.0
0.13223 0.0
0.13247 0.0
0.13271 0.0
0.13296 0.0
0.1332 0.0
0.13345 0.0
0.13369 0.0
0.13393 0.0
0.13418 0.0
0.13442 0.0
0.13467 0.0
0.13491 0.0
0.13515 0.0
