t strain*1e23
-0.24155 4.5
-0.2413 4.9
-0.24106 5.3
-0.24081 5.7
-0.24057 6.1
-0.24033 6.4
-0.24008 6.8
-0.23984 7.2
-0.23959 7.6
-0.23935 7.9
-0.23911 8.2
-0.23886 8.6
-0.23862 8.9
-0.23837 9.2
-0.23813 9.5
-0.23788 9.8
-0.23764 10.1
-0.2374 10.4
-0.23715 10.7
-0.23691 10.9
-0.23666 11.1
-0.23642 11.4
-0.23618 11.6
-0.23593 11.8
-0.23569 12.0
-0.23544 12.2
-0.2352 12.3
-0.23495 12.5
-0.23471 12.6
-0.23447 12.7
-0.23422 12.9
-0.23398 13.0
-0.23373 13.0
-0.23349 13.1
-0.23325 13.2
-0.233 13.2
-0.23276 13.2
-0.23251 13.2
-0.23227 13.2
-0.23203 13.2
-0.23178 13.2
-0.23154 13.1
-0.23129 13.0
-0.23105 13.0
-0.2308 12.9
-0.23056 12.8
-0.23032 12.6
-0.23007 12.5
-0.22983 12.4
-0.22958 12.2
-0.22934 12.0
-0.2291 11.8
-0.22885 11.6
-0.22861 11.4
-0.22836 11.2
-0.22812 10.9
-0.22787 10.7
-0.22763 10.4
-0.22739 10.1
-0.22714 9.8
-0.2269 9.5
-0.22665 9.2
-0.22641 8.9
-0.22617 8.5
-0.22592 8.2
-0.22568 7.8
-0.22543 7.5
-0.22519 7.1
-0.22495 6.7
-0.2247 6.3
-0.22446 5.9
-0.22421 5.5
-0.22397 5.1
-0.22372 4.7
-0.22348 4.3
-0.22324 3.8
-0.22299 3.4
-0.22275 3.0
-0.2225 2.5
-0.22226 2.1
-0.22202 1.6
-0.22177 1.2
-0.22153 0.7
-0.22128 0.3
-0.22104 -0.2
-0.22079 -0.6
-0.22055 -1.1
-0.22031 -1.5
-0.22006 -2.0
-0.21982 -2.4
-0.21957 -2.9
-0.21933 -3.3
-0.21909 -3.8
-0.21884 -4.2
-0.2186 -4.6
-0.21835 -5.1
-0.21811 -5.5
-0.21786 -5.9
-0.21762 -6.3
-0.21738 -6.7
-0.21713 -7.1
-0.21689 -7.5
-0.21664 -7.9
-0.2164 -8.2
-0.21616 -8.6
-0.21591 -9.0
-0.21567 -9.3
-0.21542 -9.6
-0.21518 -9.9
-0.21494 -10.2
-0.21469 -10.5
-0.21445 -10.8
-0.2142 -11.1
-0.21396 -11.4
-0.21371 -11.6
-0.21347 -11.8
-0.21323 -12.0
-0.21298 -12.3
-0.21274 -12.4
-0.21249 -12.6
-0.21225 -12.8
-0.21201 -12.9
-0.21176 -13.1
-0.21152 -13.2
-0.21127 -13.3
-0.21103 -13.4
-0.21078 -13.4
-0.21054 -13.5
-0.2103 -13.5
-0.21005 -13.5
-0.20981 -13.5
-0.20956 -13.5
-0.20932 -13.5
-0.20908 -13.4
-0.20883 -13.4
-0.20859 -13.3
-0.20834 -13.2
-0.2081 -13.1
-0.20786 -13.0
-0.20761 -12.8
-0.20737 -12.7
-0.20712 -12.5
-0.20688 -12.3
-0.20663 -12.1
-0.20639 -11.9
-0.20615 -11.7
-0.2059 -11.4
-0.20566 -11.2
-0.20541 -10.9
-0.20517 -10.6
-0.20493 -10.3
-0.20468 -10.0
-0.20444 -9.7
-0.20419 -9.3
-0.20395 -9.0
-0.2037 -8.6
-0.20346 -8.3
-0.20322 -7.9
-0.20297 -7.5
-0.20273 -7.1
-0.20248 -6.7
-0.20224 -6.3
-0.202 -5.8
-0.20175 -5.4
-0.20151 -5.0
-0.20126 -4.5
-0.20102 -4.1
-0.20078 -3.6
-0.20053 -3.1
-0.20029 -2.7
-0.20004 -2.2
-0.1998 -1.7
-0.19955 -1.3
-0.19931 -0.8
-0.19907 -0.3
-0.19882 0.2
-0.19858 0.7
-0.19833 1.1
-0.19809 1.6
-0.19785 2.1
-0.1976 2.6
-0.19736 3.1
-0.19711 3.5
-0.19687 4.0
-0.19662 4.5
-0.19638 4.9
-0.19614 5.4
-0.19589 5.8
-0.19565 6.2
-0.1954 6.7
-0.19516 7.1
-0.19492 7.5
-0.19467 7.9
-0.19443 8.3
-0.19418 8.7
-0.19394 9.1
-0.1937 9.4
-0.19345 9.8
-0.19321 10.1
-0.19296 10.5
-0.19272 10.8
-0.19247 11.1
-0.19223 11.4
-0.19199 11.6
-0.19174 11.9
-0.1915 12.1
-0.19125 12.4
-0.19101 12.6
-0.19077 12.8
-0.19052 13.0
-0.19028 13.1
-0.19003 13.3
-0.18979 13.4
-0.18954 13.5
-0.1893 13.6
-0.18906 13.7
-0.18881 13.8
-0.18857 13.8
-0.18832 13.9
-0.18808 13.9
-0.18784 13.9
-0.18759 13.8
-0.18735 13.8
-0.1871 13.7
-0.18686 13.7
-0.18661 13.6
-0.18637 13.4
-0.18613 13.3
-0.18588 13.2
-0.18564 13.0
-0.18539 12.8
-0.18515 12.6
-0.18491 12.4
-0.18466 12.2
-0.18442 11.9
-0.18417 11.7
-0.18393 11.4
-0.18369 11.1
-0.18344 10.8
-0.1832 10.5
-0.18295 10.1
-0.18271 9.8
-0.18246 9.4
-0.18222 9.0
-0.18198 8.6
-0.18173 8.2
-0.18149 7.8
-0.18124 7.4
-0.181 7.0
-0.18076 6.5
-0.18051 6.1
-0.18027 5.6
-0.18002 5.1
-0.17978 4.7
-0.17953 4.2
-0.17929 3.7
-0.17905 3.2
-0.1788 2.7
-0.17856 2.2
-0.17831 1.7
-0.17807 1.2
-0.17783 0.7
-0.17758 0.2
-0.17734 -0.4
-0.17709 -0.9
-0.17685 -1.4
-0.17661 -1.9
-0.17636 -2.4
-0.17612 -2.9
-0.17587 -3.4
-0.17563 -3.9
-0.17538 -4.4
-0.17514 -4.9
-0.1749 -5.4
-0.17465 -5.9
-0.17441 -6.3
-0.17416 -6.8
-0.17392 -7.2
-0.17368 -7.7
-0.17343 -8.1
-0.17319 -8.5
-0.17294 -9.0
-0.1727 -9.4
-0.17245 -9.7
-0.17221 -10.1
-0.17197 -10.5
-0.17172 -10.8
-0.17148 -11.2
-0.17123 -11.5
-0.17099 -11.8
-0.17075 -12.1
-0.1705 -12.3
-0.17026 -12.6
-0.17001 -12.8
-0.16977 -13.1
-0.16953 -13.3
-0.16928 -13.4
-0.16904 -13.6
-0.16879 -13.8
-0.16855 -13.9
-0.1683 -14.0
-0.16806 -14.1
-0.16782 -14.2
-0.16757 -14.2
-0.16733 -14.2
-0.16708 -14.2
-0.16684 -14.2
-0.1666 -14.2
-0.16635 -14.2
-0.16611 -14.1
-0.16586 -14.0
-0.16562 -13.9
-0.16537 -13.8
-0.16513 -13.6
-0.16489 -13.5
-0.16464 -13.3
-0.1644 -13.1
-0.16415 -12.9
-0.16391 -12.6
-0.16367 -12.4
-0.16342 -12.1
-0.16318 -11.8
-0.16293 -11.5
-0.16269 -11.2
-0.16245 -10.8
-0.1622 -10.5
-0.16196 -10.1
-0.16171 -9.7
-0.16147 -9.3
-0.16122 -8.9
-0.16098 -8.4
-0.16074 -8.0
-0.16049 -7.5
-0.16025 -7.1
-0.16 -6.6
-0.15976 -6.1
-0.15952 -5.6
-0.15927 -5.1
-0.15903 -4.6
-0.15878 -4.1
-0.15854 -3.6
-0.15829 -3.0
-0.15805 -2.5
-0.15781 -1.9
-0.15756 -1.4
-0.15732 -0.9
-0.15707 -0.3
-0.15683 0.2
-0.15659 0.8
-0.15634 1.3
-0.1561 1.9
-0.15585 2.4
-0.15561 3.0
-0.15536 3.5
-0.15512 4.1
-0.15488 4.6
-0.15463 5.1
-0.15439 5.6
-0.15414 6.1
-0.1539 6.6
-0.15366 7.1
-0.15341 7.6
-0.15317 8.1
-0.15292 8.6
-0.15268 9.0
-0.15244 9.4
-0.15219 9.9
-0.15195 10.3
-0.1517 10.7
-0.15146 11.0
-0.15121 11.4
-0.15097 11.8
-0.15073 12.1
-0.15048 12.4
-0.15024 12.7
-0.14999 13.0
-0.14975 13.2
-0.14951 13.5
-0.14926 13.7
-0.14902 13.9
-0.14877 14.0
-0.14853 14.2
-0.14828 14.3
-0.14804 14.4
-0.1478 14.5
-0.14755 14.6
-0.14731 14.6
-0.14706 14.7
-0.14682 14.7
-0.14658 14.6
-0.14633 14.6
-0.14609 14.5
-0.14584 14.5
-0.1456 14.3
-0.14536 14.2
-0.14511 14.1
-0.14487 13.9
-0.14462 13.7
-0.14438 13.5
-0.14413 13.2
-0.14389 13.0
-0.14365 12.7
-0.1434 12.4
-0.14316 12.1
-0.14291 11.7
-0.14267 11.4
-0.14243 11.0
-0.14218 10.6
-0.14194 10.2
-0.14169 9.8
-0.14145 9.3
-0.1412 8.9
-0.14096 8.4
-0.14072 7.9
-0.14047 7.4
-0.14023 6.9
-0.13998 6.4
-0.13974 5.8
-0.1395 5.3
-0.13925 4.8
-0.13901 4.2
-0.13876 3.6
-0.13852 3.1
-0.13828 2.5
-0.13803 1.9
-0.13779 1.3
-0.13754 0.7
-0.1373 0.1
-0.13705 -0.5
-0.13681 -1.1
-0.13657 -1.7
-0.13632 -2.3
-0.13608 -2.8
-0.13583 -3.4
-0.13559 -4.0
-0.13535 -4.6
-0.1351 -5.2
-0.13486 -5.7
-0.13461 -6.3
-0.13437 -6.8
-0.13412 -7.3
-0.13388 -7.9
-0.13364 -8.4
-0.13339 -8.9
-0.13315 -9.4
-0.1329 -9.8
-0.13266 -10.3
-0.13242 -10.7
-0.13217 -11.1
-0.13193 -11.5
-0.13168 -11.9
-0.13144 -12.3
-0.1312 -12.6
-0.13095 -13.0
-0.13071 -13.3
-0.13046 -13.6
-0.13022 -13.8
-0.12997 -14.1
-0.12973 -14.3
-0.12949 -14.5
-0.12924 -14.6
-0.129 -14.8
-0.12875 -14.9
-0.12851 -15.0
-0.12827 -15.1
-0.12802 -15.1
-0.12778 -15.1
-0.12753 -15.1
-0.12729 -15.1
-0.12704 -15.1
-0.1268 -15.0
-0.12656 -14.9
-0.12631 -14.7
-0.12607 -14.6
-0.12582 -14.4
-0.12558 -14.2
-0.12534 -14.0
-0.12509 -13.7
-0.12485 -13.4
-0.1246 -13.1
-0.12436 -12.8
-0.12411 -12.5
-0.12387 -12.1
-0.12363 -11.7
-0.12338 -11.3
-0.12314 -10.9
-0.12289 -10.4
-0.12265 -10.0
-0.12241 -9.5
-0.12216 -9.0
-0.12192 -8.5
-0.12167 -7.9
-0.12143 -7.4
-0.12119 -6.8
-0.12094 -6.3
-0.1207 -5.7
-0.12045 -5.1
-0.12021 -4.5
-0.11996 -3.8
-0.11972 -3.2
-0.11948 -2.6
-0.11923 -2.0
-0.11899 -1.3
-0.11874 -0.7
-0.1185 0.0
-0.11826 0.6
-0.11801 1.3
-0.11777 1.9
-0.11752 2.6
-0.11728 3.2
-0.11703 3.8
-0.11679 4.5
-0.11655 5.1
-0.1163 5.7
-0.11606 6.3
-0.11581 6.9
-0.11557 7.5
-0.11533 8.1
-0.11508 8.6
-0.11484 9.2
-0.11459 9.7
-0.11435 10.2
-0.11411 10.7
-0.11386 11.2
-0.11362 11.6
-0.11337 12.1
-0.11313 12.5
-0.11288 12.9
-0.11264 13.2
-0.1124 13.6
-0.11215 13.9
-0.11191 14.2
-0.11166 14.5
-0.11142 14.7
-0.11118 14.9
-0.11093 15.1
-0.11069 15.3
-0.11044 15.4
-0.1102 15.5
-0.10995 15.6
-0.10971 15.7
-0.10947 15.7
-0.10922 15.7
-0.10898 15.7
-0.10873 15.6
-0.10849 15.5
-0.10825 15.4
-0.108 15.2
-0.10776 15.0
-0.10751 14.8
-0.10727 14.6
-0.10703 14.3
-0.10678 14.0
-0.10654 13.7
-0.10629 13.4
-0.10605 13.0
-0.1058 12.6
-0.10556 12.2
-0.10532 11.7
-0.10507 11.2
-0.10483 10.8
-0.10458 10.2
-0.10434 9.7
-0.1041 9.1
-0.10385 8.6
-0.10361 8.0
-0.10336 7.4
-0.10312 6.8
-0.10287 6.1
-0.10263 5.5
-0.10239 4.8
-0.10214 4.1
-0.1019 3.4
-0.10165 2.8
-0.10141 2.1
-0.10117 1.4
-0.10092 0.6
-0.10068 0.0
-0.10043 -0.8
-0.10019 -1.5
-0.09995 -2.2
-0.0997 -2.9
-0.09946 -3.6
-0.09921 -4.3
-0.09897 -5.0
-0.09872 -5.7
-0.09848 -6.3
-0.09824 -7.0
-0.09799 -7.6
-0.09775 -8.3
-0.0975 -8.9
-0.09726 -9.5
-0.09702 -10.1
-0.09677 -10.6
-0.09653 -11.2
-0.09628 -11.7
-0.09604 -12.2
-0.09579 -12.7
-0.09555 -13.1
-0.09531 -13.5
-0.09506 -13.9
-0.09482 -14.3
-0.09457 -14.7
-0.09433 -15.0
-0.09409 -15.2
-0.09384 -15.5
-0.0936 -15.7
-0.09335 -15.9
-0.09311 -16.1
-0.09286 -16.2
-0.09262 -16.3
-0.09238 -16.3
-0.09213 -16.3
-0.09189 -16.3
-0.09164 -16.3
-0.0914 -16.2
-0.09116 -16.1
-0.09091 -15.9
-0.09067 -15.7
-0.09042 -15.5
-0.09018 -15.3
-0.08994 -15.0
-0.08969 -14.7
-0.08945 -14.3
-0.0892 -13.9
-0.08896 -13.5
-0.08871 -13.1
-0.08847 -12.6
-0.08823 -12.1
-0.08798 -11.6
-0.08774 -11.0
-0.08749 -10.4
-0.08725 -9.8
-0.08701 -9.2
-0.08676 -8.6
-0.08652 -7.9
-0.08627 -7.2
-0.08603 -6.5
-0.08578 -5.8
-0.08554 -5.1
-0.0853 -4.3
-0.08505 -3.6
-0.08481 -2.8
-0.08456 -2.0
-0.08432 -1.2
-0.08408 -0.4
-0.08383 0.3
-0.08359 1.1
-0.08334 1.9
-0.0831 2.7
-0.08286 3.5
-0.08261 4.3
-0.08237 5.0
-0.08212 5.8
-0.08188 6.6
-0.08163 7.3
-0.08139 8.0
-0.08115 8.7
-0.0809 9.4
-0.08066 10.1
-0.08041 10.7
-0.08017 11.3
-0.07993 11.9
-0.07968 12.5
-0.07944 13.0
-0.07919 13.6
-0.07895 14.0
-0.0787 14.5
-0.07846 14.9
-0.07822 15.3
-0.07797 15.7
-0.07773 16.0
-0.07748 16.2
-0.07724 16.5
-0.077 16.7
-0.07675 16.8
-0.07651 17.0
-0.07626 17.1
-0.07602 17.1
-0.07578 17.1
-0.07553 17.1
-0.07529 17.0
-0.07504 16.9
-0.0748 16.7
-0.07455 16.5
-0.07431 16.2
-0.07407 16.0
-0.07382 15.6
-0.07358 15.3
-0.07333 14.9
-0.07309 14.4
-0.07285 13.9
-0.0726 13.4
-0.07236 12.9
-0.07211 12.3
-0.07187 11.7
-0.07162 11.0
-0.07138 10.4
-0.07114 9.7
-0.07089 8.9
-0.07065 8.2
-0.0704 7.4
-0.07016 6.6
-0.06992 5.8
-0.06967 5.0
-0.06943 4.1
-0.06918 3.3
-0.06894 2.4
-0.0687 1.5
-0.06845 0.6
-0.06821 -0.3
-0.06796 -1.2
-0.06772 -2.1
-0.06747 -3.0
-0.06723 -3.8
-0.06699 -4.7
-0.06674 -5.6
-0.0665 -6.4
-0.06625 -7.3
-0.06601 -8.1
-0.06577 -8.9
-0.06552 -9.7
-0.06528 -10.5
-0.06503 -11.2
-0.06479 -11.9
-0.06454 -12.6
-0.0643 -13.2
-0.06406 -13.8
-0.06381 -14.4
-0.06357 -15.0
-0.06332 -15.5
-0.06308 -15.9
-0.06284 -16.3
-0.06259 -16.7
-0.06235 -17.0
-0.0621 -17.3
-0.06186 -17.6
-0.06161 -17.7
-0.06137 -17.9
-0.06113 -18.0
-0.06088 -18.0
-0.06064 -18.0
-0.06039 -17.9
-0.06015 -17.8
-0.05991 -17.7
-0.05966 -17.5
-0.05942 -17.2
-0.05917 -16.9
-0.05893 -16.5
-0.05869 -16.1
-0.05844 -15.6
-0.0582 -15.1
-0.05795 -14.6
-0.05771 -14.0
-0.05746 -13.4
-0.05722 -12.7
-0.05698 -11.9
-0.05673 -11.2
-0.05649 -10.4
-0.05624 -9.6
-0.056 -8.7
-0.05576 -7.8
-0.05551 -6.9
-0.05527 -6.0
-0.05502 -5.0
-0.05478 -4.0
-0.05453 -3.0
-0.05429 -2.0
-0.05405 -1.0
-0.0538 0.0
-0.05356 1.1
-0.05331 2.1
-0.05307 3.1
-0.05283 4.1
-0.05258 5.1
-0.05234 6.2
-0.05209 7.1
-0.05185 8.1
-0.05161 9.0
-0.05136 10.0
-0.05112 10.9
-0.05087 11.7
-0.05063 12.6
-0.05038 13.3
-0.05014 14.1
-0.0499 14.8
-0.04965 15.5
-0.04941 16.1
-0.04916 16.6
-0.04892 17.2
-0.04868 17.6
-0.04843 18.0
-0.04819 18.4
-0.04794 18.7
-0.0477 18.9
-0.04745 19.0
-0.04721 19.1
-0.04697 19.2
-0.04672 19.1
-0.04648 19.0
-0.04623 18.9
-0.04599 18.7
-0.04575 18.4
-0.0455 18.0
-0.04526 17.6
-0.04501 17.1
-0.04477 16.6
-0.04453 16.0
-0.04428 15.3
-0.04404 14.6
-0.04379 13.8
-0.04355 13.0
-0.0433 12.1
-0.04306 11.1
-0.04282 10.2
-0.04257 9.2
-0.04233 8.1
-0.04208 7.0
-0.04184 5.9
-0.0416 4.8
-0.04135 3.6
-0.04111 2.4
-0.04086 1.2
-0.04062 0.0
-0.04037 -1.2
-0.04013 -2.5
-0.03989 -3.7
-0.03964 -4.9
-0.0394 -6.1
-0.03915 -7.3
-0.03891 -8.4
-0.03867 -9.6
-0.03842 -10.7
-0.03818 -11.7
-0.03793 -12.8
-0.03769 -13.7
-0.03745 -14.7
-0.0372 -15.5
-0.03696 -16.4
-0.03671 -17.1
-0.03647 -17.8
-0.03622 -18.4
-0.03598 -19.0
-0.03574 -19.5
-0.03549 -19.9
-0.03525 -20.2
-0.035 -20.4
-0.03476 -20.6
-0.03452 -20.6
-0.03427 -20.6
-0.03403 -20.5
-0.03378 -20.3
-0.03354 -20.0
-0.03329 -19.7
-0.03305 -19.2
-0.03281 -18.6
-0.03256 -18.0
-0.03232 -17.3
-0.03207 -16.5
-0.03183 -15.6
-0.03159 -14.6
-0.03134 -13.6
-0.0311 -12.5
-0.03085 -11.4
-0.03061 -10.1
-0.03036 -8.9
-0.03012 -7.5
-0.02988 -6.1
-0.02963 -4.7
-0.02939 -3.3
-0.02914 -1.8
-0.0289 -0.3
-0.02866 1.2
-0.02841 2.7
-0.02817 4.2
-0.02792 5.7
-0.02768 7.1
-0.02744 8.6
-0.02719 10.0
-0.02695 11.4
-0.0267 12.7
-0.02646 14.0
-0.02621 15.2
-0.02597 16.4
-0.02573 17.4
-0.02548 18.4
-0.02524 19.3
-0.02499 20.1
-0.02475 20.8
-0.02451 21.4
-0.02426 21.9
-0.02402 22.2
-0.02377 22.5
-0.02353 22.6
-0.02328 22.6
-0.02304 22.4
-0.0228 22.2
-0.02255 21.8
-0.02231 21.3
-0.02206 20.6
-0.02182 19.8
-0.02158 18.9
-0.02133 17.9
-0.02109 16.7
-0.02084 15.5
-0.0206 14.1
-0.02036 12.6
-0.02011 11.1
-0.01987 9.4
-0.01962 7.7
-0.01938 5.9
-0.01913 4.1
-0.01889 2.2
-0.01865 0.2
-0.0184 -1.7
-0.01816 -3.7
-0.01791 -5.6
-0.01767 -7.6
-0.01743 -9.5
-0.01718 -11.3
-0.01694 -13.1
-0.01669 -14.9
-0.01645 -16.5
-0.0162 -18.0
-0.01596 -19.5
-0.01572 -20.8
-0.01547 -21.9
-0.01523 -22.9
-0.01498 -23.8
-0.01474 -24.4
-0.0145 -24.9
-0.01425 -25.2
-0.01401 -25.3
-0.01376 -25.2
-0.01352 -24.8
-0.01328 -24.3
-0.01303 -23.5
-0.01279 -22.6
-0.01254 -21.4
-0.0123 -20.0
-0.01205 -18.5
-0.01181 -16.7
-0.01157 -14.8
-0.01132 -12.7
-0.01108 -10.4
-0.01083 -8.0
-0.01059 -5.5
-0.01035 -2.9
-0.0101 -0.2
-0.00986 2.5
-0.00961 5.2
-0.00937 7.9
-0.00912 10.6
-0.00888 13.2
-0.00864 15.7
-0.00839 18.1
-0.00815 20.3
-0.0079 22.4
-0.00766 24.2
-0.00742 25.7
-0.00717 27.0
-0.00693 27.9
-0.00668 28.6
-0.00644 28.8
-0.0062 28.7
-0.00595 28.2
-0.00571 27.4
-0.00546 26.1
-0.00522 24.4
-0.00497 22.3
-0.00473 19.9
-0.00449 17.1
-0.00424 14.0
-0.004 10.6
-0.00375 6.9
-0.00351 3.0
-0.00327 -1.0
-0.00302 -5.1
-0.00278 -9.2
-0.00253 -13.3
-0.00229 -17.1
-0.00204 -20.8
-0.0018 -24.1
-0.00156 -27.0
-0.00131 -29.3
-0.00107 -31.1
-0.00082 -32.1
-0.00058 -32.3
-0.00034 -31.7
-9e-05 -30.3
0.00015 -27.9
0.0004 -24.7
0.00064 -20.6
0.00089 -15.9
0.00113 -10.6
0.00137 -4.9
0.00162 1.0
0.00186 6.9
0.00211 12.5
0.00235 17.7
0.00259 22.1
0.00284 25.6
0.00308 28.0
0.00333 29.2
0.00357 29.1
0.00381 27.7
0.00406 25.1
0.0043 21.4
0.00455 16.9
0.00479 11.6
0.00504 6.0
0.00528 0.4
0.00552 -5.1
0.00577 -10.1
0.00601 -14.3
0.00626 -17.6
0.0065 -19.8
0.00674 -20.8
0.00699 -20.7
0.00723 -19.4
0.00748 -17.2
0.00772 -14.1
0.00797 -10.5
0.00821 -6.5
0.00845 -2.4
0.0087 1.6
0.00894 5.2
0.00919 8.2
0.00943 10.6
0.00967 12.2
0.00992 13.0
0.01016 12.9
0.01041 12.1
0.01065 10.6
0.01089 8.6
0.01114 6.2
0.01138 3.6
0.01163 1.1
0.01187 -1.4
0.01212 -3.6
0.01236 -5.4
0.0126 -6.7
0.01285 -7.5
0.01309 -7.8
0.01334 -7.6
0.01358 -6.9
0.01382 -5.8
0.01407 -4.5
0.01431 -3.0
0.01456 -1.4
0.0148 0.2
0.01505 1.6
0.01529 2.8
0.01553 3.7
0.01578 4.3
0.01602 4.6
0.01627 4.6
0.01651 4.3
0.01675 3.7
0.017 3.0
0.01724 2.1
0.01749 1.1
0.01773 0.2
0.01797 -0.7
0.01822 -1.5
0.01846 -2.1
0.01871 -2.5
0.01895 -2.8
0.0192 -2.8
0.01944 -2.7
0.01968 -2.4
0.01993 -1.9
0.02017 -1.4
0.02042 -0.8
0.02066 -0.3
0.0209 0.3
0.02115 0.8
0.02139 1.2
0.02164 1.5
0.02188 1.6
0.02213 1.7
0.02237 1.6
0.02261 1.5
0.02286 1.2
0.0231 0.9
0.02335 0.6
0.02359 0.2
0.02383 0.0
0.02408 -0.4
0.02432 -0.7
0.02457 -0.9
0.02481 -1.0
0.02505 -1.0
0.0253 -1.0
0.02554 -0.9
0.02579 -0.8
0.02603 -0.6
0.02628 -0.4
0.02652 -0.2
0.02676 0.0
0.02701 0.2
0.02725 0.4
0.0275 0.5
0.02774 0.6
0.02798 0.6
0.02823 0.6
0.02847 0.6
0.02872 0.5
0.02896 0.4
0.02921 0.3
0.02945 0.2
0.02969 0.0
0.02994 0.0
0.03018 -0.2
0.03043 -0.3
0.03067 -0.3
0.03091 -0.4
0.03116 -0.4
0.0314 -0.4
0.03165 -0.3
0.03189 -0.3
0.03214 -0.2
0.03238 -0.1
0.03262 0.0
0.03287 0.0
0.03311 0.1
0.03336 0.2
0.0336 0.2
0.03384 0.2
0.03409 0.2
0.03433 0.2
0.03458 0.2
0.03482 0.2
0.03506 0.1
0.03531 0.0
0.03555 0.0
0.0358 0.0
0.03604 0.0
0.03629 0.0
0.03653 -0.1
0.03677 -0.1
0.03702 -0.1
0.03726 -0.1
0.03751 -0.1
0.03775 -0.1
0.03799 0.0
0.03824 0.0
0.03848 0.0
0.03873 0.0
0.03897 0.0
0.03922 0.0
0.03946 0.0
0.0397 0.0
0.03995 0.0
0.04019 0.0
0.04044 0.0
0.04068 0.0
0.04092 0.0
0.04117 0.0
0.04141 0.0
0.04166 0.0
0.0419 0.0
0.04214 0.0
0.04239 0.0
0.04263 0.0
0.04288 0.0
0.04312 0.0
0.04337 0.0
0.04361 0.0
0.04385 0.0
0.0441 0.0
0.04434 0.0
0.04459 0.0
0.04483 0.0
0.04507 0.0
0.04532 0.0
0.04556 0.0
0.04581 0.0
0.04605 0.0
0.0463 0.0
0.04654 0.0
0.04678 0.0
0.04703 0.0
0.04727 0.0
0.04752 0.0
0.04776 0.0
0.048 0.0
0.04825 0.0
0.04849 0.0
0.04874 0.0
0.04898 0.0
0.04922 0.0
0.04947 0.0
0.04971 0.0
0.04996 0.0
0.0502 0.0
0.05045 0.0
0.05069 0.0
0.05093 0.0
0.05118 0.0
0.05142 0.0
0.05167 0.0
0.05191 0.0
0.05215 0.0
0.0524 0.0
0.05264 0.0
0.05289 0.0
0.05313 0.0
0.05338 0.0
0.05362 0.0
0.05386 0.0
0.05411 0.0
0.05435 0.0
0.0546 0.0
0.05484 0.0
0.05508 0.0
0.05533 0.0
0.05557 0.0
0.05582 0.0
0.05606 0.0
0.0563 0.0
0.05655 0.0
0.05679 0.0
0.05704 0.0
0.05728 0.0
0.05753 0.0
0.05777 0.0
0.05801 0.0
0.05826 0.0
0.0585 0.0
0.05875 0.0
0.05899 0.0
0.05923 0.0
0.05948 0.0
0.05972 0.0
0.05997 0.0
0.06021 0.0
0.06046 0.0
0.0607 0.0
0.06094 0.0
0.06119 0.0
0.06143 0.0
0.06168 0.0
0.06192 0.0
0.06216 0.0
0.06241 0.0
0.06265 0.0
0.0629 0.0
0.06314 0.0
0.06339 0.0
0.06363 0.0
0.06387 0.0
0.06412 0.0
0.06436 0.0
0.06461 0.0
0.06485 0.0
0.06509 0.0
0.06534 0.0
0.06558 0.0
0.06583 0.0
0.06607 0.0
0.06631 0.0
0.06656 0.0
0.0668 0.0
0.06705 0.0
0.06729 0.0
0.06754 0.0
0.06778 0.0
0.06802 0.0
0.06827 0.0
0.06851 0.0
0.06876 0.0
0.069 0.0
0.06924 0.0
0.06949 0.0
0.06973 0.0
0.06998 0.0
0.07022 0.0
0.07047 0.0
0.07071 0.0
0.07095 0.0
0.0712 0.0
0.07144 0.0
0.07169 0.0
0.07193 0.0
0.07217 0.0
0.07242 0.0
0.07266 0.0
0.07291 0.0
0.07315 0.0
0.07339 0.0
0.07364 0.0
0.07388 0.0
0.07413 0.0
0.07437 0.0
0.07462 0.0
0.07486 0.0
0.0751 0.0
0.07535 0.0
0.07559 0.0
0.07584 0.0
0.07608 0.0
0.07632 0.0
0.07657 0.0
0.07681 0.0
0.07706 0.0
0.0773 0.0
0.07755 0.0
0.07779 0.0
0.07803 0.0
0.07828 0.0
0.07852 0.0
0.07877 0.0
0.07901 0.0
0.07925 0.0
0.0795 0.0
0.07974 0.0
0.07999 0.0
0.08023 0.0
0.08047 0.0
0.08072 0.0
0.08096 0.0
0.08121 0.0
0.08145 0.0
0.0817 0.0
0.08194 0.0
0.08218 0.0
0.08243 0.0
0.08267 0.0
0.08292 0.0
0.08316 0.0
0.0834 0.0
0.08365 0.0
0.08389 0.0
0.08414 0.0
0.08438 0.0
0.08463 0.0
0.08487 0.0
0.08511 0.0
0.08536 0.0
0.0856 0.0
0.08585 0.0
0.08609 0.0
0.08633 0.0
0.08658 0.0
0.08682 0.0
0.08707 0.0
0.08731 0.0
0.08755 0.0
0.0878 0.0
0.08804 0.0
0.08829 0.0
0.08853 0.0
0.08878 0.0
0.08902 0.0
0.08926 0.0
0.08951 0.0
0.08975 0.0
0.09 0.0
0.09024 0.0
0.09048 0.0
0.09073 0.0
0.09097 0.0
0.09122 0.0
0.09146 0.0
0.09171 0.0
0.09195 0.0
0.09219 0.0
0.09244 0.0
0.09268 0.0
0.09293 0.0
0.09317 0.0
0.09341 0.0
0.09366 0.0
0.0939 0.0
0.09415 0.0
0.09439 0.0
0.09464 0.0
0.09488 0.0
0.09512 0.0
0.09537 0.0
0.09561 0.0
0.09586 0.0
0.0961 0.0
0.09634 0.0
0.09659 0.0
0.09683 0.0
0.09708 0.0
0.09732 0.0
0.09756 0.0
0.09781 0.0
0.09805 0.0
0.0983 0.0
0.09854 0.0
0.09879 0.0
0.09903 0.0
0.09927 0.0
0.09952 0.0
0.09976 0.0
0.10001 0.0
0.10025 0.0
0.10049 0.0
0.10074 0.0
0.10098 0.0
0.10123 0.0
0.10147 0.0
0.10172 0.0
0.10196 0.0
0.1022 0.0
0.10245 0.0
0.10269 0.0
0.10294 0.0
0.10318 0.0
0.10342 0.0
0.10367 0.0
0.10391 0.0
0.10416 0.0
0.1044 0.0
0.10464 0.0
0.10489 0.0
0.10513 0.0
0.10538 0.0
0.10562 0.0
0.10587 0.0
0.10611 0.0
0.10635 0.0
0.1066 0.0
0.10684 0.0
0.10709 0.0
0.10733 0.0
0.10757 0.0
0.10782 0.0
0.10806 0.0
0.10831 0.0
0.10855 0.0
0.1088 0.0
0.10904 0.0
0.10928 0.0
0.10953 0.0
0.10977 0.0
0.11002 0.0
0.11026 0.0
0.1105 0.0
0.11075 0.0
0.11099 0.0
0.11124 0.0
0.11148 0.0
0.11172 0.0
0.11197 0.0
0.11221 0.0
0.11246 0.0
0.1127 0.0
0.11295 0.0
0.11319 0.0
0.11343 0.0
0.11368 0.0
0.11392 0.0
0.11417 0.0
0.11441 0.0
0.11465 0.0
0.1149 0.0
0.11514 0.0
0.11539 0.0
0.11563 0.0
0.11588 0.0
0.11612 0.0
0.11636 0.0
0.11661 0.0
0.11685 0.0
0.1171 0.0
0.11734 0.0
0.11758 0.0
0.11783 0.0
0.11807 0.0
0.11832 0.0
0.11856 0.0
0.1188 0.0
0.11905 0.0
0.11929 0.0
0.11954 0.0
0.11978 0.0
0.12003 0.0
0.12027 0.0
0.12051 0.0
0.12076 0.0
0.121 0.0
0.12125 0.0
0.12149 0.0
0.12173 0.0
0.12198 0.0
0.12222 0.0
0.12247 0.0
0.12271 0.0
0.12296 0.0
0.1232 0.0
0.12344 0.0
0.12369 0.0
0.12393 0.0
0.12418 0.0
0.12442 0.0
0.12466 0.0
0.12491 0.0
0.12515 0.0
0.1254 0.0
0.12564 0.0
0.12589 0.0
0.12613 0.0
0.12637 0.0
0.12662 0.0
0.12686 0.0
0.12711 0.0
0.12735 0.0
0.12759 0.0
0.12784 0.0
0.12808 0.0
0.12833 0.0
0.12857 0.0
0.12881 0.0
0.12906 0.0
0.1293 0.0
0.12955 0.0
0.12979 0.0
0.13004 0.0
0.13028 0.0
0.13052 0.0
0.13077 0.0
0.13101 0.0
0.13126 0.0
0.1315 0.0
0.13174 0.0
0.13199 0.0
0.13223 0.0
0.13248 0.0
0.13272 0.0
0.13297 0.0
0.13321 0.0
0.13345 0.0
0.1337 0.0
0.13394 0.0
0.13419 0.0
0.13443 0.0
0.13467 0.0
0.13492 0.0
0.13516 0.0
0.13541 0.0
0.13565 0.0
0.13589 0.0
0.13614 0.0
0.13638 0.0
0.13663 0.0
0.13687 0.0
0.13712 0.0
0.13736 0.0
0.1376 0.0
0.13785 0.0
0.13809 0.0
0.13834 0.0
0.13858 0.0
0.13882 0.0
0.13907 0.0
0.13931 0.0
0.13956 0.0
0.1398 0.0
0.14005 0.0
0.14029 0.0
0.14053 0.0
0.14078 0.0
0.14102 0.0
0.14127 0.0
0.14151 0.0
0.14175 0.0
0.142 0.0
0.14224 0.0
0.14249 0.0
0.14273 0.0
0.14297 0.0
0.14322 0.0
0.14346 0.0
0.14371 0.0
0.14395 0.0
0.1442 0.0
0.14444 0.0
0.14468 0.0
0.14493 0.0
0.14517 0.0
0.14542 0.0
0.14566 0.0
0.1459 0.0
0.14615 0.0
0.14639 0.0
0.14664 0.0
0.14688 0.0
0.14713 0.0
0.14737 0.0
0.14761 0.0
0.14786 0.0
0.1481 0.0
0.14835 0.0
0.14859 0.0
0.14883 0.0
0.14908 0.0
0.14932 0.0
0.14957 0.0
0.14981 0.0
0.15005 0.0
0.1503 0.0
0.15054 0.0
0.15079 0.0
0.15103 0.0
0.15128 0.0
0.15152 0.0
0.15176 0.0
0.15201 0.0
0.15225 0.0
0.1525 0.0
0.15274 0.0
0.15298 0.0
0.15323 0.0
0.15347 0.0
0.15372 0.0
0.15396 0.0
0.15421 0.0
0.15445 0.0
0.15469 0.0
0.15494 0.0
0.15518 0.0
0.15543 0.0
0.15567 0.0
0.15591 0.0
0.15616 0.0
0.1564 0.0
0.15665 0.0
0.15689 0.0
0.15714 0.0
0.15738 0.0
0.15762 0.0
0.15787 0.0
0.15811 0.0
0.15836 0.0
0.1586 0.0
0.15884 0.0
0.15909 0.0
0.15933 0.0
0.15958 0.0
0.15982 0.0
0.16006 0.0
0.16031 0.0
0.16055 0.0
0.1608 0.0
0.16104 0.0
0.16129 0.0
0.16153 0.0
0.16177 0.0
0.16202 0.0
0.16226 0.0
0.16251 0.0
0.16275 0.0
0.16299 0.0
0.16324 0.0
0.16348 0.0
0.16373 0.0
0.16397 0.0
0.16422 0.0
0.16446 0.0
0.1647 0.0
0.16495 0.0
0.16519 0.0
0.16544 0.0
0.16568 0.0
0.16592 0.0
0.16617 0.0
0.16641 0.0
0.16666 0.0
0.1669 0.0
0.16714 0.0
0.16739 0.0
0.16763 0.0
0.16788 0.0
0.16812 0.0
0.16837 0.0
0.16861 0.0
0.16885 0.0
0.1691 0.0
0.16934 0.0
0.16959 0.0
0.16983 0.0
0.17007 0.0
0.17032 0.0
0.17056 0.0
0.17081 0.0
0.17105 0.0
0.1713 0.0
0.17154 0.0
0.17178 0.0
0.17203 0.0
0.17227 0.0
0.17252 0.0
0.17276 0.0
0.173 0.0
0.17325 0.0
0.17349 0.0
0.17374 0.0
0.17398 0.0
0.17422 0.0
0.17447 0.0
0.17471 0.0
0.17496 0.0
0.1752 0.0
0.17545 0.0
0.17569 0.0
0.17593 0.0
0.17618 0.0
0.17642 0.0
0.17667 0.0
0.17691 0.0
0.17715 0.0
0.1774 0.0
0.17764 0.0
0.17789 0.0
0.17813 0.0
0.17838 0.0
0.17862 0.0
0.17886 0.0
0.17911 0.0
0.17935 0.0
0.1796 0.0
0.17984 0.0
0.18008 0.0
0.18033 0.0
0.18057 0.0
0.18082 0.0
0.18106 0.0
0.1813 0.0
0.18155 0.0
0.18179 0.0
0.18204 0.0
0.18228 0.0
0.18253 0.0
0.18277 0.0
0.18301 0.0
0.18326 0.0
0.1835 0.0
0.18375 0.0
0.18399 0.0
0.18423 0.0
0.18448 0.0
0.18472 0.0
0.18497 0.0
0.18521 0.0
0.18546 0.0
0.1857 0.0
0.18594 0.0
0.18619 0.0
0.18643 0.0
0.18668 0.0
0.18692 0.0
0.18716 0.0
0.18741 0.0
0.18765 0.0
0.1879 0.0
0.18814 0.0
0.18839 0.0
0.18863 0.0
0.18887 0.0
0.18912 0.0
0.18936 0.0
0.18961 0.0
0.18985 0.0
0.19009 0.0
0.19034 0.0
0.19058 0.0
0.19083 0.0
0.19107 0.0
0.19131 0.0
0.19156 0.0
0.1918 0.0
0.19205 0.0
0.19229 0.0
0.19254 0.0
0.19278 0.0
0.19302 0.0
0.19327 0.0
0.19351 0.0
0.19376 0.0
0.194 0.0
0.19424 0.0
0.19449 0.0
0.19473 0.0
0.19498 0.0
0.19522 0.0
0.19547 0.0
0.19571 0.0
0.19595 0.0
0.1962 0.0
0.19644 0.0
0.19669 0.0
0.19693 0.0
0.19717 0.0
0.19742 0.0
0.19766 0.0
0.19791 0.0
0.19815 0.0
0.19839 0.0
0.19864 0.0
0.19888 0.0
0.19913 0.0
0.19937 0.0
0.19962 0.0
0.19986 0.0
0.2001 0.0
0.20035 0.0
0.20059 0.0
0.20084 0.0
0.20108 0.0
0.20132 0.0
0.20157 0.0
0.20181 0.0
0.20206 0.0
0.2023 0.0
0.20255 0.0
0.20279 0.0
0.20303 0.0
0.20328 0.0
0.20352 0.0
0.20377 0.0
0.20401 0.0
0.20425 0.0
0.2045 0.0
0.20474 0.0
0.20499 0.0
0.20523 0.0
0.20547 0.0
0.20572 0.0
0.20596 0.0
0.20621 0.0
0.20645 0.0
0.2067 0.0
0.20694 0.0
0.20718 0.0
0.20743 0.0
0.20767 0.0
0.20792 0.0
0.20816 0.0
0.2084 0.0
0.20865 0.0
0.20889 0.0
0.20914 0.0
0.20938 0.0
0.20963 0.0
0.20987 0.0
0.21011 0.0
0.21036 0.0
0.2106 0.0
0.21085 0.0
0.21109 0.0
0.21133 0.0
0.21158 0.0
0.21182 0.0
0.21207 0.0
0.21231 0.0
0.21255 0.0
0.2128 0.0
0.21304 0.0
0.21329 0.0
0.21353 0.0
0.21378 0.0
0.21402 0.0
0.21426 0.0
0.21451 0.0
0.21475 0.0
0.215 0.0
0.21524 0.0
0.21548 0.0
0.21573 0.0
0.21597 0.0
0.21622 0.0
0.21646 0.0
0.21671 0.0
0.21695 0.0
0.21719 0.0
0.21744 0.0
0.21768 0.0
0.21793 0.0
0.21817 0.0
0.21841 0.0
0.21866 0.0
0.2189 0.0
0.21915 0.0
0.21939 0.0
0.21964 0.0
0.21988 0.0
0.22012 0.0
0.22037 0.0
0.22061 0.0
0.22086 0.0
0.2211 0.0
0.22134 0.0
0.22159 0.0
0.22183 0.0
0.22208 0.0
0.22232 0.0
0.22256 0.0
0.22281 0.0
0.22305 0.0
0.2233 0.0
0.22354 0.0
0.22379 0.0
0.22403 0.0
0.22427 0.0
0.22452 0.0
0.22476 0.0
0.22501 0.0
0.22525 0.0
0.22549 0.0
0.22574 0.0
0.22598 0.0
0.22623 0.0
0.22647 0.0
0.22672 0.0
0.22696 0.0
0.2272 0.0
0.22745 0.0
0.22769 0.0
0.22794 0.0
0.22818 0.0
0.22842 0.0
0.22867 0.0
0.22891 0.0
0.22916 0.0
0.2294 0.0
0.22964 0.0
0.22989 0.0
0.23013 0.0
0.23038 0.0
0.23062 0.0
0.23087 0.0
0.23111 0.0
0.23135 0.0
0.2316 0.0
0.23184 0.0
0.23209 0.0
0.23233 0.0
0.23257 0.0
0.23282 0.0
0.23306 0.0
0.23331 0.0
0.23355 0.0
0.2338 0.0
0.23404 0.0
0.23428 0.0
0.23453 0.0
0.23477 0.0
0.23502 0.0
0.23526 0.0
0.2355 0.0
0.23575 0.0
0.23599 0.0
0.23624 0.0
0.23648 0.0
0.23672 0.0
0.23697 0.0
0.23721 0.0
0.23746 0.0
0.2377 0.0
0.23795 0.0
0.23819 0.0
0.23843 0.0
0.23868 0.0
0.23892 0.0
0.23917 0.0
0.23941 0.0
0.23965 0.0
0.2399 0.0
0.24014 0.0
0.24039 0.0
0.24063 0.0
0.24088 0.0
0.24112 0.0
0.24136 0.0
