t strain*1e23
-0.59286 -7.1
-0.59262 -7.0
-0.59238 -6.9
-0.59213 -6.8
-0.59189 -6.7
-0.59164 -6.6
-0.5914 -6.5
-0.59116 -6.4
-0.59091 -6.2
-0.59067 -6.1
-0.59042 -6.0
-0.59018 -5.8
-0.58994 -5.6
-0.58969 -5.4
-0.58945 -5.3
-0.5892 -5.1
-0.58896 -4.9
-0.58871 -4.6
-0.58847 -4.4
-0.58823 -4.2
-0.58798 -4.0
-0.58774 -3.7
-0.58749 -3.5
-0.58725 -3.3
-0.58701 -3.0
-0.58676 -2.7
-0.58652 -2.5
-0.58627 -2.2
-0.58603 -2.0
-0.58578 -1.7
-0.58554 -1.4
-0.5853 -1.1
-0.58505 -0.9
-0.58481 -0.6
-0.58456 -0.3
-0.58432 0.0
-0.58408 0.3
-0.58383 0.5
-0.58359 0.8
-0.58334 1.1
-0.5831 1.4
-0.58286 1.6
-0.58261 1.9
-0.58237 2.2
-0.58212 2.4
-0.58188 2.7
-0.58163 3.0
-0.58139 3.2
-0.58115 3.5
-0.5809 3.7
-0.58066 4.0
-0.58041 4.2
-0.58017 4.4
-0.57993 4.6
-0.57968 4.8
-0.57944 5.1
-0.57919 5.2
-0.57895 5.4
-0.5787 5.6
-0.57846 5.8
-0.57822 6.0
-0.57797 6.1
-0.57773 6.3
-0.57748 6.4
-0.57724 6.5
-0.577 6.7
-0.57675 6.8
-0.57651 6.9
-0.57626 7.0
-0.57602 7.0
-0.57578 7.1
-0.57553 7.2
-0.57529 7.2
-0.57504 7.2
-0.5748 7.3
-0.57455 7.3
-0.57431 7.3
-0.57407 7.3
-0.57382 7.3
-0.57358 7.2
-0.57333 7.2
-0.57309 7.1
-0.57285 7.1
-0.5726 7.0
-0.57236 6.9
-0.57211 6.8
-0.57187 6.7
-0.57162 6.6
-0.57138 6.5
-0.57114 6.3
-0.57089 6.2
-0.57065 6.0
-0.5704 5.9
-0.57016 5.7
-0.56992 5.5
-0.56967 5.3
-0.56943 5.1
-0.56918 4.9
-0.56894 4.7
-0.5687 4.5
-0.56845 4.3
-0.56821 4.0
-0.56796 3.8
-0.56772 3.6
-0.56747 3.3
-0.56723 3.1
-0.56699 2.8
-0.56674 2.5
-0.5665 2.3
-0.56625 2.0
-0.56601 1.7
-0.56577 1.4
-0.56552 1.2
-0.56528 0.9
-0.56503 0.6
-0.56479 0.3
-0.56454 0.0
-0.5643 -0.3
-0.56406 -0.5
-0.56381 -0.8
-0.56357 -1.1
-0.56332 -1.4
-0.56308 -1.7
-0.56284 -1.9
-0.56259 -2.2
-0.56235 -2.5
-0.5621 -2.8
-0.56186 -3.0
-0.56161 -3.3
-0.56137 -3.5
-0.56113 -3.8
-0.56088 -4.0
-0.56064 -4.3
-0.56039 -4.5
-0.56015 -4.7
-0.55991 -4.9
-0.55966 -5.1
-0.55942 -5.3
-0.55917 -5.5
-0.55893 -5.7
-0.55869 -5.9
-0.55844 -6.1
-0.5582 -6.2
-0.55795 -6.4
-0.55771 -6.5
-0.55746 -6.6
-0.55722 -6.7
-0.55698 -6.9
-0.55673 -6.9
-0.55649 -7.0
-0.55624 -7.1
-0.556 -7.2
-0.55576 -7.2
-0.55551 -7.3
-0.55527 -7.3
-0.55502 -7.3
-0.55478 -7.3
-0.55453 -7.3
-0.55429 -7.3
-0.55405 -7.3
-0.5538 -7.3
-0.55356 -7.2
-0.55331 -7.2
-0.55307 -7.1
-0.55283 -7.0
-0.55258 -6.9
-0.55234 -6.8
-0.55209 -6.7
-0.55185 -6.6
-0.55161 -6.4
-0.55136 -6.3
-0.55112 -6.1
-0.55087 -6.0
-0.55063 -5.8
-0.55038 -5.6
-0.55014 -5.4
-0.5499 -5.2
-0.54965 -5.0
-0.54941 -4.8
-0.54916 -4.6
-0.54892 -4.4
-0.54868 -4.1
-0.54843 -3.9
-0.54819 -3.6
-0.54794 -3.4
-0.5477 -3.1
-0.54745 -2.9
-0.54721 -2.6
-0.54697 -2.3
-0.54672 -2.0
-0.54648 -1.8
-0.54623 -1.5
-0.54599 -1.2
-0.54575 -0.9
-0.5455 -0.6
-0.54526 -0.3
-0.54501 0.0
-0.54477 0.3
-0.54453 0.5
-0.54428 0.8
-0.54404 1.1
-0.54379 1.4
-0.54355 1.7
-0.5433 2.0
-0.54306 2.3
-0.54282 2.5
-0.54257 2.8
-0.54233 3.1
-0.54208 3.3
-0.54184 3.6
-0.5416 3.8
-0.54135 4.1
-0.54111 4.3
-0.54086 4.6
-0.54062 4.8
-0.54037 5.0
-0.54013 5.2
-0.53989 5.4
-0.53964 5.6
-0.5394 5.8
-0.53915 6.0
-0.53891 6.1
-0.53867 6.3
-0.53842 6.5
-0.53818 6.6
-0.53793 6.7
-0.53769 6.8
-0.53745 6.9
-0.5372 7.0
-0.53696 7.1
-0.53671 7.2
-0.53647 7.3
-0.53622 7.3
-0.53598 7.3
-0.53574 7.4
-0.53549 7.4
-0.53525 7.4
-0.535 7.4
-0.53476 7.4
-0.53452 7.3
-0.53427 7.3
-0.53403 7.2
-0.53378 7.2
-0.53354 7.1
-0.53329 7.0
-0.53305 6.9
-0.53281 6.8
-0.53256 6.7
-0.53232 6.5
-0.53207 6.4
-0.53183 6.3
-0.53159 6.1
-0.53134 5.9
-0.5311 5.7
-0.53085 5.5
-0.53061 5.3
-0.53036 5.1
-0.53012 4.9
-0.52988 4.7
-0.52963 4.5
-0.52939 4.2
-0.52914 4.0
-0.5289 3.7
-0.52866 3.5
-0.52841 3.2
-0.52817 2.9
-0.52792 2.7
-0.52768 2.4
-0.52744 2.1
-0.52719 1.8
-0.52695 1.5
-0.5267 1.2
-0.52646 0.9
-0.52621 0.7
-0.52597 0.4
-0.52573 0.0
-0.52548 -0.2
-0.52524 -0.5
-0.52499 -0.8
-0.52475 -1.1
-0.52451 -1.4
-0.52426 -1.7
-0.52402 -2.0
-0.52377 -2.3
-0.52353 -2.6
-0.52328 -2.8
-0.52304 -3.1
-0.5228 -3.4
-0.52255 -3.6
-0.52231 -3.9
-0.52206 -4.2
-0.52182 -4.4
-0.52158 -4.6
-0.52133 -4.9
-0.52109 -5.1
-0.52084 -5.3
-0.5206 -5.5
-0.52036 -5.7
-0.52011 -5.9
-0.51987 -6.1
-0.51962 -6.2
-0.51938 -6.4
-0.51913 -6.5
-0.51889 -6.7
-0.51865 -6.8
-0.5184 -6.9
-0.51816 -7.0
-0.51791 -7.1
-0.51767 -7.2
-0.51743 -7.3
-0.51718 -7.3
-0.51694 -7.4
-0.51669 -7.4
-0.51645 -7.4
-0.5162 -7.5
-0.51596 -7.5
-0.51572 -7.4
-0.51547 -7.4
-0.51523 -7.4
-0.51498 -7.3
-0.51474 -7.3
-0.5145 -7.2
-0.51425 -7.1
-0.51401 -7.0
-0.51376 -6.9
-0.51352 -6.8
-0.51328 -6.7
-0.51303 -6.5
-0.51279 -6.4
-0.51254 -6.2
-0.5123 -6.0
-0.51205 -5.9
-0.51181 -5.7
-0.51157 -5.5
-0.51132 -5.2
-0.51108 -5.0
-0.51083 -4.8
-0.51059 -4.6
-0.51035 -4.3
-0.5101 -4.1
-0.50986 -3.8
-0.50961 -3.6
-0.50937 -3.3
-0.50912 -3.0
-0.50888 -2.7
-0.50864 -2.5
-0.50839 -2.2
-0.50815 -1.9
-0.5079 -1.6
-0.50766 -1.3
-0.50742 -1.0
-0.50717 -0.7
-0.50693 -0.4
-0.50668 0.0
-0.50644 0.2
-0.5062 0.5
-0.50595 0.8
-0.50571 1.1
-0.50546 1.4
-0.50522 1.7
-0.50497 2.0
-0.50473 2.3
-0.50449 2.6
-0.50424 2.9
-0.504 3.2
-0.50375 3.4
-0.50351 3.7
-0.50327 4.0
-0.50302 4.2
-0.50278 4.5
-0.50253 4.7
-0.50229 4.9
-0.50204 5.2
-0.5018 5.4
-0.50156 5.6
-0.50131 5.8
-0.50107 6.0
-0.50082 6.2
-0.50058 6.3
-0.50034 6.5
-0.50009 6.6
-0.49985 6.8
-0.4996 6.9
-0.49936 7.0
-0.49911 7.1
-0.49887 7.2
-0.49863 7.3
-0.49838 7.4
-0.49814 7.4
-0.49789 7.5
-0.49765 7.5
-0.49741 7.5
-0.49716 7.5
-0.49692 7.5
-0.49667 7.5
-0.49643 7.5
-0.49619 7.4
-0.49594 7.4
-0.4957 7.3
-0.49545 7.2
-0.49521 7.1
-0.49496 7.0
-0.49472 6.9
-0.49448 6.8
-0.49423 6.6
-0.49399 6.5
-0.49374 6.3
-0.4935 6.1
-0.49326 6.0
-0.49301 5.8
-0.49277 5.6
-0.49252 5.4
-0.49228 5.1
-0.49203 4.9
-0.49179 4.7
-0.49155 4.4
-0.4913 4.2
-0.49106 3.9
-0.49081 3.6
-0.49057 3.4
-0.49033 3.1
-0.49008 2.8
-0.48984 2.5
-0.48959 2.2
-0.48935 1.9
-0.48911 1.6
-0.48886 1.3
-0.48862 1.0
-0.48837 0.7
-0.48813 0.4
-0.48788 0.0
-0.48764 -0.2
-0.4874 -0.5
-0.48715 -0.8
-0.48691 -1.1
-0.48666 -1.4
-0.48642 -1.8
-0.48618 -2.1
-0.48593 -2.3
-0.48569 -2.6
-0.48544 -2.9
-0.4852 -3.2
-0.48495 -3.5
-0.48471 -3.8
-0.48447 -4.0
-0.48422 -4.3
-0.48398 -4.5
-0.48373 -4.8
-0.48349 -5.0
-0.48325 -5.3
-0.483 -5.5
-0.48276 -5.7
-0.48251 -5.9
-0.48227 -6.1
-0.48203 -6.3
-0.48178 -6.4
-0.48154 -6.6
-0.48129 -6.7
-0.48105 -6.9
-0.4808 -7.0
-0.48056 -7.1
-0.48032 -7.2
-0.48007 -7.3
-0.47983 -7.4
-0.47958 -7.5
-0.47934 -7.5
-0.4791 -7.5
-0.47885 -7.6
-0.47861 -7.6
-0.47836 -7.6
-0.47812 -7.6
-0.47787 -7.5
-0.47763 -7.5
-0.47739 -7.5
-0.47714 -7.4
-0.4769 -7.3
-0.47665 -7.2
-0.47641 -7.1
-0.47617 -7.0
-0.47592 -6.9
-0.47568 -6.7
-0.47543 -6.6
-0.47519 -6.4
-0.47495 -6.3
-0.4747 -6.1
-0.47446 -5.9
-0.47421 -5.7
-0.47397 -5.5
-0.47372 -5.2
-0.47348 -5.0
-0.47324 -4.8
-0.47299 -4.5
-0.47275 -4.3
-0.4725 -4.0
-0.47226 -3.7
-0.47202 -3.5
-0.47177 -3.2
-0.47153 -2.9
-0.47128 -2.6
-0.47104 -2.3
-0.47079 -2.0
-0.47055 -1.7
-0.47031 -1.4
-0.47006 -1.1
-0.46982 -0.7
-0.46957 -0.4
-0.46933 -0.1
-0.46909 0.2
-0.46884 0.5
-0.4686 0.8
-0.46835 1.2
-0.46811 1.5
-0.46786 1.8
-0.46762 2.1
-0.46738 2.4
-0.46713 2.7
-0.46689 3.0
-0.46664 3.3
-0.4664 3.6
-0.46616 3.8
-0.46591 4.1
-0.46567 4.4
-0.46542 4.6
-0.46518 4.9
-0.46494 5.1
-0.46469 5.4
-0.46445 5.6
-0.4642 5.8
-0.46396 6.0
-0.46371 6.2
-0.46347 6.4
-0.46323 6.5
-0.46298 6.7
-0.46274 6.8
-0.46249 7.0
-0.46225 7.1
-0.46201 7.2
-0.46176 7.3
-0.46152 7.4
-0.46127 7.5
-0.46103 7.5
-0.46078 7.6
-0.46054 7.6
-0.4603 7.6
-0.46005 7.7
-0.45981 7.6
-0.45956 7.6
-0.45932 7.6
-0.45908 7.5
-0.45883 7.5
-0.45859 7.4
-0.45834 7.3
-0.4581 7.2
-0.45786 7.1
-0.45761 7.0
-0.45737 6.9
-0.45712 6.7
-0.45688 6.6
-0.45663 6.4
-0.45639 6.2
-0.45615 6.0
-0.4559 5.8
-0.45566 5.6
-0.45541 5.4
-0.45517 5.1
-0.45493 4.9
-0.45468 4.6
-0.45444 4.4
-0.45419 4.1
-0.45395 3.8
-0.4537 3.5
-0.45346 3.2
-0.45322 3.0
-0.45297 2.7
-0.45273 2.3
-0.45248 2.0
-0.45224 1.7
-0.452 1.4
-0.45175 1.1
-0.45151 0.8
-0.45126 0.4
-0.45102 0.1
-0.45078 -0.2
-0.45053 -0.5
-0.45029 -0.9
-0.45004 -1.2
-0.4498 -1.5
-0.44955 -1.8
-0.44931 -2.1
-0.44907 -2.4
-0.44882 -2.7
-0.44858 -3.0
-0.44833 -3.3
-0.44809 -3.6
-0.44785 -3.9
-0.4476 -4.2
-0.44736 -4.5
-0.44711 -4.7
-0.44687 -5.0
-0.44662 -5.2
-0.44638 -5.5
-0.44614 -5.7
-0.44589 -5.9
-0.44565 -6.1
-0.4454 -6.3
-0.44516 -6.5
-0.44492 -6.7
-0.44467 -6.8
-0.44443 -7.0
-0.44418 -7.1
-0.44394 -7.2
-0.4437 -7.3
-0.44345 -7.4
-0.44321 -7.5
-0.44296 -7.6
-0.44272 -7.6
-0.44247 -7.7
-0.44223 -7.7
-0.44199 -7.7
-0.44174 -7.7
-0.4415 -7.7
-0.44125 -7.7
-0.44101 -7.6
-0.44077 -7.6
-0.44052 -7.5
-0.44028 -7.4
-0.44003 -7.3
-0.43979 -7.2
-0.43954 -7.1
-0.4393 -7.0
-0.43906 -6.8
-0.43881 -6.7
-0.43857 -6.5
-0.43832 -6.3
-0.43808 -6.1
-0.43784 -5.9
-0.43759 -5.7
-0.43735 -5.5
-0.4371 -5.2
-0.43686 -5.0
-0.43661 -4.7
-0.43637 -4.5
-0.43613 -4.2
-0.43588 -3.9
-0.43564 -3.6
-0.43539 -3.3
-0.43515 -3.0
-0.43491 -2.7
-0.43466 -2.4
-0.43442 -2.1
-0.43417 -1.8
-0.43393 -1.4
-0.43369 -1.1
-0.43344 -0.8
-0.4332 -0.5
-0.43295 -0.1
-0.43271 0.2
-0.43246 0.5
-0.43222 0.9
-0.43198 1.2
-0.43173 1.5
-0.43149 1.9
-0.43124 2.2
-0.431 2.5
-0.43076 2.8
-0.43051 3.1
-0.43027 3.4
-0.43002 3.7
-0.42978 4.0
-0.42953 4.3
-0.42929 4.6
-0.42905 4.8
-0.4288 5.1
-0.42856 5.3
-0.42831 5.6
-0.42807 5.8
-0.42783 6.0
-0.42758 6.2
-0.42734 6.4
-0.42709 6.6
-0.42685 6.8
-0.42661 6.9
-0.42636 7.1
-0.42612 7.2
-0.42587 7.3
-0.42563 7.4
-0.42538 7.5
-0.42514 7.6
-0.4249 7.7
-0.42465 7.7
-0.42441 7.8
-0.42416 7.8
-0.42392 7.8
-0.42368 7.8
-0.42343 7.8
-0.42319 7.7
-0.42294 7.7
-0.4227 7.6
-0.42245 7.5
-0.42221 7.4
-0.42197 7.3
-0.42172 7.2
-0.42148 7.1
-0.42123 6.9
-0.42099 6.8
-0.42075 6.6
-0.4205 6.4
-0.42026 6.2
-0.42001 6.0
-0.41977 5.8
-0.41953 5.6
-0.41928 5.3
-0.41904 5.1
-0.41879 4.8
-0.41855 4.5
-0.4183 4.3
-0.41806 4.0
-0.41782 3.7
-0.41757 3.4
-0.41733 3.1
-0.41708 2.8
-0.41684 2.4
-0.4166 2.1
-0.41635 1.8
-0.41611 1.5
-0.41586 1.1
-0.41562 0.8
-0.41537 0.4
-0.41513 0.1
-0.41489 -0.2
-0.41464 -0.6
-0.4144 -0.9
-0.41415 -1.2
-0.41391 -1.6
-0.41367 -1.9
-0.41342 -2.2
-0.41318 -2.6
-0.41293 -2.9
-0.41269 -3.2
-0.41245 -3.5
-0.4122 -3.8
-0.41196 -4.1
-0.41171 -4.4
-0.41147 -4.7
-0.41122 -4.9
-0.41098 -5.2
-0.41074 -5.5
-0.41049 -5.7
-0.41025 -5.9
-0.41 -6.1
-0.40976 -6.4
-0.40952 -6.6
-0.40927 -6.7
-0.40903 -6.9
-0.40878 -7.1
-0.40854 -7.2
-0.40829 -7.3
-0.40805 -7.5
-0.40781 -7.6
-0.40756 -7.6
-0.40732 -7.7
-0.40707 -7.8
-0.40683 -7.8
-0.40659 -7.9
-0.40634 -7.9
-0.4061 -7.9
-0.40585 -7.9
-0.40561 -7.8
-0.40536 -7.8
-0.40512 -7.7
-0.40488 -7.6
-0.40463 -7.6
-0.40439 -7.4
-0.40414 -7.3
-0.4039 -7.2
-0.40366 -7.0
-0.40341 -6.9
-0.40317 -6.7
-0.40292 -6.5
-0.40268 -6.3
-0.40244 -6.1
-0.40219 -5.9
-0.40195 -5.7
-0.4017 -5.4
-0.40146 -5.2
-0.40121 -4.9
-0.40097 -4.6
-0.40073 -4.3
-0.40048 -4.0
-0.40024 -3.7
-0.39999 -3.4
-0.39975 -3.1
-0.39951 -2.8
-0.39926 -2.5
-0.39902 -2.1
-0.39877 -1.8
-0.39853 -1.4
-0.39828 -1.1
-0.39804 -0.8
-0.3978 -0.4
-0.39755 0.0
-0.39731 0.3
-0.39706 0.6
-0.39682 1.0
-0.39658 1.3
-0.39633 1.7
-0.39609 2.0
-0.39584 2.3
-0.3956 2.7
-0.39536 3.0
-0.39511 3.3
-0.39487 3.6
-0.39462 3.9
-0.39438 4.2
-0.39413 4.5
-0.39389 4.8
-0.39365 5.1
-0.3934 5.4
-0.39316 5.6
-0.39291 5.9
-0.39267 6.1
-0.39243 6.3
-0.39218 6.5
-0.39194 6.7
-0.39169 6.9
-0.39145 7.1
-0.3912 7.2
-0.39096 7.4
-0.39072 7.5
-0.39047 7.6
-0.39023 7.7
-0.38998 7.8
-0.38974 7.8
-0.3895 7.9
-0.38925 7.9
-0.38901 7.9
-0.38876 7.9
-0.38852 7.9
-0.38828 7.9
-0.38803 7.9
-0.38779 7.8
-0.38754 7.7
-0.3873 7.6
-0.38705 7.5
-0.38681 7.4
-0.38657 7.3
-0.38632 7.1
-0.38608 7.0
-0.38583 6.8
-0.38559 6.6
-0.38535 6.4
-0.3851 6.2
-0.38486 6.0
-0.38461 5.7
-0.38437 5.5
-0.38412 5.2
-0.38388 4.9
-0.38364 4.7
-0.38339 4.4
-0.38315 4.1
-0.3829 3.8
-0.38266 3.4
-0.38242 3.1
-0.38217 2.8
-0.38193 2.4
-0.38168 2.1
-0.38144 1.8
-0.3812 1.4
-0.38095 1.1
-0.38071 0.7
-0.38046 0.3
-0.38022 0.0
-0.37997 -0.4
-0.37973 -0.7
-0.37949 -1.1
-0.37924 -1.4
-0.379 -1.8
-0.37875 -2.1
-0.37851 -2.5
-0.37827 -2.8
-0.37802 -3.1
-0.37778 -3.5
-0.37753 -3.8
-0.37729 -4.1
-0.37704 -4.4
-0.3768 -4.7
-0.37656 -5.0
-0.37631 -5.3
-0.37607 -5.5
-0.37582 -5.8
-0.37558 -6.0
-0.37534 -6.3
-0.37509 -6.5
-0.37485 -6.7
-0.3746 -6.9
-0.37436 -7.1
-0.37411 -7.2
-0.37387 -7.4
-0.37363 -7.5
-0.37338 -7.6
-0.37314 -7.7
-0.37289 -7.8
-0.37265 -7.9
-0.37241 -8.0
-0.37216 -8.0
-0.37192 -8.0
-0.37167 -8.0
-0.37143 -8.0
-0.37119 -8.0
-0.37094 -8.0
-0.3707 -7.9
-0.37045 -7.8
-0.37021 -7.7
-0.36996 -7.6
-0.36972 -7.5
-0.36948 -7.4
-0.36923 -7.2
-0.36899 -7.1
-0.36874 -6.9
-0.3685 -6.7
-0.36826 -6.5
-0.36801 -6.3
-0.36777 -6.0
-0.36752 -5.8
-0.36728 -5.5
-0.36703 -5.3
-0.36679 -5.0
-0.36655 -4.7
-0.3663 -4.4
-0.36606 -4.1
-0.36581 -3.8
-0.36557 -3.4
-0.36533 -3.1
-0.36508 -2.8
-0.36484 -2.4
-0.36459 -2.1
-0.36435 -1.7
-0.36411 -1.3
-0.36386 -1.0
-0.36362 -0.6
-0.36337 -0.3
-0.36313 0.1
-0.36288 0.5
-0.36264 0.8
-0.3624 1.2
-0.36215 1.6
-0.36191 1.9
-0.36166 2.3
-0.36142 2.6
-0.36118 3.0
-0.36093 3.3
-0.36069 3.7
-0.36044 4.0
-0.3602 4.3
-0.35995 4.6
-0.35971 4.9
-0.35947 5.2
-0.35922 5.5
-0.35898 5.7
-0.35873 6.0
-0.35849 6.2
-0.35825 6.5
-0.358 6.7
-0.35776 6.9
-0.35751 7.1
-0.35727 7.2
-0.35703 7.4
-0.35678 7.5
-0.35654 7.7
-0.35629 7.8
-0.35605 7.9
-0.3558 8.0
-0.35556 8.0
-0.35532 8.1
-0.35507 8.1
-0.35483 8.1
-0.35458 8.1
-0.35434 8.1
-0.3541 8.0
-0.35385 8.0
-0.35361 7.9
-0.35336 7.8
-0.35312 7.7
-0.35287 7.6
-0.35263 7.5
-0.35239 7.3
-0.35214 7.1
-0.3519 7.0
-0.35165 6.8
-0.35141 6.5
-0.35117 6.3
-0.35092 6.1
-0.35068 5.8
-0.35043 5.6
-0.35019 5.3
-0.34995 5.0
-0.3497 4.7
-0.34946 4.4
-0.34921 4.1
-0.34897 3.7
-0.34872 3.4
-0.34848 3.0
-0.34824 2.7
-0.34799 2.3
-0.34775 2.0
-0.3475 1.6
-0.34726 1.2
-0.34702 0.9
-0.34677 0.5
-0.34653 0.1
-0.34628 -0.3
-0.34604 -0.6
-0.34579 -1.0
-0.34555 -1.4
-0.34531 -1.8
-0.34506 -2.1
-0.34482 -2.5
-0.34457 -2.8
-0.34433 -3.2
-0.34409 -3.5
-0.34384 -3.9
-0.3436 -4.2
-0.34335 -4.5
-0.34311 -4.8
-0.34286 -5.1
-0.34262 -5.4
-0.34238 -5.7
-0.34213 -6.0
-0.34189 -6.2
-0.34164 -6.5
-0.3414 -6.7
-0.34116 -6.9
-0.34091 -7.1
-0.34067 -7.3
-0.34042 -7.4
-0.34018 -7.6
-0.33994 -7.7
-0.33969 -7.9
-0.33945 -8.0
-0.3392 -8.0
-0.33896 -8.1
-0.33871 -8.2
-0.33847 -8.2
-0.33823 -8.2
-0.33798 -8.2
-0.33774 -8.2
-0.33749 -8.1
-0.33725 -8.1
-0.33701 -8.0
-0.33676 -7.9
-0.33652 -7.8
-0.33627 -7.7
-0.33603 -7.5
-0.33578 -7.4
-0.33554 -7.2
-0.3353 -7.0
-0.33505 -6.8
-0.33481 -6.6
-0.33456 -6.3
-0.33432 -6.1
-0.33408 -5.8
-0.33383 -5.6
-0.33359 -5.3
-0.33334 -5.0
-0.3331 -4.7
-0.33286 -4.3
-0.33261 -4.0
-0.33237 -3.7
-0.33212 -3.3
-0.33188 -3.0
-0.33163 -2.6
-0.33139 -2.2
-0.33115 -1.8
-0.3309 -1.5
-0.33066 -1.1
-0.33041 -0.7
-0.33017 -0.3
-0.32993 0.0
-0.32968 0.5
-0.32944 0.8
-0.32919 1.2
-0.32895 1.6
-0.3287 2.0
-0.32846 2.4
-0.32822 2.7
-0.32797 3.1
-0.32773 3.5
-0.32748 3.8
-0.32724 4.1
-0.327 4.5
-0.32675 4.8
-0.32651 5.1
-0.32626 5.4
-0.32602 5.7
-0.32578 6.0
-0.32553 6.2
-0.32529 6.5
-0.32504 6.7
-0.3248 6.9
-0.32455 7.2
-0.32431 7.3
-0.32407 7.5
-0.32382 7.7
-0.32358 7.8
-0.32333 7.9
-0.32309 8.0
-0.32285 8.1
-0.3226 8.2
-0.32236 8.2
-0.32211 8.3
-0.32187 8.3
-0.32162 8.3
-0.32138 8.3
-0.32114 8.2
-0.32089 8.2
-0.32065 8.1
-0.3204 8.0
-0.32016 7.9
-0.31992 7.7
-0.31967 7.6
-0.31943 7.4
-0.31918 7.2
-0.31894 7.0
-0.3187 6.8
-0.31845 6.6
-0.31821 6.3
-0.31796 6.1
-0.31772 5.8
-0.31747 5.5
-0.31723 5.2
-0.31699 4.9
-0.31674 4.6
-0.3165 4.2
-0.31625 3.9
-0.31601 3.5
-0.31577 3.2
-0.31552 2.8
-0.31528 2.4
-0.31503 2.0
-0.31479 1.7
-0.31454 1.3
-0.3143 0.9
-0.31406 0.5
-0.31381 0.0
-0.31357 -0.3
-0.31332 -0.7
-0.31308 -1.1
-0.31284 -1.5
-0.31259 -1.9
-0.31235 -2.3
-0.3121 -2.7
-0.31186 -3.1
-0.31161 -3.4
-0.31137 -3.8
-0.31113 -4.1
-0.31088 -4.5
-0.31064 -4.8
-0.31039 -5.1
-0.31015 -5.4
-0.30991 -5.7
-0.30966 -6.0
-0.30942 -6.3
-0.30917 -6.6
-0.30893 -6.8
-0.30869 -7.0
-0.30844 -7.2
-0.3082 -7.4
-0.30795 -7.6
-0.30771 -7.8
-0.30746 -7.9
-0.30722 -8.0
-0.30698 -8.1
-0.30673 -8.2
-0.30649 -8.3
-0.30624 -8.4
-0.306 -8.4
-0.30576 -8.4
-0.30551 -8.4
-0.30527 -8.4
-0.30502 -8.3
-0.30478 -8.2
-0.30453 -8.1
-0.30429 -8.0
-0.30405 -7.9
-0.3038 -7.8
-0.30356 -7.6
-0.30331 -7.4
-0.30307 -7.2
-0.30283 -7.0
-0.30258 -6.8
-0.30234 -6.5
-0.30209 -6.3
-0.30185 -6.0
-0.30161 -5.7
-0.30136 -5.4
-0.30112 -5.1
-0.30087 -4.8
-0.30063 -4.4
-0.30038 -4.1
-0.30014 -3.7
-0.2999 -3.3
-0.29965 -3.0
-0.29941 -2.6
-0.29916 -2.2
-0.29892 -1.8
-0.29868 -1.4
-0.29843 -1.0
-0.29819 -0.6
-0.29794 -0.2
-0.2977 0.3
-0.29745 0.7
-0.29721 1.1
-0.29697 1.5
-0.29672 1.9
-0.29648 2.3
-0.29623 2.7
-0.29599 3.1
-0.29575 3.4
-0.2955 3.8
-0.29526 4.2
-0.29501 4.5
-0.29477 4.9
-0.29453 5.2
-0.29428 5.5
-0.29404 5.8
-0.29379 6.1
-0.29355 6.4
-0.2933 6.7
-0.29306 6.9
-0.29282 7.2
-0.29257 7.4
-0.29233 7.6
-0.29208 7.7
-0.29184 7.9
-0.2916 8.0
-0.29135 8.2
-0.29111 8.3
-0.29086 8.4
-0.29062 8.4
-0.29037 8.5
-0.29013 8.5
-0.28989 8.5
-0.28964 8.5
-0.2894 8.4
-0.28915 8.4
-0.28891 8.3
-0.28867 8.2
-0.28842 8.1
-0.28818 7.9
-0.28793 7.8
-0.28769 7.6
-0.28745 7.4
-0.2872 7.2
-0.28696 7.0
-0.28671 6.7
-0.28647 6.5
-0.28622 6.2
-0.28598 5.9
-0.28574 5.6
-0.28549 5.2
-0.28525 4.9
-0.285 4.6
-0.28476 4.2
-0.28452 3.8
-0.28427 3.4
-0.28403 3.1
-0.28378 2.7
-0.28354 2.3
-0.28329 1.8
-0.28305 1.4
-0.28281 1.0
-0.28256 0.6
-0.28232 0.2
-0.28207 -0.2
-0.28183 -0.7
-0.28159 -1.1
-0.28134 -1.5
-0.2811 -1.9
-0.28085 -2.3
-0.28061 -2.7
-0.28036 -3.1
-0.28012 -3.5
-0.27988 -3.9
-0.27963 -4.3
-0.27939 -4.7
-0.27914 -5.0
-0.2789 -5.3
-0.27866 -5.7
-0.27841 -6.0
-0.27817 -6.3
-0.27792 -6.6
-0.27768 -6.8
-0.27744 -7.1
-0.27719 -7.3
-0.27695 -7.5
-0.2767 -7.7
-0.27646 -7.9
-0.27621 -8.1
-0.27597 -8.2
-0.27573 -8.3
-0.27548 -8.4
-0.27524 -8.5
-0.27499 -8.5
-0.27475 -8.6
-0.27451 -8.6
-0.27426 -8.6
-0.27402 -8.6
-0.27377 -8.5
-0.27353 -8.4
-0.27328 -8.3
-0.27304 -8.2
-0.2728 -8.1
-0.27255 -7.9
-0.27231 -7.7
-0.27206 -7.6
-0.27182 -7.3
-0.27158 -7.1
-0.27133 -6.9
-0.27109 -6.6
-0.27084 -6.3
-0.2706 -6.0
-0.27036 -5.7
-0.27011 -5.3
-0.26987 -5.0
-0.26962 -4.6
-0.26938 -4.3
-0.26913 -3.9
-0.26889 -3.5
-0.26865 -3.1
-0.2684 -2.7
-0.26816 -2.3
-0.26791 -1.8
-0.26767 -1.4
-0.26743 -1.0
-0.26718 -0.6
-0.26694 -0.1
-0.26669 0.3
-0.26645 0.8
-0.2662 1.2
-0.26596 1.6
-0.26572 2.1
-0.26547 2.5
-0.26523 2.9
-0.26498 3.3
-0.26474 3.7
-0.2645 4.1
-0.26425 4.5
-0.26401 4.8
-0.26376 5.2
-0.26352 5.6
-0.26328 5.9
-0.26303 6.2
-0.26279 6.5
-0.26254 6.8
-0.2623 7.1
-0.26205 7.3
-0.26181 7.5
-0.26157 7.7
-0.26132 7.9
-0.26108 8.1
-0.26083 8.3
-0.26059 8.4
-0.26035 8.5
-0.2601 8.6
-0.25986 8.6
-0.25961 8.7
-0.25937 8.7
-0.25912 8.7
-0.25888 8.7
-0.25864 8.6
-0.25839 8.6
-0.25815 8.5
-0.2579 8.3
-0.25766 8.2
-0.25742 8.0
-0.25717 7.9
-0.25693 7.7
-0.25668 7.4
-0.25644 7.2
-0.2562 6.9
-0.25595 6.7
-0.25571 6.4
-0.25546 6.1
-0.25522 5.7
-0.25497 5.4
-0.25473 5.0
-0.25449 4.6
-0.25424 4.3
-0.254 3.9
-0.25375 3.5
-0.25351 3.0
-0.25327 2.6
-0.25302 2.2
-0.25278 1.8
-0.25253 1.3
-0.25229 0.9
-0.25204 0.4
-0.2518 0.0
-0.25156 -0.5
-0.25131 -0.9
-0.25107 -1.4
-0.25082 -1.8
-0.25058 -2.3
-0.25034 -2.7
-0.25009 -3.1
-0.24985 -3.6
-0.2496 -4.0
-0.24936 -4.4
-0.24911 -4.8
-0.24887 -5.1
-0.24863 -5.5
-0.24838 -5.8
-0.24814 -6.2
-0.24789 -6.5
-0.24765 -6.8
-0.24741 -7.1
-0.24716 -7.3
-0.24692 -7.6
-0.24667 -7.8
-0.24643 -8.0
-0.24619 -8.2
-0.24594 -8.3
-0.2457 -8.5
-0.24545 -8.6
-0.24521 -8.7
-0.24496 -8.8
-0.24472 -8.8
-0.24448 -8.8
-0.24423 -8.8
-0.24399 -8.8
-0.24374 -8.7
-0.2435 -8.7
-0.24326 -8.6
-0.24301 -8.4
-0.24277 -8.3
-0.24252 -8.1
-0.24228 -7.9
-0.24203 -7.7
-0.24179 -7.5
-0.24155 -7.2
-0.2413 -7.0
-0.24106 -6.7
-0.24081 -6.4
-0.24057 -6.0
-0.24033 -5.7
-0.24008 -5.3
-0.23984 -5.0
-0.23959 -4.6
-0.23935 -4.2
-0.23911 -3.8
-0.23886 -3.3
-0.23862 -2.9
-0.23837 -2.5
-0.23813 -2.0
-0.23788 -1.5
-0.23764 -1.1
-0.2374 -0.6
-0.23715 -0.2
-0.23691 0.3
-0.23666 0.8
-0.23642 1.2
-0.23618 1.7
-0.23593 2.2
-0.23569 2.6
-0.23544 3.1
-0.2352 3.5
-0.23495 3.9
-0.23471 4.3
-0.23447 4.7
-0.23422 5.1
-0.23398 5.5
-0.23373 5.9
-0.23349 6.2
-0.23325 6.6
-0.233 6.9
-0.23276 7.2
-0.23251 7.4
-0.23227 7.7
-0.23203 7.9
-0.23178 8.1
-0.23154 8.3
-0.23129 8.5
-0.23105 8.6
-0.2308 8.7
-0.23056 8.8
-0.23032 8.9
-0.23007 8.9
-0.22983 8.9
-0.22958 8.9
-0.22934 8.9
-0.2291 8.8
-0.22885 8.8
-0.22861 8.6
-0.22836 8.5
-0.22812 8.4
-0.22787 8.2
-0.22763 8.0
-0.22739 7.7
-0.22714 7.5
-0.2269 7.2
-0.22665 6.9
-0.22641 6.6
-0.22617 6.3
-0.22592 5.9
-0.22568 5.6
-0.22543 5.2
-0.22519 4.8
-0.22495 4.4
-0.2247 3.9
-0.22446 3.5
-0.22421 3.1
-0.22397 2.6
-0.22372 2.1
-0.22348 1.7
-0.22324 1.2
-0.22299 0.7
-0.22275 0.2
-0.2225 -0.2
-0.22226 -0.7
-0.22202 -1.2
-0.22177 -1.7
-0.22153 -2.2
-0.22128 -2.6
-0.22104 -3.1
-0.22079 -3.5
-0.22055 -4.0
-0.22031 -4.4
-0.22006 -4.8
-0.21982 -5.2
-0.21957 -5.6
-0.21933 -6.0
-0.21909 -6.4
-0.21884 -6.7
-0.2186 -7.0
-0.21835 -7.3
-0.21811 -7.6
-0.21786 -7.9
-0.21762 -8.1
-0.21738 -8.3
-0.21713 -8.5
-0.21689 -8.7
-0.21664 -8.8
-0.2164 -8.9
-0.21616 -9.0
-0.21591 -9.0
-0.21567 -9.1
-0.21542 -9.1
-0.21518 -9.1
-0.21494 -9.0
-0.21469 -8.9
-0.21445 -8.8
-0.2142 -8.7
-0.21396 -8.5
-0.21371 -8.4
-0.21347 -8.2
-0.21323 -7.9
-0.21298 -7.7
-0.21274 -7.4
-0.21249 -7.1
-0.21225 -6.8
-0.21201 -6.4
-0.21176 -6.1
-0.21152 -5.7
-0.21127 -5.3
-0.21103 -4.9
-0.21078 -4.5
-0.21054 -4.0
-0.2103 -3.6
-0.21005 -3.1
-0.20981 -2.6
-0.20956 -2.2
-0.20932 -1.7
-0.20908 -1.2
-0.20883 -0.7
-0.20859 -0.2
-0.20834 0.3
-0.2081 0.8
-0.20786 1.3
-0.20761 1.8
-0.20737 2.3
-0.20712 2.8
-0.20688 3.3
-0.20663 3.7
-0.20639 4.2
-0.20615 4.6
-0.2059 5.1
-0.20566 5.5
-0.20541 5.9
-0.20517 6.3
-0.20493 6.6
-0.20468 7.0
-0.20444 7.3
-0.20419 7.6
-0.20395 7.9
-0.2037 8.1
-0.20346 8.3
-0.20322 8.5
-0.20297 8.7
-0.20273 8.9
-0.20248 9.0
-0.20224 9.1
-0.202 9.2
-0.20175 9.2
-0.20151 9.2
-0.20126 9.2
-0.20102 9.1
-0.20078 9.1
-0.20053 9.0
-0.20029 8.8
-0.20004 8.7
-0.1998 8.5
-0.19955 8.3
-0.19931 8.1
-0.19907 7.8
-0.19882 7.5
-0.19858 7.2
-0.19833 6.9
-0.19809 6.5
-0.19785 6.1
-0.1976 5.7
-0.19736 5.3
-0.19711 4.9
-0.19687 4.4
-0.19662 4.0
-0.19638 3.5
-0.19614 3.0
-0.19589 2.5
-0.19565 2.0
-0.1954 1.5
-0.19516 1.0
-0.19492 0.5
-0.19467 0.0
-0.19443 -0.6
-0.19418 -1.1
-0.19394 -1.6
-0.1937 -2.1
-0.19345 -2.6
-0.19321 -3.1
-0.19296 -3.6
-0.19272 -4.1
-0.19247 -4.5
-0.19223 -5.0
-0.19199 -5.4
-0.19174 -5.9
-0.1915 -6.3
-0.19125 -6.6
-0.19101 -7.0
-0.19077 -7.3
-0.19052 -7.7
-0.19028 -7.9
-0.19003 -8.2
-0.18979 -8.5
-0.18954 -8.7
-0.1893 -8.9
-0.18906 -9.0
-0.18881 -9.1
-0.18857 -9.2
-0.18832 -9.3
-0.18808 -9.3
-0.18784 -9.4
-0.18759 -9.3
-0.18735 -9.3
-0.1871 -9.2
-0.18686 -9.1
-0.18661 -9.0
-0.18637 -8.8
-0.18613 -8.6
-0.18588 -8.4
-0.18564 -8.1
-0.18539 -7.8
-0.18515 -7.5
-0.18491 -7.2
-0.18466 -6.8
-0.18442 -6.4
-0.18417 -6.1
-0.18393 -5.6
-0.18369 -5.2
-0.18344 -4.7
-0.1832 -4.3
-0.18295 -3.8
-0.18271 -3.3
-0.18246 -2.8
-0.18222 -2.2
-0.18198 -1.7
-0.18173 -1.2
-0.18149 -0.6
-0.18124 0.0
-0.181 0.4
-0.18076 1.0
-0.18051 1.5
-0.18027 2.1
-0.18002 2.6
-0.17978 3.1
-0.17953 3.6
-0.17929 4.1
-0.17905 4.6
-0.1788 5.1
-0.17856 5.5
-0.17831 6.0
-0.17807 6.4
-0.17783 6.8
-0.17758 7.2
-0.17734 7.5
-0.17709 7.8
-0.17685 8.1
-0.17661 8.4
-0.17636 8.6
-0.17612 8.9
-0.17587 9.0
-0.17563 9.2
-0.17538 9.3
-0.17514 9.4
-0.1749 9.5
-0.17465 9.5
-0.17441 9.5
-0.17416 9.5
-0.17392 9.4
-0.17368 9.3
-0.17343 9.2
-0.17319 9.0
-0.17294 8.8
-0.1727 8.6
-0.17245 8.3
-0.17221 8.0
-0.17197 7.7
-0.17172 7.4
-0.17148 7.0
-0.17123 6.6
-0.17099 6.2
-0.17075 5.8
-0.1705 5.3
-0.17026 4.9
-0.17001 4.4
-0.16977 3.9
-0.16953 3.4
-0.16928 2.8
-0.16904 2.3
-0.16879 1.7
-0.16855 1.2
-0.1683 0.6
-0.16806 0.0
-0.16782 -0.5
-0.16757 -1.1
-0.16733 -1.7
-0.16708 -2.2
-0.16684 -2.8
-0.1666 -3.3
-0.16635 -3.8
-0.16611 -4.3
-0.16586 -4.9
-0.16562 -5.3
-0.16537 -5.8
-0.16513 -6.3
-0.16489 -6.7
-0.16464 -7.1
-0.1644 -7.5
-0.16415 -7.8
-0.16391 -8.1
-0.16367 -8.4
-0.16342 -8.7
-0.16318 -8.9
-0.16293 -9.1
-0.16269 -9.3
-0.16245 -9.5
-0.1622 -9.6
-0.16196 -9.6
-0.16171 -9.7
-0.16147 -9.7
-0.16122 -9.6
-0.16098 -9.6
-0.16074 -9.5
-0.16049 -9.3
-0.16025 -9.2
-0.16 -9.0
-0.15976 -8.7
-0.15952 -8.5
-0.15927 -8.2
-0.15903 -7.8
-0.15878 -7.5
-0.15854 -7.1
-0.15829 -6.7
-0.15805 -6.3
-0.15781 -5.8
-0.15756 -5.3
-0.15732 -4.8
-0.15707 -4.3
-0.15683 -3.8
-0.15659 -3.2
-0.15634 -2.7
-0.1561 -2.1
-0.15585 -1.5
-0.15561 -0.9
-0.15536 -0.3
-0.15512 0.3
-0.15488 0.9
-0.15463 1.4
-0.15439 2.0
-0.15414 2.6
-0.1539 3.2
-0.15366 3.7
-0.15341 4.3
-0.15317 4.8
-0.15292 5.3
-0.15268 5.8
-0.15244 6.3
-0.15219 6.7
-0.15195 7.2
-0.1517 7.6
-0.15146 7.9
-0.15121 8.3
-0.15097 8.6
-0.15073 8.9
-0.15048 9.1
-0.15024 9.3
-0.14999 9.5
-0.14975 9.6
-0.14951 9.8
-0.14926 9.8
-0.14902 9.9
-0.14877 9.9
-0.14853 9.8
-0.14828 9.7
-0.14804 9.6
-0.1478 9.5
-0.14755 9.3
-0.14731 9.0
-0.14706 8.8
-0.14682 8.5
-0.14658 8.2
-0.14633 7.8
-0.14609 7.4
-0.14584 7.0
-0.1456 6.6
-0.14536 6.1
-0.14511 5.6
-0.14487 5.1
-0.14462 4.5
-0.14438 4.0
-0.14413 3.4
-0.14389 2.8
-0.14365 2.2
-0.1434 1.6
-0.14316 1.0
-0.14291 0.4
-0.14267 -0.2
-0.14243 -0.9
-0.14218 -1.5
-0.14194 -2.1
-0.14169 -2.7
-0.14145 -3.3
-0.1412 -3.9
-0.14096 -4.4
-0.14072 -5.0
-0.14047 -5.5
-0.14023 -6.1
-0.13998 -6.5
-0.13974 -7.0
-0.1395 -7.4
-0.13925 -7.9
-0.13901 -8.2
-0.13876 -8.6
-0.13852 -8.9
-0.13828 -9.2
-0.13803 -9.4
-0.13779 -9.6
-0.13754 -9.8
-0.1373 -9.9
-0.13705 -10.0
-0.13681 -10.0
-0.13657 -10.1
-0.13632 -10.0
-0.13608 -9.9
-0.13583 -9.8
-0.13559 -9.7
-0.13535 -9.5
-0.1351 -9.3
-0.13486 -9.0
-0.13461 -8.7
-0.13437 -8.3
-0.13412 -8.0
-0.13388 -7.6
-0.13364 -7.1
-0.13339 -6.6
-0.13315 -6.2
-0.1329 -5.6
-0.13266 -5.1
-0.13242 -4.5
-0.13217 -3.9
-0.13193 -3.3
-0.13168 -2.7
-0.13144 -2.1
-0.1312 -1.4
-0.13095 -0.8
-0.13071 -0.1
-0.13046 0.5
-0.13022 1.2
-0.12997 1.8
-0.12973 2.5
-0.12949 3.1
-0.12924 3.7
-0.129 4.3
-0.12875 4.9
-0.12851 5.5
-0.12827 6.0
-0.12802 6.6
-0.12778 7.0
-0.12753 7.5
-0.12729 7.9
-0.12704 8.4
-0.1268 8.7
-0.12656 9.1
-0.12631 9.3
-0.12607 9.6
-0.12582 9.8
-0.12558 10.0
-0.12534 10.1
-0.12509 10.2
-0.12485 10.3
-0.1246 10.3
-0.12436 10.2
-0.12411 10.1
-0.12387 10.0
-0.12363 9.8
-0.12338 9.6
-0.12314 9.4
-0.12289 9.1
-0.12265 8.7
-0.12241 8.3
-0.12216 7.9
-0.12192 7.5
-0.12167 7.0
-0.12143 6.5
-0.12119 5.9
-0.12094 5.4
-0.1207 4.8
-0.12045 4.2
-0.12021 3.5
-0.11996 2.9
-0.11972 2.2
-0.11948 1.6
-0.11923 0.9
-0.11899 0.2
-0.11874 -0.5
-0.1185 -1.2
-0.11826 -1.9
-0.11801 -2.6
-0.11777 -3.2
-0.11752 -3.9
-0.11728 -4.5
-0.11703 -5.1
-0.11679 -5.7
-0.11655 -6.3
-0.1163 -6.8
-0.11606 -7.4
-0.11581 -7.8
-0.11557 -8.3
-0.11533 -8.7
-0.11508 -9.1
-0.11484 -9.4
-0.11459 -9.7
-0.11435 -9.9
-0.11411 -10.1
-0.11386 -10.3
-0.11362 -10.4
-0.11337 -10.5
-0.11313 -10.5
-0.11288 -10.5
-0.11264 -10.4
-0.1124 -10.2
-0.11215 -10.1
-0.11191 -9.9
-0.11166 -9.6
-0.11142 -9.3
-0.11118 -8.9
-0.11093 -8.5
-0.11069 -8.1
-0.11044 -7.6
-0.1102 -7.1
-0.10995 -6.6
-0.10971 -6.0
-0.10947 -5.4
-0.10922 -4.7
-0.10898 -4.1
-0.10873 -3.4
-0.10849 -2.7
-0.10825 -2.0
-0.108 -1.3
-0.10776 -0.6
-0.10751 0.2
-0.10727 0.9
-0.10703 1.6
-0.10678 2.3
-0.10654 3.0
-0.10629 3.7
-0.10605 4.4
-0.1058 5.1
-0.10556 5.7
-0.10532 6.3
-0.10507 6.9
-0.10483 7.5
-0.10458 8.0
-0.10434 8.5
-0.1041 8.9
-0.10385 9.3
-0.10361 9.6
-0.10336 9.9
-0.10312 10.2
-0.10287 10.4
-0.10263 10.6
-0.10239 10.7
-0.10214 10.7
-0.1019 10.7
-0.10165 10.7
-0.10141 10.6
-0.10117 10.4
-0.10092 10.2
-0.10068 10.0
-0.10043 9.7
-0.10019 9.3
-0.09995 8.9
-0.0997 8.5
-0.09946 8.0
-0.09921 7.4
-0.09897 6.9
-0.09872 6.3
-0.09848 5.6
-0.09824 5.0
-0.09799 4.3
-0.09775 3.5
-0.0975 2.8
-0.09726 2.1
-0.09702 1.3
-0.09677 0.5
-0.09653 -0.2
-0.09628 -1.0
-0.09604 -1.8
-0.09579 -2.6
-0.09555 -3.3
-0.09531 -4.0
-0.09506 -4.8
-0.09482 -5.5
-0.09457 -6.1
-0.09433 -6.8
-0.09409 -7.4
-0.09384 -7.9
-0.0936 -8.5
-0.09335 -8.9
-0.09311 -9.4
-0.09286 -9.8
-0.09262 -10.1
-0.09238 -10.4
-0.09213 -10.6
-0.09189 -10.8
-0.09164 -10.9
-0.0914 -11.0
-0.09116 -11.0
-0.09091 -11.0
-0.09067 -10.8
-0.09042 -10.7
-0.09018 -10.5
-0.08994 -10.2
-0.08969 -9.8
-0.08945 -9.5
-0.0892 -9.0
-0.08896 -8.5
-0.08871 -8.0
-0.08847 -7.4
-0.08823 -6.8
-0.08798 -6.1
-0.08774 -5.4
-0.08749 -4.7
-0.08725 -4.0
-0.08701 -3.2
-0.08676 -2.4
-0.08652 -1.6
-0.08627 -0.8
-0.08603 0.0
-0.08578 0.9
-0.08554 1.7
-0.0853 2.5
-0.08505 3.3
-0.08481 4.1
-0.08456 4.9
-0.08432 5.6
-0.08408 6.4
-0.08383 7.0
-0.08359 7.7
-0.08334 8.3
-0.0831 8.8
-0.08286 9.3
-0.08261 9.8
-0.08237 10.2
-0.08212 10.5
-0.08188 10.8
-0.08163 11.0
-0.08139 11.2
-0.08115 11.3
-0.0809 11.3
-0.08066 11.3
-0.08041 11.2
-0.08017 11.0
-0.07993 10.8
-0.07968 10.5
-0.07944 10.2
-0.07919 9.7
-0.07895 9.3
-0.0787 8.8
-0.07846 8.2
-0.07822 7.6
-0.07797 6.9
-0.07773 6.2
-0.07748 5.4
-0.07724 4.6
-0.077 3.8
-0.07675 3.0
-0.07651 2.1
-0.07626 1.2
-0.07602 0.4
-0.07578 -0.5
-0.07553 -1.4
-0.07529 -2.3
-0.07504 -3.2
-0.0748 -4.0
-0.07455 -4.9
-0.07431 -5.7
-0.07407 -6.4
-0.07382 -7.2
-0.07358 -7.9
-0.07333 -8.5
-0.07309 -9.1
-0.07285 -9.6
-0.0726 -10.1
-0.07236 -10.6
-0.07211 -10.9
-0.07187 -11.2
-0.07162 -11.4
-0.07138 -11.6
-0.07114 -11.7
-0.07089 -11.7
-0.07065 -11.6
-0.0704 -11.4
-0.07016 -11.2
-0.06992 -11.0
-0.06967 -10.6
-0.06943 -10.2
-0.06918 -9.7
-0.06894 -9.1
-0.0687 -8.5
-0.06845 -7.9
-0.06821 -7.1
-0.06796 -6.4
-0.06772 -5.5
-0.06747 -4.7
-0.06723 -3.8
-0.06699 -2.9
-0.06674 -2.0
-0.0665 -1.0
-0.06625 0.0
-0.06601 0.9
-0.06577 1.9
-0.06552 2.8
-0.06528 3.7
-0.06503 4.7
-0.06479 5.5
-0.06454 6.4
-0.0643 7.2
-0.06406 8.0
-0.06381 8.7
-0.06357 9.3
-0.06332 9.9
-0.06308 10.4
-0.06284 10.9
-0.06259 11.3
-0.06235 11.6
-0.0621 11.8
-0.06186 12.0
-0.06161 12.0
-0.06137 12.0
-0.06113 11.9
-0.06088 11.8
-0.06064 11.5
-0.06039 11.1
-0.06015 10.7
-0.05991 10.2
-0.05966 9.6
-0.05942 9.0
-0.05917 8.3
-0.05893 7.5
-0.05869 6.7
-0.05844 5.8
-0.0582 4.9
-0.05795 3.9
-0.05771 2.9
-0.05746 1.9
-0.05722 0.9
-0.05698 -0.2
-0.05673 -1.2
-0.05649 -2.3
-0.05624 -3.3
-0.056 -4.3
-0.05576 -5.3
-0.05551 -6.2
-0.05527 -7.2
-0.05502 -8.0
-0.05478 -8.8
-0.05453 -9.5
-0.05429 -10.2
-0.05405 -10.8
-0.0538 -11.3
-0.05356 -11.7
-0.05331 -12.0
-0.05307 -12.3
-0.05283 -12.4
-0.05258 -12.5
-0.05234 -12.5
-0.05209 -12.3
-0.05185 -12.1
-0.05161 -11.8
-0.05136 -11.3
-0.05112 -10.8
-0.05087 -10.2
-0.05063 -9.5
-0.05038 -8.8
-0.05014 -8.0
-0.0499 -7.0
-0.04965 -6.1
-0.04941 -5.1
-0.04916 -4.0
-0.04892 -2.9
-0.04868 -1.8
-0.04843 -0.6
-0.04819 0.5
-0.04794 1.7
-0.0477 2.8
-0.04745 3.9
-0.04721 5.0
-0.04697 6.1
-0.04672 7.1
-0.04648 8.1
-0.04623 9.0
-0.04599 9.8
-0.04575 10.5
-0.0455 11.2
-0.04526 11.8
-0.04501 12.2
-0.04477 12.6
-0.04453 12.8
-0.04428 13.0
-0.04404 13.0
-0.04379 12.9
-0.04355 12.7
-0.0433 12.4
-0.04306 12.0
-0.04282 11.5
-0.04257 10.9
-0.04233 10.1
-0.04208 9.3
-0.04184 8.4
-0.0416 7.4
-0.04135 6.3
-0.04111 5.2
-0.04086 4.0
-0.04062 2.8
-0.04037 1.5
-0.04013 0.2
-0.03989 -1.1
-0.03964 -2.3
-0.0394 -3.6
-0.03915 -4.9
-0.03891 -6.1
-0.03867 -7.2
-0.03842 -8.3
-0.03818 -9.3
-0.03793 -10.2
-0.03769 -11.1
-0.03745 -11.8
-0.0372 -12.4
-0.03696 -12.9
-0.03671 -13.3
-0.03647 -13.5
-0.03622 -13.6
-0.03598 -13.6
-0.03574 -13.5
-0.03549 -13.2
-0.03525 -12.7
-0.035 -12.1
-0.03476 -11.4
-0.03452 -10.6
-0.03427 -9.7
-0.03403 -8.6
-0.03378 -7.5
-0.03354 -6.3
-0.03329 -5.0
-0.03305 -3.6
-0.03281 -2.2
-0.03256 -0.8
-0.03232 0.7
-0.03207 2.2
-0.03183 3.6
-0.03159 5.0
-0.03134 6.4
-0.0311 7.7
-0.03085 8.9
-0.03061 10.1
-0.03036 11.1
-0.03012 12.0
-0.02988 12.8
-0.02963 13.4
-0.02939 13.9
-0.02914 14.2
-0.0289 14.4
-0.02866 14.4
-0.02841 14.2
-0.02817 13.9
-0.02792 13.3
-0.02768 12.6
-0.02744 11.8
-0.02719 10.8
-0.02695 9.7
-0.0267 8.4
-0.02646 7.0
-0.02621 5.5
-0.02597 4.0
-0.02573 2.3
-0.02548 0.7
-0.02524 -1.0
-0.02499 -2.7
-0.02475 -4.4
-0.02451 -6.0
-0.02426 -7.6
-0.02402 -9.0
-0.02377 -10.4
-0.02353 -11.6
-0.02328 -12.7
-0.02304 -13.6
-0.0228 -14.4
-0.02255 -14.9
-0.02231 -15.3
-0.02206 -15.4
-0.02182 -15.3
-0.02158 -14.9
-0.02133 -14.4
-0.02109 -13.6
-0.02084 -12.7
-0.0206 -11.5
-0.02036 -10.1
-0.02011 -8.6
-0.01987 -6.9
-0.01962 -5.1
-0.01938 -3.2
-0.01913 -1.2
-0.01889 0.8
-0.01865 2.8
-0.0184 4.8
-0.01816 6.8
-0.01791 8.6
-0.01767 10.3
-0.01743 11.9
-0.01718 13.3
-0.01694 14.5
-0.01669 15.4
-0.01645 16.1
-0.0162 16.5
-0.01596 16.6
-0.01572 16.4
-0.01547 15.9
-0.01523 15.1
-0.01498 14.0
-0.01474 12.6
-0.0145 10.9
-0.01425 9.0
-0.01401 6.9
-0.01376 4.7
-0.01352 2.3
-0.01328 -0.2
-0.01303 -2.7
-0.01279 -5.2
-0.01254 -7.7
-0.0123 -10.0
-0.01205 -12.1
-0.01181 -14.0
-0.01157 -15.6
-0.01132 -16.8
-0.01108 -17.7
-0.01083 -18.2
-0.01059 -18.2
-0.01035 -17.8
-0.0101 -16.9
-0.00986 -15.6
-0.00961 -13.8
-0.00937 -11.7
-0.00912 -9.2
-0.00888 -6.3
-0.00864 -3.2
-0.00839 0.0
-0.00815 3.3
-0.0079 6.6
-0.00766 9.7
-0.00742 12.7
-0.00717 15.3
-0.00693 17.5
-0.00668 19.1
-0.00644 20.1
-0.0062 20.5
-0.00595 20.1
-0.00571 18.9
-0.00546 17.0
-0.00522 14.4
-0.00497 11.1
-0.00473 7.2
-0.00449 2.9
-0.00424 -1.7
-0.004 -6.4
-0.00375 -10.9
-0.00351 -15.1
-0.00327 -18.7
-0.00302 -21.4
-0.00278 -23.0
-0.00253 -23.4
-0.00229 -22.4
-0.00204 -19.9
-0.0018 -15.9
-0.00156 -10.7
-0.00131 -4.4
-0.00107 2.6
-0.00082 9.8
-0.00058 16.4
-0.00034 21.8
-9e-05 25.1
0.00015 25.6
0.0004 22.9
0.00064 17.1
0.00089 8.7
0.00113 -1.0
0.00137 -10.4
0.00162 -17.9
0.00186 -21.8
0.00211 -21.5
0.00235 -17.2
0.00259 -9.7
0.00284 -1.0
0.00308 7.2
0.00333 12.9
0.00357 15.3
0.00381 14.0
0.00406 9.7
0.0043 3.8
0.00455 -2.1
0.00479 -6.8
0.00504 -9.2
0.00528 -9.1
0.00552 -6.8
0.00577 -3.3
0.00601 0.6
0.00626 3.7
0.0065 5.4
0.00674 5.6
0.00699 4.3
0.00723 2.2
0.00748 -0.2
0.00772 -2.1
0.00797 -3.2
0.00821 -3.4
0.00845 -2.6
0.0087 -1.3
0.00894 0.1
0.00919 1.3
0.00943 2.0
0.00967 2.0
0.00992 1.6
0.01016 0.8
0.01041 0.0
0.01065 -0.8
0.01089 -1.2
0.01114 -1.2
0.01138 -1.0
0.01163 -0.5
0.01187 0.0
0.01212 0.5
0.01236 0.7
0.0126 0.8
0.01285 0.6
0.01309 0.3
0.01334 0.0
0.01358 -0.3
0.01382 -0.5
0.01407 -0.5
0.01431 -0.4
0.01456 -0.2
0.0148 0.0
0.01505 0.2
0.01529 0.3
0.01553 0.3
0.01578 0.2
0.01602 0.1
0.01627 0.0
0.01651 -0.1
0.01675 -0.2
0.017 -0.2
0.01724 -0.1
0.01749 0.0
0.01773 0.0
0.01797 0.0
0.01822 0.1
0.01846 0.1
0.01871 0.0
0.01895 0.0
0.0192 0.0
0.01944 0.0
0.01968 0.0
0.01993 0.0
0.02017 0.0
0.02042 0.0
0.02066 0.0
0.0209 0.0
0.02115 0.0
0.02139 0.0
0.02164 0.0
0.02188 0.0
0.02213 0.0
0.02237 0.0
0.02261 0.0
0.02286 0.0
0.0231 0.0
0.02335 0.0
0.02359 0.0
0.02383 0.0
0.02408 0.0
0.02432 0.0
0.02457 0.0
0.02481 0.0
0.02505 0.0
0.0253 0.0
0.02554 0.0
0.02579 0.0
0.02603 0.0
0.02628 0.0
0.02652 0.0
0.02676 0.0
0.02701 0.0
0.02725 0.0
0.0275 0.0
0.02774 0.0
0.02798 0.0
0.02823 0.0
0.02847 0.0
0.02872 0.0
0.02896 0.0
0.02921 0.0
0.02945 0.0
0.02969 0.0
0.02994 0.0
0.03018 0.0
0.03043 0.0
0.03067 0.0
0.03091 0.0
0.03116 0.0
0.0314 0.0
0.03165 0.0
0.03189 0.0
0.03214 0.0
0.03238 0.0
0.03262 0.0
0.03287 0.0
0.03311 0.0
0.03336 0.0
0.0336 0.0
0.03384 0.0
0.03409 0.0
0.03433 0.0
0.03458 0.0
0.03482 0.0
0.03506 0.0
0.03531 0.0
0.03555 0.0
0.0358 0.0
0.03604 0.0
0.03629 0.0
0.03653 0.0
0.03677 0.0
0.03702 0.0
0.03726 0.0
0.03751 0.0
0.03775 0.0
0.03799 0.0
0.03824 0.0
0.03848 0.0
0.03873 0.0
0.03897 0.0
0.03922 0.0
0.03946 0.0
0.0397 0.0
0.03995 0.0
0.04019 0.0
0.04044 0.0
0.04068 0.0
0.04092 0.0
0.04117 0.0
0.04141 0.0
0.04166 0.0
0.0419 0.0
0.04214 0.0
0.04239 0.0
0.04263 0.0
0.04288 0.0
0.04312 0.0
0.04337 0.0
0.04361 0.0
0.04385 0.0
0.0441 0.0
0.04434 0.0
0.04459 0.0
0.04483 0.0
0.04507 0.0
0.04532 0.0
0.04556 0.0
0.04581 0.0
0.04605 0.0
0.0463 0.0
0.04654 0.0
0.04678 0.0
0.04703 0.0
0.04727 0.0
0.04752 0.0
0.04776 0.0
0.048 0.0
0.04825 0.0
0.04849 0.0
0.04874 0.0
0.04898 0.0
0.04922 0.0
0.04947 0.0
0.04971 0.0
0.04996 0.0
0.0502 0.0
0.05045 0.0
0.05069 0.0
0.05093 0.0
0.05118 0.0
0.05142 0.0
0.05167 0.0
0.05191 0.0
0.05215 0.0
0.0524 0.0
0.05264 0.0
0.05289 0.0
0.05313 0.0
0.05338 0.0
0.05362 0.0
0.05386 0.0
0.05411 0.0
0.05435 0.0
0.0546 0.0
0.05484 0.0
0.05508 0.0
0.05533 0.0
0.05557 0.0
0.05582 0.0
0.05606 0.0
0.0563 0.0
0.05655 0.0
0.05679 0.0
0.05704 0.0
0.05728 0.0
0.05753 0.0
0.05777 0.0
0.05801 0.0
0.05826 0.0
0.0585 0.0
0.05875 0.0
0.05899 0.0
0.05923 0.0
0.05948 0.0
0.05972 0.0
0.05997 0.0
0.06021 0.0
0.06046 0.0
0.0607 0.0
0.06094 0.0
0.06119 0.0
0.06143 0.0
0.06168 0.0
0.06192 0.0
0.06216 0.0
0.06241 0.0
0.06265 0.0
0.0629 0.0
0.06314 0.0
0.06339 0.0
0.06363 0.0
0.06387 0.0
0.06412 0.0
0.06436 0.0
0.06461 0.0
0.06485 0.0
0.06509 0.0
0.06534 0.0
0.06558 0.0
0.06583 0.0
0.06607 0.0
0.06631 0.0
0.06656 0.0
0.0668 0.0
0.06705 0.0
0.06729 0.0
0.06754 0.0
0.06778 0.0
0.06802 0.0
0.06827 0.0
0.06851 0.0
0.06876 0.0
0.069 0.0
0.06924 0.0
0.06949 0.0
0.06973 0.0
0.06998 0.0
0.07022 0.0
0.07047 0.0
0.07071 0.0
0.07095 0.0
0.0712 0.0
0.07144 0.0
0.07169 0.0
0.07193 0.0
0.07217 0.0
0.07242 0.0
0.07266 0.0
0.07291 0.0
0.07315 0.0
0.07339 0.0
0.07364 0.0
0.07388 0.0
0.07413 0.0
0.07437 0.0
0.07462 0.0
0.07486 0.0
0.0751 0.0
0.07535 0.0
0.07559 0.0
0.07584 0.0
0.07608 0.0
0.07632 0.0
0.07657 0.0
0.07681 0.0
0.07706 0.0
0.0773 0.0
0.07755 0.0
0.07779 0.0
0.07803 0.0
0.07828 0.0
0.07852 0.0
0.07877 0.0
0.07901 0.0
0.07925 0.0
0.0795 0.0
0.07974 0.0
0.07999 0.0
0.08023 0.0
0.08047 0.0
0.08072 0.0
0.08096 0.0
0.08121 0.0
0.08145 0.0
0.0817 0.0
0.08194 0.0
0.08218 0.0
0.08243 0.0
0.08267 0.0
0.08292 0.0
0.08316 0.0
0.0834 0.0
0.08365 0.0
0.08389 0.0
0.08414 0.0
0.08438 0.0
0.08463 0.0
0.08487 0.0
0.08511 0.0
0.08536 0.0
0.0856 0.0
0.08585 0.0
0.08609 0.0
0.08633 0.0
0.08658 0.0
0.08682 0.0
0.08707 0.0
0.08731 0.0
0.08755 0.0
0.0878 0.0
0.08804 0.0
0.08829 0.0
0.08853 0.0
0.08878 0.0
0.08902 0.0
0.08926 0.0
0.08951 0.0
0.08975 0.0
0.09 0.0
0.09024 0.0
0.09048 0.0
0.09073 0.0
0.09097 0.0
0.09122 0.0
0.09146 0.0
0.09171 0.0
0.09195 0.0
0.09219 0.0
0.09244 0.0
0.09268 0.0
0.09293 0.0
0.09317 0.0
0.09341 0.0
0.09366 0.0
0.0939 0.0
0.09415 0.0
0.09439 0.0
0.09464 0.0
0.09488 0.0
0.09512 0.0
0.09537 0.0
0.09561 0.0
0.09586 0.0
0.0961 0.0
0.09634 0.0
0.09659 0.0
0.09683 0.0
0.09708 0.0
0.09732 0.0
0.09756 0.0
0.09781 0.0
0.09805 0.0
0.0983 0.0
0.09854 0.0
0.09879 0.0
0.09903 0.0
0.09927 0.0
0.09952 0.0
0.09976 0.0
0.10001 0.0
0.10025 0.0
0.10049 0.0
0.10074 0.0
0.10098 0.0
0.10123 0.0
0.10147 0.0
0.10172 0.0
0.10196 0.0
0.1022 0.0
0.10245 0.0
0.10269 0.0
0.10294 0.0
0.10318 0.0
0.10342 0.0
0.10367 0.0
0.10391 0.0
0.10416 0.0
0.1044 0.0
0.10464 0.0
0.10489 0.0
0.10513 0.0
0.10538 0.0
0.10562 0.0
0.10587 0.0
0.10611 0.0
0.10635 0.0
0.1066 0.0
0.10684 0.0
0.10709 0.0
0.10733 0.0
0.10757 0.0
0.10782 0.0
0.10806 0.0
0.10831 0.0
0.10855 0.0
0.1088 0.0
0.10904 0.0
0.10928 0.0
0.10953 0.0
0.10977 0.0
0.11002 0.0
0.11026 0.0
0.1105 0.0
0.11075 0.0
0.11099 0.0
0.11124 0.0
0.11148 0.0
0.11172 0.0
0.11197 0.0
0.11221 0.0
0.11246 0.0
0.1127 0.0
0.11295 0.0
0.11319 0.0
0.11343 0.0
0.11368 0.0
0.11392 0.0
0.11417 0.0
0.11441 0.0
0.11465 0.0
0.1149 0.0
0.11514 0.0
0.11539 0.0
0.11563 0.0
0.11588 0.0
0.11612 0.0
0.11636 0.0
0.11661 0.0
0.11685 0.0
0.1171 0.0
0.11734 0.0
0.11758 0.0
0.11783 0.0
0.11807 0.0
0.11832 0.0
0.11856 0.0
0.1188 0.0
0.11905 0.0
0.11929 0.0
0.11954 0.0
