t strain*1e23
-0.4548 -9.3
-0.45456 -9.2
-0.45432 -9.1
-0.45407 -9.0
-0.45383 -8.8
-0.45358 -8.7
-0.45334 -8.5
-0.45309 -8.4
-0.45285 -8.2
-0.45261 -8.0
-0.45236 -7.8
-0.45212 -7.5
-0.45187 -7.3
-0.45163 -7.1
-0.45139 -6.8
-0.45114 -6.6
-0.4509 -6.3
-0.45065 -6.0
-0.45041 -5.7
-0.45016 -5.4
-0.44992 -5.1
-0.44968 -4.8
-0.44943 -4.5
-0.44919 -4.1
-0.44894 -3.8
-0.4487 -3.4
-0.44846 -3.1
-0.44821 -2.7
-0.44797 -2.4
-0.44772 -2.0
-0.44748 -1.7
-0.44724 -1.3
-0.44699 -0.9
-0.44675 -0.6
-0.4465 -0.2
-0.44626 0.2
-0.44601 0.5
-0.44577 0.9
-0.44553 1.3
-0.44528 1.7
-0.44504 2.0
-0.44479 2.4
-0.44455 2.7
-0.44431 3.1
-0.44406 3.4
-0.44382 3.8
-0.44357 4.1
-0.44333 4.5
-0.44308 4.8
-0.44284 5.1
-0.4426 5.4
-0.44235 5.7
-0.44211 6.0
-0.44186 6.3
-0.44162 6.6
-0.44138 6.9
-0.44113 7.1
-0.44089 7.4
-0.44064 7.6
-0.4404 7.8
-0.44016 8.0
-0.43991 8.2
-0.43967 8.4
-0.43942 8.6
-0.43918 8.8
-0.43893 8.9
-0.43869 9.1
-0.43845 9.2
-0.4382 9.3
-0.43796 9.4
-0.43771 9.5
-0.43747 9.5
-0.43723 9.6
-0.43698 9.6
-0.43674 9.6
-0.43649 9.7
-0.43625 9.6
-0.436 9.6
-0.43576 9.6
-0.43552 9.5
-0.43527 9.5
-0.43503 9.4
-0.43478 9.3
-0.43454 9.2
-0.4343 9.1
-0.43405 8.9
-0.43381 8.8
-0.43356 8.6
-0.43332 8.5
-0.43307 8.3
-0.43283 8.1
-0.43259 7.9
-0.43234 7.6
-0.4321 7.4
-0.43185 7.2
-0.43161 6.9
-0.43137 6.6
-0.43112 6.3
-0.43088 6.1
-0.43063 5.8
-0.43039 5.4
-0.43015 5.1
-0.4299 4.8
-0.42966 4.5
-0.42941 4.1
-0.42917 3.8
-0.42892 3.4
-0.42868 3.1
-0.42844 2.7
-0.42819 2.4
-0.42795 2.0
-0.4277 1.6
-0.42746 1.2
-0.42722 0.9
-0.42697 0.5
-0.42673 0.0
-0.42648 -0.3
-0.42624 -0.7
-0.42599 -1.0
-0.42575 -1.4
-0.42551 -1.8
-0.42526 -2.2
-0.42502 -2.5
-0.42477 -2.9
-0.42453 -3.3
-0.42429 -3.6
-0.42404 -4.0
-0.4238 -4.3
-0.42355 -4.7
-0.42331 -5.0
-0.42307 -5.3
-0.42282 -5.6
-0.42258 -5.9
-0.42233 -6.2
-0.42209 -6.5
-0.42184 -6.8
-0.4216 -7.1
-0.42136 -7.3
-0.42111 -7.6
-0.42087 -7.8
-0.42062 -8.0
-0.42038 -8.3
-0.42014 -8.4
-0.41989 -8.6
-0.41965 -8.8
-0.4194 -9.0
-0.41916 -9.1
-0.41891 -9.2
-0.41867 -9.4
-0.41843 -9.5
-0.41818 -9.5
-0.41794 -9.6
-0.41769 -9.7
-0.41745 -9.7
-0.41721 -9.7
-0.41696 -9.8
-0.41672 -9.7
-0.41647 -9.7
-0.41623 -9.7
-0.41599 -9.6
-0.41574 -9.6
-0.4155 -9.5
-0.41525 -9.4
-0.41501 -9.3
-0.41476 -9.2
-0.41452 -9.0
-0.41428 -8.9
-0.41403 -8.7
-0.41379 -8.5
-0.41354 -8.3
-0.4133 -8.1
-0.41306 -7.9
-0.41281 -7.7
-0.41257 -7.4
-0.41232 -7.2
-0.41208 -6.9
-0.41183 -6.6
-0.41159 -6.3
-0.41135 -6.0
-0.4111 -5.7
-0.41086 -5.4
-0.41061 -5.1
-0.41037 -4.8
-0.41013 -4.4
-0.40988 -4.1
-0.40964 -3.7
-0.40939 -3.3
-0.40915 -3.0
-0.40891 -2.6
-0.40866 -2.2
-0.40842 -1.8
-0.40817 -1.5
-0.40793 -1.1
-0.40768 -0.7
-0.40744 -0.3
-0.4072 0.0
-0.40695 0.5
-0.40671 0.9
-0.40646 1.3
-0.40622 1.6
-0.40598 2.0
-0.40573 2.4
-0.40549 2.8
-0.40524 3.2
-0.405 3.5
-0.40475 3.9
-0.40451 4.3
-0.40427 4.6
-0.40402 4.9
-0.40378 5.3
-0.40353 5.6
-0.40329 5.9
-0.40305 6.2
-0.4028 6.5
-0.40256 6.8
-0.40231 7.1
-0.40207 7.4
-0.40182 7.6
-0.40158 7.9
-0.40134 8.1
-0.40109 8.3
-0.40085 8.5
-0.4006 8.7
-0.40036 8.9
-0.40012 9.1
-0.39987 9.2
-0.39963 9.3
-0.39938 9.5
-0.39914 9.6
-0.3989 9.6
-0.39865 9.7
-0.39841 9.8
-0.39816 9.8
-0.39792 9.8
-0.39767 9.9
-0.39743 9.8
-0.39719 9.8
-0.39694 9.8
-0.3967 9.7
-0.39645 9.7
-0.39621 9.6
-0.39597 9.5
-0.39572 9.4
-0.39548 9.2
-0.39523 9.1
-0.39499 8.9
-0.39474 8.8
-0.3945 8.6
-0.39426 8.4
-0.39401 8.1
-0.39377 7.9
-0.39352 7.7
-0.39328 7.4
-0.39304 7.1
-0.39279 6.9
-0.39255 6.6
-0.3923 6.3
-0.39206 6.0
-0.39182 5.6
-0.39157 5.3
-0.39133 5.0
-0.39108 4.6
-0.39084 4.3
-0.39059 3.9
-0.39035 3.5
-0.39011 3.2
-0.38986 2.8
-0.38962 2.4
-0.38937 2.0
-0.38913 1.6
-0.38889 1.2
-0.38864 0.8
-0.3884 0.4
-0.38815 0.0
-0.38791 -0.4
-0.38766 -0.8
-0.38742 -1.2
-0.38718 -1.6
-0.38693 -2.0
-0.38669 -2.4
-0.38644 -2.8
-0.3862 -3.2
-0.38596 -3.5
-0.38571 -3.9
-0.38547 -4.3
-0.38522 -4.6
-0.38498 -5.0
-0.38474 -5.3
-0.38449 -5.7
-0.38425 -6.0
-0.384 -6.3
-0.38376 -6.6
-0.38351 -6.9
-0.38327 -7.2
-0.38303 -7.5
-0.38278 -7.7
-0.38254 -8.0
-0.38229 -8.2
-0.38205 -8.4
-0.38181 -8.7
-0.38156 -8.8
-0.38132 -9.0
-0.38107 -9.2
-0.38083 -9.3
-0.38058 -9.5
-0.38034 -9.6
-0.3801 -9.7
-0.37985 -9.8
-0.37961 -9.8
-0.37936 -9.9
-0.37912 -9.9
-0.37888 -10.0
-0.37863 -10.0
-0.37839 -10.0
-0.37814 -9.9
-0.3779 -9.9
-0.37766 -9.8
-0.37741 -9.7
-0.37717 -9.6
-0.37692 -9.5
-0.37668 -9.4
-0.37643 -9.3
-0.37619 -9.1
-0.37595 -8.9
-0.3757 -8.7
-0.37546 -8.5
-0.37521 -8.3
-0.37497 -8.1
-0.37473 -7.8
-0.37448 -7.6
-0.37424 -7.3
-0.37399 -7.0
-0.37375 -6.7
-0.3735 -6.4
-0.37326 -6.1
-0.37302 -5.8
-0.37277 -5.4
-0.37253 -5.1
-0.37228 -4.7
-0.37204 -4.4
-0.3718 -4.0
-0.37155 -3.6
-0.37131 -3.2
-0.37106 -2.8
-0.37082 -2.4
-0.37057 -2.0
-0.37033 -1.6
-0.37009 -1.2
-0.36984 -0.8
-0.3696 -0.4
-0.36935 0.0
-0.36911 0.4
-0.36887 0.9
-0.36862 1.3
-0.36838 1.7
-0.36813 2.1
-0.36789 2.5
-0.36765 2.9
-0.3674 3.3
-0.36716 3.7
-0.36691 4.1
-0.36667 4.4
-0.36642 4.8
-0.36618 5.2
-0.36594 5.5
-0.36569 5.9
-0.36545 6.2
-0.3652 6.5
-0.36496 6.8
-0.36472 7.1
-0.36447 7.4
-0.36423 7.7
-0.36398 7.9
-0.36374 8.2
-0.36349 8.4
-0.36325 8.7
-0.36301 8.9
-0.36276 9.1
-0.36252 9.2
-0.36227 9.4
-0.36203 9.5
-0.36179 9.7
-0.36154 9.8
-0.3613 9.9
-0.36105 9.9
-0.36081 10.0
-0.36057 10.0
-0.36032 10.1
-0.36008 10.1
-0.35983 10.1
-0.35959 10.0
-0.35934 10.0
-0.3591 9.9
-0.35886 9.9
-0.35861 9.8
-0.35837 9.7
-0.35812 9.5
-0.35788 9.4
-0.35764 9.2
-0.35739 9.0
-0.35715 8.8
-0.3569 8.6
-0.35666 8.4
-0.35641 8.2
-0.35617 7.9
-0.35593 7.6
-0.35568 7.4
-0.35544 7.1
-0.35519 6.8
-0.35495 6.4
-0.35471 6.1
-0.35446 5.8
-0.35422 5.4
-0.35397 5.1
-0.35373 4.7
-0.35349 4.3
-0.35324 3.9
-0.353 3.5
-0.35275 3.1
-0.35251 2.7
-0.35226 2.3
-0.35202 1.9
-0.35178 1.5
-0.35153 1.1
-0.35129 0.6
-0.35104 0.2
-0.3508 -0.2
-0.35056 -0.6
-0.35031 -1.1
-0.35007 -1.5
-0.34982 -1.9
-0.34958 -2.3
-0.34933 -2.7
-0.34909 -3.1
-0.34885 -3.5
-0.3486 -3.9
-0.34836 -4.3
-0.34811 -4.7
-0.34787 -5.1
-0.34763 -5.5
-0.34738 -5.8
-0.34714 -6.2
-0.34689 -6.5
-0.34665 -6.8
-0.34641 -7.1
-0.34616 -7.4
-0.34592 -7.7
-0.34567 -8.0
-0.34543 -8.3
-0.34518 -8.5
-0.34494 -8.7
-0.3447 -8.9
-0.34445 -9.1
-0.34421 -9.3
-0.34396 -9.5
-0.34372 -9.6
-0.34348 -9.8
-0.34323 -9.9
-0.34299 -10.0
-0.34274 -10.1
-0.3425 -10.1
-0.34225 -10.2
-0.34201 -10.2
-0.34177 -10.2
-0.34152 -10.2
-0.34128 -10.2
-0.34103 -10.1
-0.34079 -10.0
-0.34055 -10.0
-0.3403 -9.9
-0.34006 -9.7
-0.33981 -9.6
-0.33957 -9.4
-0.33932 -9.3
-0.33908 -9.1
-0.33884 -8.9
-0.33859 -8.7
-0.33835 -8.4
-0.3381 -8.2
-0.33786 -7.9
-0.33762 -7.6
-0.33737 -7.3
-0.33713 -7.0
-0.33688 -6.7
-0.33664 -6.4
-0.3364 -6.0
-0.33615 -5.7
-0.33591 -5.3
-0.33566 -4.9
-0.33542 -4.5
-0.33517 -4.1
-0.33493 -3.7
-0.33469 -3.3
-0.33444 -2.9
-0.3342 -2.5
-0.33395 -2.1
-0.33371 -1.6
-0.33347 -1.2
-0.33322 -0.8
-0.33298 -0.3
-0.33273 0.1
-0.33249 0.5
-0.33224 1.0
-0.332 1.4
-0.33176 1.9
-0.33151 2.3
-0.33127 2.7
-0.33102 3.1
-0.33078 3.6
-0.33054 4.0
-0.33029 4.4
-0.33005 4.8
-0.3298 5.1
-0.32956 5.5
-0.32932 5.9
-0.32907 6.2
-0.32883 6.6
-0.32858 6.9
-0.32834 7.2
-0.32809 7.6
-0.32785 7.8
-0.32761 8.1
-0.32736 8.4
-0.32712 8.6
-0.32687 8.9
-0.32663 9.1
-0.32639 9.3
-0.32614 9.5
-0.3259 9.6
-0.32565 9.8
-0.32541 9.9
-0.32516 10.0
-0.32492 10.1
-0.32468 10.2
-0.32443 10.3
-0.32419 10.3
-0.32394 10.3
-0.3237 10.3
-0.32346 10.3
-0.32321 10.3
-0.32297 10.2
-0.32272 10.1
-0.32248 10.0
-0.32224 9.9
-0.32199 9.8
-0.32175 9.6
-0.3215 9.5
-0.32126 9.3
-0.32101 9.1
-0.32077 8.8
-0.32053 8.6
-0.32028 8.4
-0.32004 8.1
-0.31979 7.8
-0.31955 7.5
-0.31931 7.2
-0.31906 6.8
-0.31882 6.5
-0.31857 6.2
-0.31833 5.8
-0.31808 5.4
-0.31784 5.0
-0.3176 4.6
-0.31735 4.2
-0.31711 3.8
-0.31686 3.4
-0.31662 3.0
-0.31638 2.5
-0.31613 2.1
-0.31589 1.6
-0.31564 1.2
-0.3154 0.7
-0.31516 0.3
-0.31491 -0.2
-0.31467 -0.6
-0.31442 -1.1
-0.31418 -1.5
-0.31393 -2.0
-0.31369 -2.4
-0.31345 -2.8
-0.3132 -3.3
-0.31296 -3.7
-0.31271 -4.1
-0.31247 -4.5
-0.31223 -4.9
-0.31198 -5.3
-0.31174 -5.7
-0.31149 -6.1
-0.31125 -6.5
-0.311 -6.8
-0.31076 -7.1
-0.31052 -7.5
-0.31027 -7.8
-0.31003 -8.1
-0.30978 -8.4
-0.30954 -8.6
-0.3093 -8.9
-0.30905 -9.1
-0.30881 -9.3
-0.30856 -9.5
-0.30832 -9.7
-0.30807 -9.9
-0.30783 -10.0
-0.30759 -10.1
-0.30734 -10.2
-0.3071 -10.3
-0.30685 -10.4
-0.30661 -10.4
-0.30637 -10.4
-0.30612 -10.4
-0.30588 -10.4
-0.30563 -10.4
-0.30539 -10.3
-0.30515 -10.3
-0.3049 -10.2
-0.30466 -10.1
-0.30441 -9.9
-0.30417 -9.8
-0.30392 -9.6
-0.30368 -9.4
-0.30344 -9.2
-0.30319 -9.0
-0.30295 -8.7
-0.3027 -8.4
-0.30246 -8.2
-0.30222 -7.9
-0.30197 -7.6
-0.30173 -7.2
-0.30148 -6.9
-0.30124 -6.5
-0.30099 -6.2
-0.30075 -5.8
-0.30051 -5.4
-0.30026 -5.0
-0.30002 -4.6
-0.29977 -4.2
-0.29953 -3.7
-0.29929 -3.3
-0.29904 -2.8
-0.2988 -2.4
-0.29855 -1.9
-0.29831 -1.5
-0.29807 -1.0
-0.29782 -0.6
-0.29758 0.0
-0.29733 0.4
-0.29709 0.8
-0.29684 1.3
-0.2966 1.8
-0.29636 2.2
-0.29611 2.7
-0.29587 3.1
-0.29562 3.6
-0.29538 4.0
-0.29514 4.4
-0.29489 4.9
-0.29465 5.3
-0.2944 5.7
-0.29416 6.1
-0.29391 6.4
-0.29367 6.8
-0.29343 7.2
-0.29318 7.5
-0.29294 7.8
-0.29269 8.1
-0.29245 8.4
-0.29221 8.7
-0.29196 9.0
-0.29172 9.2
-0.29147 9.4
-0.29123 9.6
-0.29099 9.8
-0.29074 10.0
-0.2905 10.1
-0.29025 10.3
-0.29001 10.4
-0.28976 10.5
-0.28952 10.5
-0.28928 10.6
-0.28903 10.6
-0.28879 10.6
-0.28854 10.6
-0.2883 10.5
-0.28806 10.5
-0.28781 10.4
-0.28757 10.3
-0.28732 10.1
-0.28708 10.0
-0.28683 9.8
-0.28659 9.6
-0.28635 9.4
-0.2861 9.2
-0.28586 9.0
-0.28561 8.7
-0.28537 8.4
-0.28513 8.1
-0.28488 7.8
-0.28464 7.5
-0.28439 7.1
-0.28415 6.8
-0.28391 6.4
-0.28366 6.0
-0.28342 5.6
-0.28317 5.2
-0.28293 4.8
-0.28268 4.4
-0.28244 3.9
-0.2822 3.5
-0.28195 3.0
-0.28171 2.5
-0.28146 2.1
-0.28122 1.6
-0.28098 1.1
-0.28073 0.6
-0.28049 0.2
-0.28024 -0.3
-0.28 -0.8
-0.27975 -1.3
-0.27951 -1.8
-0.27927 -2.2
-0.27902 -2.7
-0.27878 -3.2
-0.27853 -3.6
-0.27829 -4.1
-0.27805 -4.5
-0.2778 -5.0
-0.27756 -5.4
-0.27731 -5.8
-0.27707 -6.2
-0.27682 -6.6
-0.27658 -7.0
-0.27634 -7.3
-0.27609 -7.7
-0.27585 -8.0
-0.2756 -8.3
-0.27536 -8.6
-0.27512 -8.9
-0.27487 -9.2
-0.27463 -9.4
-0.27438 -9.6
-0.27414 -9.8
-0.2739 -10.0
-0.27365 -10.2
-0.27341 -10.3
-0.27316 -10.5
-0.27292 -10.6
-0.27267 -10.6
-0.27243 -10.7
-0.27219 -10.7
-0.27194 -10.7
-0.2717 -10.7
-0.27145 -10.7
-0.27121 -10.6
-0.27097 -10.6
-0.27072 -10.5
-0.27048 -10.3
-0.27023 -10.2
-0.26999 -10.0
-0.26974 -9.8
-0.2695 -9.6
-0.26926 -9.4
-0.26901 -9.1
-0.26877 -8.9
-0.26852 -8.6
-0.26828 -8.3
-0.26804 -8.0
-0.26779 -7.6
-0.26755 -7.3
-0.2673 -6.9
-0.26706 -6.5
-0.26682 -6.1
-0.26657 -5.7
-0.26633 -5.3
-0.26608 -4.8
-0.26584 -4.4
-0.26559 -3.9
-0.26535 -3.4
-0.26511 -3.0
-0.26486 -2.5
-0.26462 -2.0
-0.26437 -1.5
-0.26413 -1.0
-0.26389 -0.5
-0.26364 0.0
-0.2634 0.5
-0.26315 1.0
-0.26291 1.5
-0.26266 2.0
-0.26242 2.5
-0.26218 3.0
-0.26193 3.4
-0.26169 3.9
-0.26144 4.4
-0.2612 4.8
-0.26096 5.3
-0.26071 5.7
-0.26047 6.1
-0.26022 6.5
-0.25998 6.9
-0.25974 7.3
-0.25949 7.7
-0.25925 8.0
-0.259 8.4
-0.25876 8.7
-0.25851 9.0
-0.25827 9.3
-0.25803 9.5
-0.25778 9.7
-0.25754 10.0
-0.25729 10.2
-0.25705 10.3
-0.25681 10.5
-0.25656 10.6
-0.25632 10.7
-0.25607 10.8
-0.25583 10.8
-0.25558 10.9
-0.25534 10.9
-0.2551 10.9
-0.25485 10.8
-0.25461 10.8
-0.25436 10.7
-0.25412 10.6
-0.25388 10.5
-0.25363 10.3
-0.25339 10.1
-0.25314 9.9
-0.2529 9.7
-0.25266 9.5
-0.25241 9.2
-0.25217 8.9
-0.25192 8.6
-0.25168 8.3
-0.25143 7.9
-0.25119 7.6
-0.25095 7.2
-0.2507 6.8
-0.25046 6.4
-0.25021 6.0
-0.24997 5.5
-0.24973 5.1
-0.24948 4.6
-0.24924 4.2
-0.24899 3.7
-0.24875 3.2
-0.2485 2.7
-0.24826 2.2
-0.24802 1.7
-0.24777 1.2
-0.24753 0.6
-0.24728 0.1
-0.24704 -0.4
-0.2468 -0.9
-0.24655 -1.4
-0.24631 -1.9
-0.24606 -2.5
-0.24582 -3.0
-0.24557 -3.5
-0.24533 -3.9
-0.24509 -4.4
-0.24484 -4.9
-0.2446 -5.4
-0.24435 -5.8
-0.24411 -6.3
-0.24387 -6.7
-0.24362 -7.1
-0.24338 -7.5
-0.24313 -7.9
-0.24289 -8.2
-0.24265 -8.6
-0.2424 -8.9
-0.24216 -9.2
-0.24191 -9.5
-0.24167 -9.7
-0.24142 -10.0
-0.24118 -10.2
-0.24094 -10.4
-0.24069 -10.5
-0.24045 -10.7
-0.2402 -10.8
-0.23996 -10.9
-0.23972 -11.0
-0.23947 -11.0
-0.23923 -11.0
-0.23898 -11.0
-0.23874 -11.0
-0.23849 -11.0
-0.23825 -10.9
-0.23801 -10.8
-0.23776 -10.7
-0.23752 -10.5
-0.23727 -10.3
-0.23703 -10.1
-0.23679 -9.9
-0.23654 -9.7
-0.2363 -9.4
-0.23605 -9.1
-0.23581 -8.8
-0.23557 -8.4
-0.23532 -8.1
-0.23508 -7.7
-0.23483 -7.3
-0.23459 -6.9
-0.23434 -6.5
-0.2341 -6.1
-0.23386 -5.6
-0.23361 -5.1
-0.23337 -4.7
-0.23312 -4.2
-0.23288 -3.7
-0.23264 -3.2
-0.23239 -2.6
-0.23215 -2.1
-0.2319 -1.6
-0.23166 -1.1
-0.23141 -0.5
-0.23117 0.0
-0.23093 0.6
-0.23068 1.1
-0.23044 1.6
-0.23019 2.2
-0.22995 2.7
-0.22971 3.2
-0.22946 3.7
-0.22922 4.2
-0.22897 4.7
-0.22873 5.2
-0.22849 5.7
-0.22824 6.1
-0.228 6.6
-0.22775 7.0
-0.22751 7.4
-0.22726 7.8
-0.22702 8.2
-0.22678 8.6
-0.22653 8.9
-0.22629 9.2
-0.22604 9.5
-0.2258 9.8
-0.22556 10.1
-0.22531 10.3
-0.22507 10.5
-0.22482 10.7
-0.22458 10.8
-0.22433 11.0
-0.22409 11.1
-0.22385 11.1
-0.2236 11.2
-0.22336 11.2
-0.22311 11.2
-0.22287 11.2
-0.22263 11.1
-0.22238 11.0
-0.22214 10.9
-0.22189 10.8
-0.22165 10.6
-0.22141 10.4
-0.22116 10.2
-0.22092 10.0
-0.22067 9.7
-0.22043 9.4
-0.22018 9.1
-0.21994 8.8
-0.2197 8.5
-0.21945 8.1
-0.21921 7.7
-0.21896 7.3
-0.21872 6.8
-0.21848 6.4
-0.21823 5.9
-0.21799 5.5
-0.21774 5.0
-0.2175 4.5
-0.21725 3.9
-0.21701 3.4
-0.21677 2.9
-0.21652 2.3
-0.21628 1.8
-0.21603 1.2
-0.21579 0.7
-0.21555 0.1
-0.2153 -0.4
-0.21506 -1.0
-0.21481 -1.6
-0.21457 -2.1
-0.21432 -2.7
-0.21408 -3.2
-0.21384 -3.7
-0.21359 -4.3
-0.21335 -4.8
-0.2131 -5.3
-0.21286 -5.8
-0.21262 -6.3
-0.21237 -6.7
-0.21213 -7.2
-0.21188 -7.6
-0.21164 -8.0
-0.2114 -8.4
-0.21115 -8.8
-0.21091 -9.1
-0.21066 -9.5
-0.21042 -9.8
-0.21017 -10.0
-0.20993 -10.3
-0.20969 -10.5
-0.20944 -10.7
-0.2092 -10.9
-0.20895 -11.1
-0.20871 -11.2
-0.20847 -11.3
-0.20822 -11.4
-0.20798 -11.4
-0.20773 -11.4
-0.20749 -11.4
-0.20724 -11.3
-0.207 -11.3
-0.20676 -11.2
-0.20651 -11.0
-0.20627 -10.9
-0.20602 -10.7
-0.20578 -10.5
-0.20554 -10.2
-0.20529 -10.0
-0.20505 -9.7
-0.2048 -9.3
-0.20456 -9.0
-0.20432 -8.6
-0.20407 -8.3
-0.20383 -7.8
-0.20358 -7.4
-0.20334 -7.0
-0.20309 -6.5
-0.20285 -6.0
-0.20261 -5.5
-0.20236 -5.0
-0.20212 -4.5
-0.20187 -3.9
-0.20163 -3.4
-0.20139 -2.8
-0.20114 -2.3
-0.2009 -1.7
-0.20065 -1.1
-0.20041 -0.5
-0.20016 0.0
-0.19992 0.6
-0.19968 1.2
-0.19943 1.8
-0.19919 2.4
-0.19894 2.9
-0.1987 3.5
-0.19846 4.1
-0.19821 4.6
-0.19797 5.1
-0.19772 5.7
-0.19748 6.2
-0.19724 6.7
-0.19699 7.1
-0.19675 7.6
-0.1965 8.0
-0.19626 8.4
-0.19601 8.8
-0.19577 9.2
-0.19553 9.5
-0.19528 9.9
-0.19504 10.2
-0.19479 10.4
-0.19455 10.7
-0.19431 10.9
-0.19406 11.1
-0.19382 11.2
-0.19357 11.4
-0.19333 11.5
-0.19308 11.5
-0.19284 11.6
-0.1926 11.6
-0.19235 11.6
-0.19211 11.5
-0.19186 11.4
-0.19162 11.3
-0.19138 11.2
-0.19113 11.0
-0.19089 10.8
-0.19064 10.6
-0.1904 10.3
-0.19016 10.0
-0.18991 9.7
-0.18967 9.4
-0.18942 9.0
-0.18918 8.6
-0.18893 8.2
-0.18869 7.8
-0.18845 7.3
-0.1882 6.8
-0.18796 6.3
-0.18771 5.8
-0.18747 5.3
-0.18723 4.7
-0.18698 4.2
-0.18674 3.6
-0.18649 3.0
-0.18625 2.4
-0.186 1.8
-0.18576 1.2
-0.18552 0.6
-0.18527 0.0
-0.18503 -0.6
-0.18478 -1.2
-0.18454 -1.8
-0.1843 -2.4
-0.18405 -3.0
-0.18381 -3.6
-0.18356 -4.2
-0.18332 -4.7
-0.18307 -5.3
-0.18283 -5.8
-0.18259 -6.4
-0.18234 -6.9
-0.1821 -7.4
-0.18185 -7.8
-0.18161 -8.3
-0.18137 -8.7
-0.18112 -9.1
-0.18088 -9.5
-0.18063 -9.9
-0.18039 -10.2
-0.18015 -10.5
-0.1799 -10.8
-0.17966 -11.0
-0.17941 -11.2
-0.17917 -11.4
-0.17892 -11.5
-0.17868 -11.7
-0.17844 -11.7
-0.17819 -11.8
-0.17795 -11.8
-0.1777 -11.8
-0.17746 -11.7
-0.17722 -11.7
-0.17697 -11.6
-0.17673 -11.4
-0.17648 -11.2
-0.17624 -11.0
-0.17599 -10.8
-0.17575 -10.5
-0.17551 -10.2
-0.17526 -9.9
-0.17502 -9.5
-0.17477 -9.1
-0.17453 -8.7
-0.17429 -8.3
-0.17404 -7.8
-0.1738 -7.3
-0.17355 -6.8
-0.17331 -6.3
-0.17307 -5.8
-0.17282 -5.2
-0.17258 -4.6
-0.17233 -4.0
-0.17209 -3.4
-0.17184 -2.8
-0.1716 -2.2
-0.17136 -1.6
-0.17111 -0.9
-0.17087 -0.3
-0.17062 0.3
-0.17038 1.0
-0.17014 1.6
-0.16989 2.2
-0.16965 2.9
-0.1694 3.5
-0.16916 4.1
-0.16891 4.7
-0.16867 5.3
-0.16843 5.9
-0.16818 6.4
-0.16794 6.9
-0.16769 7.5
-0.16745 8.0
-0.16721 8.4
-0.16696 8.9
-0.16672 9.3
-0.16647 9.7
-0.16623 10.1
-0.16599 10.4
-0.16574 10.7
-0.1655 11.0
-0.16525 11.2
-0.16501 11.5
-0.16476 11.6
-0.16452 11.8
-0.16428 11.9
-0.16403 12.0
-0.16379 12.0
-0.16354 12.0
-0.1633 12.0
-0.16306 11.9
-0.16281 11.8
-0.16257 11.7
-0.16232 11.5
-0.16208 11.3
-0.16183 11.1
-0.16159 10.8
-0.16135 10.5
-0.1611 10.2
-0.16086 9.8
-0.16061 9.4
-0.16037 9.0
-0.16013 8.5
-0.15988 8.1
-0.15964 7.6
-0.15939 7.0
-0.15915 6.5
-0.15891 5.9
-0.15866 5.3
-0.15842 4.7
-0.15817 4.1
-0.15793 3.5
-0.15768 2.8
-0.15744 2.2
-0.1572 1.5
-0.15695 0.8
-0.15671 0.2
-0.15646 -0.5
-0.15622 -1.2
-0.15598 -1.8
-0.15573 -2.5
-0.15549 -3.1
-0.15524 -3.8
-0.155 -4.4
-0.15475 -5.1
-0.15451 -5.7
-0.15427 -6.3
-0.15402 -6.8
-0.15378 -7.4
-0.15353 -7.9
-0.15329 -8.4
-0.15305 -8.9
-0.1528 -9.4
-0.15256 -9.8
-0.15231 -10.2
-0.15207 -10.5
-0.15182 -10.9
-0.15158 -11.2
-0.15134 -11.4
-0.15109 -11.7
-0.15085 -11.9
-0.1506 -12.0
-0.15036 -12.1
-0.15012 -12.2
-0.14987 -12.3
-0.14963 -12.3
-0.14938 -12.2
-0.14914 -12.2
-0.1489 -12.1
-0.14865 -11.9
-0.14841 -11.7
-0.14816 -11.5
-0.14792 -11.2
-0.14767 -10.9
-0.14743 -10.6
-0.14719 -10.2
-0.14694 -9.8
-0.1467 -9.4
-0.14645 -9.0
-0.14621 -8.5
-0.14597 -8.0
-0.14572 -7.4
-0.14548 -6.8
-0.14523 -6.2
-0.14499 -5.6
-0.14474 -5.0
-0.1445 -4.4
-0.14426 -3.7
-0.14401 -3.0
-0.14377 -2.3
-0.14352 -1.6
-0.14328 -0.9
-0.14304 -0.2
-0.14279 0.5
-0.14255 1.2
-0.1423 1.9
-0.14206 2.6
-0.14182 3.3
-0.14157 3.9
-0.14133 4.6
-0.14108 5.3
-0.14084 5.9
-0.14059 6.5
-0.14035 7.1
-0.14011 7.7
-0.13986 8.3
-0.13962 8.8
-0.13937 9.3
-0.13913 9.7
-0.13889 10.2
-0.13864 10.6
-0.1384 10.9
-0.13815 11.3
-0.13791 11.6
-0.13766 11.8
-0.13742 12.1
-0.13718 12.2
-0.13693 12.4
-0.13669 12.5
-0.13644 12.5
-0.1362 12.5
-0.13596 12.5
-0.13571 12.4
-0.13547 12.3
-0.13522 12.2
-0.13498 12.0
-0.13474 11.7
-0.13449 11.5
-0.13425 11.2
-0.134 10.8
-0.13376 10.4
-0.13351 10.0
-0.13327 9.5
-0.13303 9.0
-0.13278 8.5
-0.13254 8.0
-0.13229 7.4
-0.13205 6.8
-0.13181 6.1
-0.13156 5.5
-0.13132 4.8
-0.13107 4.1
-0.13083 3.4
-0.13058 2.7
-0.13034 2.0
-0.1301 1.2
-0.12985 0.5
-0.12961 -0.3
-0.12936 -1.0
-0.12912 -1.7
-0.12888 -2.5
-0.12863 -3.2
-0.12839 -3.9
-0.12814 -4.6
-0.1279 -5.3
-0.12766 -6.0
-0.12741 -6.7
-0.12717 -7.3
-0.12692 -7.9
-0.12668 -8.5
-0.12643 -9.0
-0.12619 -9.6
-0.12595 -10.1
-0.1257 -10.5
-0.12546 -10.9
-0.12521 -11.3
-0.12497 -11.6
-0.12473 -11.9
-0.12448 -12.2
-0.12424 -12.4
-0.12399 -12.6
-0.12375 -12.7
-0.1235 -12.8
-0.12326 -12.8
-0.12302 -12.8
-0.12277 -12.8
-0.12253 -12.7
-0.12228 -12.5
-0.12204 -12.3
-0.1218 -12.1
-0.12155 -11.8
-0.12131 -11.5
-0.12106 -11.1
-0.12082 -10.7
-0.12057 -10.2
-0.12033 -9.8
-0.12009 -9.2
-0.11984 -8.7
-0.1196 -8.1
-0.11935 -7.5
-0.11911 -6.8
-0.11887 -6.1
-0.11862 -5.4
-0.11838 -4.7
-0.11813 -4.0
-0.11789 -3.2
-0.11765 -2.5
-0.1174 -1.7
-0.11716 -0.9
-0.11691 -0.1
-0.11667 0.7
-0.11642 1.5
-0.11618 2.2
-0.11594 3.0
-0.11569 3.8
-0.11545 4.6
-0.1152 5.3
-0.11496 6.0
-0.11472 6.7
-0.11447 7.4
-0.11423 8.0
-0.11398 8.7
-0.11374 9.2
-0.11349 9.8
-0.11325 10.3
-0.11301 10.8
-0.11276 11.2
-0.11252 11.6
-0.11227 12.0
-0.11203 12.3
-0.11179 12.6
-0.11154 12.8
-0.1113 12.9
-0.11105 13.1
-0.11081 13.1
-0.11057 13.1
-0.11032 13.1
-0.11008 13.0
-0.10983 12.9
-0.10959 12.7
-0.10934 12.5
-0.1091 12.2
-0.10886 11.8
-0.10861 11.5
-0.10837 11.0
-0.10812 10.6
-0.10788 10.1
-0.10764 9.5
-0.10739 8.9
-0.10715 8.3
-0.1069 7.6
-0.10666 6.9
-0.10641 6.2
-0.10617 5.5
-0.10593 4.7
-0.10568 3.9
-0.10544 3.1
-0.10519 2.3
-0.10495 1.5
-0.10471 0.6
-0.10446 -0.2
-0.10422 -1.1
-0.10397 -1.9
-0.10373 -2.7
-0.10349 -3.6
-0.10324 -4.4
-0.103 -5.2
-0.10275 -5.9
-0.10251 -6.7
-0.10226 -7.4
-0.10202 -8.1
-0.10178 -8.8
-0.10153 -9.4
-0.10129 -10.0
-0.10104 -10.6
-0.1008 -11.1
-0.10056 -11.6
-0.10031 -12.0
-0.10007 -12.4
-0.09982 -12.7
-0.09958 -12.9
-0.09933 -13.2
-0.09909 -13.3
-0.09885 -13.4
-0.0986 -13.5
-0.09836 -13.5
-0.09811 -13.4
-0.09787 -13.3
-0.09763 -13.1
-0.09738 -12.9
-0.09714 -12.6
-0.09689 -12.3
-0.09665 -11.9
-0.09641 -11.5
-0.09616 -11.0
-0.09592 -10.4
-0.09567 -9.9
-0.09543 -9.2
-0.09518 -8.6
-0.09494 -7.9
-0.0947 -7.1
-0.09445 -6.3
-0.09421 -5.5
-0.09396 -4.7
-0.09372 -3.9
-0.09348 -3.0
-0.09323 -2.1
-0.09299 -1.2
-0.09274 -0.3
-0.0925 0.6
-0.09225 1.5
-0.09201 2.4
-0.09177 3.3
-0.09152 4.1
-0.09128 5.0
-0.09103 5.8
-0.09079 6.7
-0.09055 7.4
-0.0903 8.2
-0.09006 8.9
-0.08981 9.6
-0.08957 10.3
-0.08932 10.9
-0.08908 11.4
-0.08884 11.9
-0.08859 12.4
-0.08835 12.8
-0.0881 13.1
-0.08786 13.4
-0.08762 13.6
-0.08737 13.8
-0.08713 13.9
-0.08688 13.9
-0.08664 13.9
-0.0864 13.8
-0.08615 13.6
-0.08591 13.4
-0.08566 13.1
-0.08542 12.8
-0.08517 12.4
-0.08493 11.9
-0.08469 11.4
-0.08444 10.8
-0.0842 10.2
-0.08395 9.6
-0.08371 8.8
-0.08347 8.1
-0.08322 7.3
-0.08298 6.4
-0.08273 5.6
-0.08249 4.7
-0.08224 3.8
-0.082 2.8
-0.08176 1.9
-0.08151 0.9
-0.08127 0.0
-0.08102 -1.0
-0.08078 -2.0
-0.08054 -3.0
-0.08029 -3.9
-0.08005 -4.9
-0.0798 -5.8
-0.07956 -6.7
-0.07932 -7.5
-0.07907 -8.3
-0.07883 -9.1
-0.07858 -9.9
-0.07834 -10.6
-0.07809 -11.2
-0.07785 -11.8
-0.07761 -12.4
-0.07736 -12.8
-0.07712 -13.2
-0.07687 -13.6
-0.07663 -13.9
-0.07639 -14.1
-0.07614 -14.2
-0.0759 -14.3
-0.07565 -14.3
-0.07541 -14.3
-0.07516 -14.1
-0.07492 -13.9
-0.07468 -13.6
-0.07443 -13.3
-0.07419 -12.9
-0.07394 -12.4
-0.0737 -11.8
-0.07346 -11.2
-0.07321 -10.6
-0.07297 -9.8
-0.07272 -9.0
-0.07248 -8.2
-0.07224 -7.3
-0.07199 -6.4
-0.07175 -5.5
-0.0715 -4.5
-0.07126 -3.5
-0.07101 -2.5
-0.07077 -1.4
-0.07053 -0.4
-0.07028 0.7
-0.07004 1.7
-0.06979 2.8
-0.06955 3.8
-0.06931 4.8
-0.06906 5.8
-0.06882 6.8
-0.06857 7.7
-0.06833 8.6
-0.06808 9.5
-0.06784 10.3
-0.0676 11.1
-0.06735 11.8
-0.06711 12.4
-0.06686 13.0
-0.06662 13.5
-0.06638 13.9
-0.06613 14.2
-0.06589 14.5
-0.06564 14.7
-0.0654 14.8
-0.06516 14.8
-0.06491 14.8
-0.06467 14.7
-0.06442 14.4
-0.06418 14.2
-0.06393 13.8
-0.06369 13.3
-0.06345 12.8
-0.0632 12.2
-0.06296 11.5
-0.06271 10.8
-0.06247 10.0
-0.06223 9.1
-0.06198 8.2
-0.06174 7.2
-0.06149 6.2
-0.06125 5.1
-0.061 4.0
-0.06076 2.9
-0.06052 1.8
-0.06027 0.6
-0.06003 -0.5
-0.05978 -1.7
-0.05954 -2.8
-0.0593 -4.0
-0.05905 -5.1
-0.05881 -6.2
-0.05856 -7.3
-0.05832 -8.3
-0.05807 -9.3
-0.05783 -10.2
-0.05759 -11.0
-0.05734 -11.8
-0.0571 -12.6
-0.05685 -13.2
-0.05661 -13.8
-0.05637 -14.3
-0.05612 -14.7
-0.05588 -15.0
-0.05563 -15.3
-0.05539 -15.4
-0.05515 -15.4
-0.0549 -15.4
-0.05466 -15.2
-0.05441 -15.0
-0.05417 -14.6
-0.05392 -14.2
-0.05368 -13.7
-0.05344 -13.0
-0.05319 -12.3
-0.05295 -11.6
-0.0527 -10.7
-0.05246 -9.8
-0.05222 -8.8
-0.05197 -7.7
-0.05173 -6.6
-0.05148 -5.4
-0.05124 -4.2
-0.05099 -3.0
-0.05075 -1.7
-0.05051 -0.4
-0.05026 0.8
-0.05002 2.1
-0.04977 3.4
-0.04953 4.7
-0.04929 5.9
-0.04904 7.1
-0.0488 8.2
-0.04855 9.3
-0.04831 10.4
-0.04807 11.4
-0.04782 12.3
-0.04758 13.1
-0.04733 13.8
-0.04709 14.5
-0.04684 15.0
-0.0466 15.4
-0.04636 15.8
-0.04611 16.0
-0.04587 16.1
-0.04562 16.1
-0.04538 16.0
-0.04514 15.8
-0.04489 15.4
-0.04465 15.0
-0.0444 14.4
-0.04416 13.7
-0.04391 12.9
-0.04367 12.0
-0.04343 11.1
-0.04318 10.0
-0.04294 8.9
-0.04269 7.7
-0.04245 6.4
-0.04221 5.1
-0.04196 3.7
-0.04172 2.3
-0.04147 0.9
-0.04123 -0.6
-0.04099 -2.0
-0.04074 -3.5
-0.0405 -4.9
-0.04025 -6.3
-0.04001 -7.6
-0.03976 -8.9
-0.03952 -10.1
-0.03928 -11.3
-0.03903 -12.4
-0.03879 -13.3
-0.03854 -14.2
-0.0383 -15.0
-0.03806 -15.6
-0.03781 -16.2
-0.03757 -16.6
-0.03732 -16.8
-0.03708 -17.0
-0.03683 -16.9
-0.03659 -16.8
-0.03635 -16.5
-0.0361 -16.1
-0.03586 -15.5
-0.03561 -14.8
-0.03537 -13.9
-0.03513 -13.0
-0.03488 -11.9
-0.03464 -10.7
-0.03439 -9.4
-0.03415 -8.0
-0.03391 -6.6
-0.03366 -5.1
-0.03342 -3.5
-0.03317 -1.9
-0.03293 -0.2
-0.03268 1.4
-0.03244 3.1
-0.0322 4.7
-0.03195 6.3
-0.03171 7.9
-0.03146 9.4
-0.03122 10.8
-0.03098 12.1
-0.03073 13.3
-0.03049 14.4
-0.03024 15.4
-0.03 16.2
-0.02975 16.9
-0.02951 17.4
-0.02927 17.8
-0.02902 18.0
-0.02878 18.0
-0.02853 17.8
-0.02829 17.4
-0.02805 16.9
-0.0278 16.2
-0.02756 15.3
-0.02731 14.3
-0.02707 13.1
-0.02682 11.7
-0.02658 10.3
-0.02634 8.7
-0.02609 7.0
-0.02585 5.2
-0.0256 3.3
-0.02536 1.4
-0.02512 -0.5
-0.02487 -2.5
-0.02463 -4.4
-0.02438 -6.3
-0.02414 -8.2
-0.0239 -10.0
-0.02365 -11.6
-0.02341 -13.2
-0.02316 -14.6
-0.02292 -15.9
-0.02267 -17.0
-0.02243 -17.9
-0.02219 -18.6
-0.02194 -19.0
-0.0217 -19.3
-0.02145 -19.3
-0.02121 -19.1
-0.02097 -18.6
-0.02072 -17.9
-0.02048 -17.0
-0.02023 -15.8
-0.01999 -14.4
-0.01974 -12.8
-0.0195 -11.1
-0.01926 -9.1
-0.01901 -7.1
-0.01877 -4.9
-0.01852 -2.6
-0.01828 -0.2
-0.01804 2.1
-0.01779 4.5
-0.01755 6.8
-0.0173 9.1
-0.01706 11.3
-0.01682 13.3
-0.01657 15.1
-0.01633 16.8
-0.01608 18.2
-0.01584 19.4
-0.01559 20.2
-0.01535 20.8
-0.01511 21.0
-0.01486 20.9
-0.01462 20.5
-0.01437 19.7
-0.01413 18.6
-0.01389 17.2
-0.01364 15.4
-0.0134 13.4
-0.01315 11.0
-0.01291 8.5
-0.01266 5.7
-0.01242 2.8
-0.01218 -0.1
-0.01193 -3.2
-0.01169 -6.2
-0.01144 -9.2
-0.0112 -12.0
-0.01096 -14.6
-0.01071 -17.0
-0.01047 -19.1
-0.01022 -20.8
-0.00998 -22.1
-0.00974 -23.0
-0.00949 -23.4
-0.00925 -23.2
-0.009 -22.5
-0.00876 -21.3
-0.00851 -19.5
-0.00827 -17.2
-0.00803 -14.5
-0.00778 -11.3
-0.00754 -7.7
-0.00729 -3.9
-0.00705 0.2
-0.00681 4.3
-0.00656 8.4
-0.00632 12.4
-0.00607 16.1
-0.00583 19.5
-0.00558 22.3
-0.00534 24.5
-0.0051 25.9
-0.00485 26.5
-0.00461 26.2
-0.00436 24.9
-0.00412 22.7
-0.00388 19.5
-0.00363 15.5
-0.00339 10.6
-0.00314 5.2
-0.0029 -0.7
-0.00266 -6.8
-0.00241 -12.8
-0.00217 -18.5
-0.00192 -23.4
-0.00168 -27.2
-0.00143 -29.6
-0.00119 -30.4
-0.00095 -29.2
-0.0007 -25.9
-0.00046 -20.5
-0.00021 -13.3
3e-05 -4.6
0.00027 4.8
0.00052 14.0
0.00076 21.9
0.00101 27.4
0.00125 29.8
0.0015 28.5
0.00174 23.5
0.00198 15.6
0.00223 5.8
0.00247 -4.4
0.00272 -13.3
0.00296 -19.6
0.0032 -22.4
0.00345 -21.4
0.00369 -17.0
0.00394 -10.2
0.00418 -2.5
0.00443 4.9
0.00467 10.6
0.00491 13.8
0.00516 14.2
0.0054 12.0
0.00565 7.9
0.00589 2.9
0.00613 -2.0
0.00638 -5.9
0.00662 -8.2
0.00687 -8.7
0.00711 -7.4
0.00735 -4.9
0.0076 -1.8
0.00784 1.2
0.00809 3.6
0.00833 5.0
0.00858 5.2
0.00882 4.4
0.00906 2.8
0.00931 0.9
0.00955 -0.9
0.0098 -2.3
0.01004 -3.1
0.01028 -3.1
0.01053 -2.6
0.01077 -1.6
0.01102 -0.4
0.01126 0.7
0.01151 1.5
0.01175 1.9
0.01199 1.9
0.01224 1.5
0.01248 0.9
0.01273 0.2
0.01297 -0.5
0.01321 -1.0
0.01346 -1.2
0.0137 -1.1
0.01395 -0.9
0.01419 -0.5
0.01443 0.0
0.01468 0.4
0.01492 0.6
0.01517 0.7
0.01541 0.7
0.01566 0.5
0.0159 0.3
0.01614 0.0
0.01639 -0.2
0.01663 -0.4
0.01688 -0.4
0.01712 -0.4
0.01736 -0.3
0.01761 -0.1
0.01785 0.0
0.0181 0.2
0.01834 0.3
0.01859 0.3
0.01883 0.2
0.01907 0.2
0.01932 0.0
0.01956 0.0
0.01981 -0.1
0.02005 -0.2
0.02029 -0.2
0.02054 -0.1
0.02078 0.0
0.02103 0.0
0.02127 0.0
0.02151 0.0
0.02176 0.0
0.022 0.1
0.02225 0.0
0.02249 0.0
0.02274 0.0
0.02298 0.0
0.02322 0.0
0.02347 0.0
0.02371 0.0
0.02396 0.0
0.0242 0.0
0.02444 0.0
0.02469 0.0
0.02493 0.0
0.02518 0.0
0.02542 0.0
0.02567 0.0
0.02591 0.0
0.02615 0.0
0.0264 0.0
0.02664 0.0
0.02689 0.0
0.02713 0.0
0.02737 0.0
0.02762 0.0
0.02786 0.0
0.02811 0.0
0.02835 0.0
0.02859 0.0
0.02884 0.0
0.02908 0.0
0.02933 0.0
0.02957 0.0
0.02982 0.0
0.03006 0.0
0.0303 0.0
0.03055 0.0
0.03079 0.0
0.03104 0.0
0.03128 0.0
0.03152 0.0
0.03177 0.0
0.03201 0.0
0.03226 0.0
0.0325 0.0
0.03275 0.0
0.03299 0.0
0.03323 0.0
0.03348 0.0
0.03372 0.0
0.03397 0.0
0.03421 0.0
0.03445 0.0
0.0347 0.0
0.03494 0.0
0.03519 0.0
0.03543 0.0
0.03568 0.0
0.03592 0.0
0.03616 0.0
0.03641 0.0
0.03665 0.0
0.0369 0.0
0.03714 0.0
0.03738 0.0
0.03763 0.0
0.03787 0.0
0.03812 0.0
0.03836 0.0
0.0386 0.0
0.03885 0.0
0.03909 0.0
0.03934 0.0
0.03958 0.0
0.03983 0.0
0.04007 0.0
0.04031 0.0
0.04056 0.0
0.0408 0.0
0.04105 0.0
0.04129 0.0
0.04153 0.0
0.04178 0.0
0.04202 0.0
0.04227 0.0
0.04251 0.0
0.04276 0.0
0.043 0.0
0.04324 0.0
0.04349 0.0
0.04373 0.0
0.04398 0.0
0.04422 0.0
0.04446 0.0
0.04471 0.0
0.04495 0.0
0.0452 0.0
0.04544 0.0
0.04568 0.0
0.04593 0.0
0.04617 0.0
0.04642 0.0
0.04666 0.0
0.04691 0.0
0.04715 0.0
0.04739 0.0
0.04764 0.0
0.04788 0.0
0.04813 0.0
0.04837 0.0
0.04861 0.0
0.04886 0.0
0.0491 0.0
0.04935 0.0
0.04959 0.0
0.04984 0.0
0.05008 0.0
0.05032 0.0
0.05057 0.0
0.05081 0.0
0.05106 0.0
0.0513 0.0
0.05154 0.0
0.05179 0.0
0.05203 0.0
0.05228 0.0
0.05252 0.0
0.05276 0.0
0.05301 0.0
0.05325 0.0
0.0535 0.0
0.05374 0.0
0.05399 0.0
0.05423 0.0
0.05447 0.0
0.05472 0.0
0.05496 0.0
0.05521 0.0
0.05545 0.0
0.05569 0.0
0.05594 0.0
0.05618 0.0
0.05643 0.0
0.05667 0.0
0.05692 0.0
0.05716 0.0
0.0574 0.0
0.05765 0.0
0.05789 0.0
0.05814 0.0
0.05838 0.0
0.05862 0.0
0.05887 0.0
0.05911 0.0
0.05936 0.0
0.0596 0.0
0.05984 0.0
0.06009 0.0
0.06033 0.0
0.06058 0.0
0.06082 0.0
0.06107 0.0
0.06131 0.0
0.06155 0.0
0.0618 0.0
0.06204 0.0
0.06229 0.0
0.06253 0.0
0.06277 0.0
0.06302 0.0
0.06326 0.0
0.06351 0.0
0.06375 0.0
0.064 0.0
0.06424 0.0
0.06448 0.0
0.06473 0.0
0.06497 0.0
0.06522 0.0
0.06546 0.0
0.0657 0.0
0.06595 0.0
0.06619 0.0
0.06644 0.0
0.06668 0.0
0.06693 0.0
0.06717 0.0
0.06741 0.0
0.06766 0.0
0.0679 0.0
0.06815 0.0
0.06839 0.0
0.06863 0.0
0.06888 0.0
0.06912 0.0
0.06937 0.0
0.06961 0.0
0.06985 0.0
0.0701 0.0
0.07034 0.0
0.07059 0.0
0.07083 0.0
0.07108 0.0
0.07132 0.0
0.07156 0.0
0.07181 0.0
0.07205 0.0
0.0723 0.0
0.07254 0.0
0.07278 0.0
0.07303 0.0
0.07327 0.0
0.07352 0.0
0.07376 0.0
0.07401 0.0
0.07425 0.0
0.07449 0.0
0.07474 0.0
0.07498 0.0
0.07523 0.0
0.07547 0.0
0.07571 0.0
0.07596 0.0
0.0762 0.0
0.07645 0.0
0.07669 0.0
0.07693 0.0
0.07718 0.0
0.07742 0.0
0.07767 0.0
0.07791 0.0
0.07816 0.0
0.0784 0.0
0.07864 0.0
0.07889 0.0
0.07913 0.0
0.07938 0.0
0.07962 0.0
0.07986 0.0
0.08011 0.0
0.08035 0.0
0.0806 0.0
0.08084 0.0
0.08109 0.0
0.08133 0.0
0.08157 0.0
0.08182 0.0
0.08206 0.0
0.08231 0.0
0.08255 0.0
0.08279 0.0
0.08304 0.0
0.08328 0.0
0.08353 0.0
0.08377 0.0
0.08401 0.0
0.08426 0.0
0.0845 0.0
0.08475 0.0
0.08499 0.0
0.08524 0.0
0.08548 0.0
0.08572 0.0
0.08597 0.0
0.08621 0.0
0.08646 0.0
0.0867 0.0
0.08694 0.0
0.08719 0.0
0.08743 0.0
0.08768 0.0
0.08792 0.0
0.08817 0.0
0.08841 0.0
0.08865 0.0
0.0889 0.0
0.08914 0.0
0.08939 0.0
0.08963 0.0
0.08987 0.0
0.09012 0.0
0.09036 0.0
0.09061 0.0
0.09085 0.0
0.09109 0.0
0.09134 0.0
0.09158 0.0
0.09183 0.0
0.09207 0.0
0.09232 0.0
0.09256 0.0
0.0928 0.0
0.09305 0.0
0.09329 0.0
0.09354 0.0
0.09378 0.0
0.09402 0.0
0.09427 0.0
0.09451 0.0
0.09476 0.0
0.095 0.0
0.09525 0.0
0.09549 0.0
0.09573 0.0
0.09598 0.0
0.09622 0.0
0.09647 0.0
0.09671 0.0
0.09695 0.0
0.0972 0.0
0.09744 0.0
0.09769 0.0
0.09793 0.0
0.09818 0.0
0.09842 0.0
0.09866 0.0
0.09891 0.0
0.09915 0.0
0.0994 0.0
0.09964 0.0
0.09988 0.0
0.10013 0.0
0.10037 0.0
0.10062 0.0
0.10086 0.0
0.1011 0.0
0.10135 0.0
0.10159 0.0
0.10184 0.0
0.10208 0.0
0.10233 0.0
0.10257 0.0
0.10281 0.0
0.10306 0.0
0.1033 0.0
0.10355 0.0
0.10379 0.0
0.10403 0.0
0.10428 0.0
0.10452 0.0
0.10477 0.0
0.10501 0.0
0.10526 0.0
0.1055 0.0
0.10574 0.0
0.10599 0.0
0.10623 0.0
0.10648 0.0
0.10672 0.0
0.10696 0.0
0.10721 0.0
0.10745 0.0
0.1077 0.0
0.10794 0.0
0.10818 0.0
0.10843 0.0
0.10867 0.0
0.10892 0.0
0.10916 0.0
0.10941 0.0
0.10965 0.0
0.10989 0.0
0.11014 0.0
0.11038 0.0
0.11063 0.0
0.11087 0.0
0.11111 0.0
0.11136 0.0
0.1116 0.0
0.11185 0.0
0.11209 0.0
0.11234 0.0
0.11258 0.0
0.11282 0.0
0.11307 0.0
0.11331 0.0
0.11356 0.0
0.1138 0.0
0.11404 0.0
0.11429 0.0
0.11453 0.0
0.11478 0.0
0.11502 0.0
0.11526 0.0
0.11551 0.0
0.11575 0.0
0.116 0.0
0.11624 0.0
0.11649 0.0
0.11673 0.0
0.11697 0.0
0.11722 0.0
0.11746 0.0
0.11771 0.0
0.11795 0.0
0.11819 0.0
0.11844 0.0
0.11868 0.0
0.11893 0.0
0.11917 0.0
0.11942 0.0
0.11966 0.0
0.1199 0.0
0.12015 0.0
0.12039 0.0
0.12064 0.0
0.12088 0.0
0.12112 0.0
0.12137 0.0
0.12161 0.0
0.12186 0.0
0.1221 0.0
0.12234 0.0
0.12259 0.0
0.12283 0.0
0.12308 0.0
0.12332 0.0
0.12357 0.0
0.12381 0.0
0.12405 0.0
0.1243 0.0
0.12454 0.0
0.12479 0.0
0.12503 0.0
0.12527 0.0
0.12552 0.0
0.12576 0.0
0.12601 0.0
0.12625 0.0
0.1265 0.0
0.12674 0.0
0.12698 0.0
0.12723 0.0
0.12747 0.0
0.12772 0.0
0.12796 0.0
0.1282 0.0
0.12845 0.0
0.12869 0.0
0.12894 0.0
0.12918 0.0
0.12943 0.0
0.12967 0.0
0.12991 0.0
0.13016 0.0
0.1304 0.0
0.13065 0.0
0.13089 0.0
0.13113 0.0
0.13138 0.0
0.13162 0.0
0.13187 0.0
0.13211 0.0
0.13235 0.0
0.1326 0.0
0.13284 0.0
0.13309 0.0
0.13333 0.0
0.13358 0.0
0.13382 0.0
0.13406 0.0
0.13431 0.0
0.13455 0.0
0.1348 0.0
0.13504 0.0
0.13528 0.0
0.13553 0.0
0.13577 0.0
0.13602 0.0
0.13626 0.0
0.13651 0.0
0.13675 0.0
0.13699 0.0
0.13724 0.0
0.13748 0.0
