t strain*1e23
-0.21046 -1.3
-0.21022 -1.8
-0.20998 -2.2
-0.20973 -2.7
-0.20949 -3.2
-0.20924 -3.7
-0.209 -4.2
-0.20876 -4.6
-0.20851 -5.1
-0.20827 -5.6
-0.20802 -6.0
-0.20778 -6.5
-0.20753 -6.9
-0.20729 -7.4
-0.20705 -7.8
-0.2068 -8.2
-0.20656 -8.7
-0.20631 -9.1
-0.20607 -9.5
-0.20583 -9.8
-0.20558 -10.2
-0.20534 -10.6
-0.20509 -10.9
-0.20485 -11.3
-0.20461 -11.6
-0.20436 -11.9
-0.20412 -12.2
-0.20387 -12.5
-0.20363 -12.8
-0.20338 -13.1
-0.20314 -13.3
-0.2029 -13.6
-0.20265 -13.8
-0.20241 -14.0
-0.20216 -14.2
-0.20192 -14.4
-0.20168 -14.5
-0.20143 -14.7
-0.20119 -14.8
-0.20094 -14.9
-0.2007 -15.0
-0.20045 -15.1
-0.20021 -15.2
-0.19997 -15.2
-0.19972 -15.3
-0.19948 -15.3
-0.19923 -15.3
-0.19899 -15.2
-0.19875 -15.2
-0.1985 -15.2
-0.19826 -15.1
-0.19801 -15.0
-0.19777 -14.9
-0.19753 -14.8
-0.19728 -14.6
-0.19704 -14.5
-0.19679 -14.3
-0.19655 -14.1
-0.1963 -13.9
-0.19606 -13.7
-0.19582 -13.5
-0.19557 -13.2
-0.19533 -13.0
-0.19508 -12.7
-0.19484 -12.4
-0.1946 -12.1
-0.19435 -11.8
-0.19411 -11.5
-0.19386 -11.1
-0.19362 -10.7
-0.19337 -10.4
-0.19313 -10.0
-0.19289 -9.6
-0.19264 -9.2
-0.1924 -8.8
-0.19215 -8.3
-0.19191 -7.9
-0.19167 -7.5
-0.19142 -7.0
-0.19118 -6.5
-0.19093 -6.1
-0.19069 -5.6
-0.19044 -5.1
-0.1902 -4.6
-0.18996 -4.1
-0.18971 -3.6
-0.18947 -3.1
-0.18922 -2.6
-0.18898 -2.1
-0.18874 -1.5
-0.18849 -1.0
-0.18825 -0.5
-0.188 0.0
-0.18776 0.6
-0.18752 1.1
-0.18727 1.6
-0.18703 2.1
-0.18678 2.7
-0.18654 3.2
-0.18629 3.7
-0.18605 4.2
-0.18581 4.7
-0.18556 5.2
-0.18532 5.7
-0.18507 6.2
-0.18483 6.7
-0.18459 7.2
-0.18434 7.6
-0.1841 8.1
-0.18385 8.5
-0.18361 9.0
-0.18336 9.4
-0.18312 9.8
-0.18288 10.2
-0.18263 10.6
-0.18239 11.0
-0.18214 11.4
-0.1819 11.8
-0.18166 12.1
-0.18141 12.4
-0.18117 12.8
-0.18092 13.1
-0.18068 13.4
-0.18044 13.6
-0.18019 13.9
-0.17995 14.1
-0.1797 14.4
-0.17946 14.6
-0.17921 14.8
-0.17897 14.9
-0.17873 15.1
-0.17848 15.2
-0.17824 15.4
-0.17799 15.5
-0.17775 15.5
-0.17751 15.6
-0.17726 15.7
-0.17702 15.7
-0.17677 15.7
-0.17653 15.7
-0.17628 15.7
-0.17604 15.6
-0.1758 15.5
-0.17555 15.5
-0.17531 15.4
-0.17506 15.2
-0.17482 15.1
-0.17458 14.9
-0.17433 14.8
-0.17409 14.6
-0.17384 14.4
-0.1736 14.1
-0.17336 13.9
-0.17311 13.6
-0.17287 13.3
-0.17262 13.0
-0.17238 12.7
-0.17213 12.4
-0.17189 12.0
-0.17165 11.7
-0.1714 11.3
-0.17116 10.9
-0.17091 10.5
-0.17067 10.1
-0.17043 9.7
-0.17018 9.2
-0.16994 8.8
-0.16969 8.3
-0.16945 7.8
-0.1692 7.3
-0.16896 6.8
-0.16872 6.3
-0.16847 5.8
-0.16823 5.3
-0.16798 4.8
-0.16774 4.2
-0.1675 3.7
-0.16725 3.2
-0.16701 2.6
-0.16676 2.1
-0.16652 1.5
-0.16628 0.9
-0.16603 0.4
-0.16579 -0.2
-0.16554 -0.8
-0.1653 -1.3
-0.16505 -1.9
-0.16481 -2.4
-0.16457 -3.0
-0.16432 -3.5
-0.16408 -4.1
-0.16383 -4.6
-0.16359 -5.2
-0.16335 -5.7
-0.1631 -6.3
-0.16286 -6.8
-0.16261 -7.3
-0.16237 -7.8
-0.16212 -8.3
-0.16188 -8.8
-0.16164 -9.2
-0.16139 -9.7
-0.16115 -10.2
-0.1609 -10.6
-0.16066 -11.0
-0.16042 -11.4
-0.16017 -11.8
-0.15993 -12.2
-0.15968 -12.6
-0.15944 -13.0
-0.15919 -13.3
-0.15895 -13.6
-0.15871 -13.9
-0.15846 -14.2
-0.15822 -14.5
-0.15797 -14.7
-0.15773 -14.9
-0.15749 -15.2
-0.15724 -15.3
-0.157 -15.5
-0.15675 -15.7
-0.15651 -15.8
-0.15627 -15.9
-0.15602 -16.0
-0.15578 -16.1
-0.15553 -16.1
-0.15529 -16.2
-0.15504 -16.2
-0.1548 -16.1
-0.15456 -16.1
-0.15431 -16.1
-0.15407 -16.0
-0.15382 -15.9
-0.15358 -15.8
-0.15334 -15.6
-0.15309 -15.5
-0.15285 -15.3
-0.1526 -15.1
-0.15236 -14.9
-0.15211 -14.6
-0.15187 -14.3
-0.15163 -14.1
-0.15138 -13.8
-0.15114 -13.4
-0.15089 -13.1
-0.15065 -12.8
-0.15041 -12.4
-0.15016 -12.0
-0.14992 -11.6
-0.14967 -11.2
-0.14943 -10.7
-0.14919 -10.3
-0.14894 -9.8
-0.1487 -9.3
-0.14845 -8.8
-0.14821 -8.3
-0.14796 -7.8
-0.14772 -7.3
-0.14748 -6.7
-0.14723 -6.2
-0.14699 -5.6
-0.14674 -5.0
-0.1465 -4.5
-0.14626 -3.9
-0.14601 -3.3
-0.14577 -2.7
-0.14552 -2.1
-0.14528 -1.5
-0.14503 -0.9
-0.14479 -0.3
-0.14455 0.3
-0.1443 0.9
-0.14406 1.5
-0.14381 2.1
-0.14357 2.7
-0.14333 3.4
-0.14308 4.0
-0.14284 4.5
-0.14259 5.1
-0.14235 5.7
-0.14211 6.3
-0.14186 6.9
-0.14162 7.4
-0.14137 8.0
-0.14113 8.5
-0.14088 9.0
-0.14064 9.5
-0.1404 10.0
-0.14015 10.5
-0.13991 11.0
-0.13966 11.5
-0.13942 11.9
-0.13918 12.3
-0.13893 12.8
-0.13869 13.1
-0.13844 13.5
-0.1382 13.9
-0.13795 14.2
-0.13771 14.5
-0.13747 14.8
-0.13722 15.1
-0.13698 15.4
-0.13673 15.6
-0.13649 15.8
-0.13625 16.0
-0.136 16.2
-0.13576 16.3
-0.13551 16.4
-0.13527 16.5
-0.13503 16.6
-0.13478 16.7
-0.13454 16.7
-0.13429 16.7
-0.13405 16.7
-0.1338 16.6
-0.13356 16.6
-0.13332 16.5
-0.13307 16.4
-0.13283 16.2
-0.13258 16.0
-0.13234 15.9
-0.1321 15.6
-0.13185 15.4
-0.13161 15.1
-0.13136 14.9
-0.13112 14.6
-0.13087 14.2
-0.13063 13.9
-0.13039 13.5
-0.13014 13.1
-0.1299 12.7
-0.12965 12.3
-0.12941 11.9
-0.12917 11.4
-0.12892 10.9
-0.12868 10.4
-0.12843 9.9
-0.12819 9.4
-0.12794 8.8
-0.1277 8.3
-0.12746 7.7
-0.12721 7.1
-0.12697 6.5
-0.12672 5.9
-0.12648 5.3
-0.12624 4.7
-0.12599 4.0
-0.12575 3.4
-0.1255 2.7
-0.12526 2.1
-0.12502 1.4
-0.12477 0.8
-0.12453 0.0
-0.12428 -0.6
-0.12404 -1.2
-0.12379 -1.9
-0.12355 -2.6
-0.12331 -3.2
-0.12306 -3.9
-0.12282 -4.5
-0.12257 -5.2
-0.12233 -5.8
-0.12209 -6.4
-0.12184 -7.0
-0.1216 -7.6
-0.12135 -8.2
-0.12111 -8.8
-0.12086 -9.4
-0.12062 -10.0
-0.12038 -10.5
-0.12013 -11.0
-0.11989 -11.6
-0.11964 -12.1
-0.1194 -12.5
-0.11916 -13.0
-0.11891 -13.4
-0.11867 -13.9
-0.11842 -14.3
-0.11818 -14.6
-0.11794 -15.0
-0.11769 -15.3
-0.11745 -15.6
-0.1172 -15.9
-0.11696 -16.2
-0.11671 -16.4
-0.11647 -16.6
-0.11623 -16.8
-0.11598 -16.9
-0.11574 -17.1
-0.11549 -17.2
-0.11525 -17.3
-0.11501 -17.3
-0.11476 -17.3
-0.11452 -17.3
-0.11427 -17.3
-0.11403 -17.2
-0.11378 -17.1
-0.11354 -17.0
-0.1133 -16.8
-0.11305 -16.7
-0.11281 -16.5
-0.11256 -16.2
-0.11232 -16.0
-0.11208 -15.7
-0.11183 -15.4
-0.11159 -15.0
-0.11134 -14.7
-0.1111 -14.3
-0.11086 -13.9
-0.11061 -13.5
-0.11037 -13.0
-0.11012 -12.5
-0.10988 -12.0
-0.10963 -11.5
-0.10939 -11.0
-0.10915 -10.4
-0.1089 -9.8
-0.10866 -9.2
-0.10841 -8.6
-0.10817 -8.0
-0.10793 -7.3
-0.10768 -6.7
-0.10744 -6.0
-0.10719 -5.3
-0.10695 -4.6
-0.1067 -3.9
-0.10646 -3.2
-0.10622 -2.5
-0.10597 -1.8
-0.10573 -1.1
-0.10548 -0.3
-0.10524 0.4
-0.105 1.1
-0.10475 1.8
-0.10451 2.6
-0.10426 3.3
-0.10402 4.0
-0.10378 4.7
-0.10353 5.4
-0.10329 6.1
-0.10304 6.8
-0.1028 7.5
-0.10255 8.2
-0.10231 8.8
-0.10207 9.5
-0.10182 10.1
-0.10158 10.7
-0.10133 11.3
-0.10109 11.9
-0.10085 12.4
-0.1006 13.0
-0.10036 13.5
-0.10011 14.0
-0.09987 14.4
-0.09962 14.9
-0.09938 15.3
-0.09914 15.7
-0.09889 16.0
-0.09865 16.4
-0.0984 16.7
-0.09816 16.9
-0.09792 17.2
-0.09767 17.4
-0.09743 17.6
-0.09718 17.7
-0.09694 17.9
-0.09669 18.0
-0.09645 18.0
-0.09621 18.0
-0.09596 18.0
-0.09572 18.0
-0.09547 17.9
-0.09523 17.8
-0.09499 17.7
-0.09474 17.5
-0.0945 17.3
-0.09425 17.1
-0.09401 16.8
-0.09377 16.5
-0.09352 16.1
-0.09328 15.8
-0.09303 15.4
-0.09279 15.0
-0.09254 14.5
-0.0923 14.0
-0.09206 13.5
-0.09181 13.0
-0.09157 12.4
-0.09132 11.9
-0.09108 11.2
-0.09084 10.6
-0.09059 10.0
-0.09035 9.3
-0.0901 8.6
-0.08986 7.9
-0.08961 7.2
-0.08937 6.4
-0.08913 5.7
-0.08888 4.9
-0.08864 4.1
-0.08839 3.3
-0.08815 2.6
-0.08791 1.7
-0.08766 0.9
-0.08742 0.1
-0.08717 -0.7
-0.08693 -1.5
-0.08669 -2.3
-0.08644 -3.1
-0.0862 -3.9
-0.08595 -4.7
-0.08571 -5.5
-0.08546 -6.3
-0.08522 -7.1
-0.08498 -7.8
-0.08473 -8.6
-0.08449 -9.3
-0.08424 -10.0
-0.084 -10.7
-0.08376 -11.4
-0.08351 -12.1
-0.08327 -12.7
-0.08302 -13.3
-0.08278 -13.9
-0.08253 -14.4
-0.08229 -15.0
-0.08205 -15.5
-0.0818 -15.9
-0.08156 -16.4
-0.08131 -16.8
-0.08107 -17.2
-0.08083 -17.5
-0.08058 -17.8
-0.08034 -18.1
-0.08009 -18.3
-0.07985 -18.5
-0.07961 -18.7
-0.07936 -18.8
-0.07912 -18.9
-0.07887 -18.9
-0.07863 -18.9
-0.07838 -18.9
-0.07814 -18.8
-0.0779 -18.7
-0.07765 -18.5
-0.07741 -18.3
-0.07716 -18.1
-0.07692 -17.8
-0.07668 -17.5
-0.07643 -17.1
-0.07619 -16.7
-0.07594 -16.3
-0.0757 -15.8
-0.07545 -15.3
-0.07521 -14.8
-0.07497 -14.3
-0.07472 -13.7
-0.07448 -13.0
-0.07423 -12.4
-0.07399 -11.7
-0.07375 -11.0
-0.0735 -10.2
-0.07326 -9.5
-0.07301 -8.7
-0.07277 -7.9
-0.07253 -7.0
-0.07228 -6.2
-0.07204 -5.3
-0.07179 -4.4
-0.07155 -3.5
-0.0713 -2.6
-0.07106 -1.7
-0.07082 -0.8
-0.07057 0.0
-0.07033 1.0
-0.07008 1.9
-0.06984 2.9
-0.0696 3.8
-0.06935 4.7
-0.06911 5.6
-0.06886 6.5
-0.06862 7.4
-0.06837 8.2
-0.06813 9.1
-0.06789 9.9
-0.06764 10.7
-0.0674 11.5
-0.06715 12.3
-0.06691 13.0
-0.06667 13.7
-0.06642 14.4
-0.06618 15.1
-0.06593 15.7
-0.06569 16.2
-0.06544 16.8
-0.0652 17.3
-0.06496 17.8
-0.06471 18.2
-0.06447 18.6
-0.06422 18.9
-0.06398 19.2
-0.06374 19.4
-0.06349 19.6
-0.06325 19.8
-0.063 19.9
-0.06276 19.9
-0.06252 19.9
-0.06227 19.9
-0.06203 19.8
-0.06178 19.7
-0.06154 19.5
-0.06129 19.2
-0.06105 19.0
-0.06081 18.6
-0.06056 18.2
-0.06032 17.8
-0.06007 17.3
-0.05983 16.8
-0.05959 16.2
-0.05934 15.6
-0.0591 15.0
-0.05885 14.3
-0.05861 13.6
-0.05836 12.8
-0.05812 12.0
-0.05788 11.1
-0.05763 10.3
-0.05739 9.4
-0.05714 8.4
-0.0569 7.5
-0.05666 6.5
-0.05641 5.5
-0.05617 4.5
-0.05592 3.5
-0.05568 2.4
-0.05544 1.4
-0.05519 0.3
-0.05495 -0.8
-0.0547 -1.8
-0.05446 -2.9
-0.05421 -4.0
-0.05397 -5.0
-0.05373 -6.1
-0.05348 -7.1
-0.05324 -8.1
-0.05299 -9.1
-0.05275 -10.1
-0.05251 -11.1
-0.05226 -12.0
-0.05202 -12.9
-0.05177 -13.8
-0.05153 -14.6
-0.05128 -15.4
-0.05104 -16.1
-0.0508 -16.9
-0.05055 -17.5
-0.05031 -18.1
-0.05006 -18.7
-0.04982 -19.2
-0.04958 -19.7
-0.04933 -20.1
-0.04909 -20.4
-0.04884 -20.7
-0.0486 -21.0
-0.04836 -21.1
-0.04811 -21.2
-0.04787 -21.3
-0.04762 -21.3
-0.04738 -21.2
-0.04713 -21.0
-0.04689 -20.8
-0.04665 -20.5
-0.0464 -20.2
-0.04616 -19.8
-0.04591 -19.3
-0.04567 -18.8
-0.04543 -18.2
-0.04518 -17.6
-0.04494 -16.9
-0.04469 -16.1
-0.04445 -15.3
-0.0442 -14.5
-0.04396 -13.5
-0.04372 -12.6
-0.04347 -11.6
-0.04323 -10.5
-0.04298 -9.4
-0.04274 -8.3
-0.0425 -7.2
-0.04225 -6.0
-0.04201 -4.8
-0.04176 -3.5
-0.04152 -2.3
-0.04128 -1.0
-0.04103 0.2
-0.04079 1.5
-0.04054 2.8
-0.0403 4.1
-0.04005 5.3
-0.03981 6.6
-0.03957 7.8
-0.03932 9.0
-0.03908 10.2
-0.03883 11.4
-0.03859 12.5
-0.03835 13.6
-0.0381 14.7
-0.03786 15.7
-0.03761 16.7
-0.03737 17.6
-0.03712 18.4
-0.03688 19.2
-0.03664 19.9
-0.03639 20.6
-0.03615 21.1
-0.0359 21.6
-0.03566 22.1
-0.03542 22.4
-0.03517 22.7
-0.03493 22.9
-0.03468 23.0
-0.03444 23.0
-0.03419 22.9
-0.03395 22.8
-0.03371 22.5
-0.03346 22.2
-0.03322 21.7
-0.03297 21.2
-0.03273 20.6
-0.03249 19.9
-0.03224 19.2
-0.032 18.3
-0.03175 17.4
-0.03151 16.4
-0.03127 15.3
-0.03102 14.2
-0.03078 13.0
-0.03053 11.7
-0.03029 10.4
-0.03004 9.0
-0.0298 7.6
-0.02956 6.1
-0.02931 4.6
-0.02907 3.1
-0.02882 1.5
-0.02858 0.0
-0.02834 -1.7
-0.02809 -3.3
-0.02785 -4.9
-0.0276 -6.4
-0.02736 -8.0
-0.02711 -9.5
-0.02687 -11.0
-0.02663 -12.5
-0.02638 -13.9
-0.02614 -15.3
-0.02589 -16.6
-0.02565 -17.8
-0.02541 -19.0
-0.02516 -20.1
-0.02492 -21.1
-0.02467 -22.0
-0.02443 -22.8
-0.02419 -23.5
-0.02394 -24.1
-0.0237 -24.6
-0.02345 -24.9
-0.02321 -25.2
-0.02296 -25.3
-0.02272 -25.3
-0.02248 -25.1
-0.02223 -24.8
-0.02199 -24.4
-0.02174 -23.9
-0.0215 -23.2
-0.02126 -22.4
-0.02101 -21.5
-0.02077 -20.4
-0.02052 -19.2
-0.02028 -17.9
-0.02003 -16.5
-0.01979 -15.0
-0.01955 -13.4
-0.0193 -11.7
-0.01906 -9.9
-0.01881 -8.0
-0.01857 -6.1
-0.01833 -4.1
-0.01808 -2.1
-0.01784 0.0
-0.01759 2.1
-0.01735 4.2
-0.01711 6.3
-0.01686 8.4
-0.01662 10.4
-0.01637 12.4
-0.01613 14.4
-0.01588 16.3
-0.01564 18.0
-0.0154 19.7
-0.01515 21.3
-0.01491 22.8
-0.01466 24.1
-0.01442 25.2
-0.01418 26.2
-0.01393 27.1
-0.01369 27.7
-0.01344 28.1
-0.0132 28.4
-0.01295 28.4
-0.01271 28.2
-0.01247 27.8
-0.01222 27.2
-0.01198 26.3
-0.01173 25.3
-0.01149 24.0
-0.01125 22.5
-0.011 20.8
-0.01076 18.8
-0.01051 16.7
-0.01027 14.5
-0.01003 12.0
-0.00978 9.5
-0.00954 6.7
-0.00929 3.9
-0.00905 1.0
-0.0088 -1.9
-0.00856 -4.9
-0.00832 -7.9
-0.00807 -10.8
-0.00783 -13.7
-0.00758 -16.5
-0.00734 -19.2
-0.0071 -21.7
-0.00685 -24.1
-0.00661 -26.2
-0.00636 -28.0
-0.00612 -29.6
-0.00587 -30.9
-0.00563 -31.8
-0.00539 -32.3
-0.00514 -32.5
-0.0049 -32.2
-0.00465 -31.6
-0.00441 -30.5
-0.00417 -28.9
-0.00392 -27.0
-0.00368 -24.6
-0.00343 -21.8
-0.00319 -18.6
-0.00294 -15.1
-0.0027 -11.3
-0.00246 -7.1
-0.00221 -2.8
-0.00197 1.7
-0.00172 6.2
-0.00148 10.7
-0.00124 15.2
-0.00099 19.5
-0.00075 23.4
-0.0005 27.0
-0.00026 30.0
-2e-05 32.4
0.00023 34.1
0.00047 35.0
0.00072 35.0
0.00096 34.2
0.00121 32.4
0.00145 29.7
0.00169 26.2
0.00194 22.0
0.00218 17.0
0.00243 11.6
0.00267 5.8
0.00291 -0.2
0.00316 -6.1
0.0034 -11.7
0.00365 -16.8
0.00389 -21.3
0.00414 -24.9
0.00438 -27.6
0.00462 -29.2
0.00487 -29.6
0.00511 -28.9
0.00536 -27.1
0.0056 -24.3
0.00584 -20.6
0.00609 -16.3
0.00633 -11.4
0.00658 -6.3
0.00682 -1.1
0.00706 3.8
0.00731 8.4
0.00755 12.4
0.0078 15.6
0.00804 18.0
0.00829 19.5
0.00853 20.0
0.00877 19.6
0.00902 18.3
0.00926 16.3
0.00951 13.6
0.00975 10.5
0.00999 7.1
0.01024 3.5
0.01048 0.0
0.01073 -3.2
0.01097 -6.1
0.01122 -8.5
0.01146 -10.3
0.0117 -11.5
0.01195 -12.1
0.01219 -12.0
0.01244 -11.4
0.01268 -10.2
0.01292 -8.6
0.01317 -6.7
0.01341 -4.6
0.01366 -2.5
0.0139 -0.3
0.01414 1.7
0.01439 3.5
0.01463 5.0
0.01488 6.1
0.01512 6.8
0.01537 7.1
0.01561 7.1
0.01585 6.7
0.0161 6.0
0.01634 5.0
0.01659 3.8
0.01683 2.6
0.01707 1.2
0.01732 0.0
0.01756 -1.2
0.01781 -2.3
0.01805 -3.1
0.0183 -3.7
0.01854 -4.1
0.01878 -4.2
0.01903 -4.2
0.01927 -3.9
0.01952 -3.4
0.01976 -2.8
0.02 -2.1
0.02025 -1.3
0.02049 -0.5
0.02074 0.3
0.02098 0.9
0.02122 1.5
0.02147 2.0
0.02171 2.3
0.02196 2.5
0.0222 2.5
0.02245 2.4
0.02269 2.2
0.02293 1.9
0.02318 1.5
0.02342 1.1
0.02367 0.6
0.02391 0.1
0.02415 -0.3
0.0244 -0.7
0.02464 -1.0
0.02489 -1.3
0.02513 -1.4
0.02538 -1.5
0.02562 -1.5
0.02586 -1.4
0.02611 -1.3
0.02635 -1.1
0.0266 -0.8
0.02684 -0.5
0.02708 -0.3
0.02733 0.0
0.02757 0.3
0.02782 0.5
0.02806 0.7
0.02831 0.8
0.02855 0.9
0.02879 0.9
0.02904 0.9
0.02928 0.8
0.02953 0.7
0.02977 0.6
0.03001 0.4
0.03026 0.3
0.0305 0.0
0.03075 0.0
0.03099 -0.2
0.03123 -0.3
0.03148 -0.4
0.03172 -0.5
0.03197 -0.5
0.03221 -0.6
0.03246 -0.5
0.0327 -0.5
0.03294 -0.4
0.03319 -0.3
0.03343 -0.2
0.03368 -0.1
0.03392 0.0
0.03416 0.0
0.03441 0.2
0.03465 0.2
0.0349 0.3
0.03514 0.3
0.03539 0.3
0.03563 0.3
0.03587 0.3
0.03612 0.3
0.03636 0.2
0.03661 0.2
0.03685 0.1
0.03709 0.0
0.03734 0.0
0.03758 0.0
0.03783 -0.1
0.03807 -0.2
0.03831 -0.2
0.03856 -0.2
0.0388 -0.2
0.03905 -0.2
0.03929 -0.2
0.03954 -0.2
0.03978 -0.1
0.04002 0.0
0.04027 0.0
0.04051 0.0
0.04076 0.0
0.041 0.0
0.04124 0.0
0.04149 0.0
0.04173 0.1
0.04198 0.1
0.04222 0.1
0.04247 0.1
0.04271 0.1
0.04295 0.0
0.0432 0.0
0.04344 0.0
0.04369 0.0
0.04393 0.0
0.04417 0.0
0.04442 0.0
0.04466 0.0
0.04491 0.0
0.04515 0.0
0.04539 0.0
0.04564 0.0
0.04588 0.0
0.04613 0.0
0.04637 0.0
0.04662 0.0
0.04686 0.0
0.0471 0.0
0.04735 0.0
0.04759 0.0
0.04784 0.0
0.04808 0.0
0.04832 0.0
0.04857 0.0
0.04881 0.0
0.04906 0.0
0.0493 0.0
0.04955 0.0
0.04979 0.0
0.05003 0.0
0.05028 0.0
0.05052 0.0
0.05077 0.0
0.05101 0.0
0.05125 0.0
0.0515 0.0
0.05174 0.0
0.05199 0.0
0.05223 0.0
0.05247 0.0
0.05272 0.0
0.05296 0.0
0.05321 0.0
0.05345 0.0
0.0537 0.0
0.05394 0.0
0.05418 0.0
0.05443 0.0
0.05467 0.0
0.05492 0.0
0.05516 0.0
0.0554 0.0
0.05565 0.0
0.05589 0.0
0.05614 0.0
0.05638 0.0
0.05663 0.0
0.05687 0.0
0.05711 0.0
0.05736 0.0
0.0576 0.0
0.05785 0.0
0.05809 0.0
0.05833 0.0
0.05858 0.0
0.05882 0.0
0.05907 0.0
0.05931 0.0
0.05956 0.0
0.0598 0.0
0.06004 0.0
0.06029 0.0
0.06053 0.0
0.06078 0.0
0.06102 0.0
0.06126 0.0
0.06151 0.0
0.06175 0.0
0.062 0.0
0.06224 0.0
0.06248 0.0
0.06273 0.0
0.06297 0.0
0.06322 0.0
0.06346 0.0
0.06371 0.0
0.06395 0.0
0.06419 0.0
0.06444 0.0
0.06468 0.0
0.06493 0.0
0.06517 0.0
0.06541 0.0
0.06566 0.0
0.0659 0.0
0.06615 0.0
0.06639 0.0
0.06664 0.0
0.06688 0.0
0.06712 0.0
0.06737 0.0
0.06761 0.0
0.06786 0.0
0.0681 0.0
0.06834 0.0
0.06859 0.0
0.06883 0.0
0.06908 0.0
0.06932 0.0
0.06956 0.0
0.06981 0.0
0.07005 0.0
0.0703 0.0
0.07054 0.0
0.07079 0.0
0.07103 0.0
0.07127 0.0
0.07152 0.0
0.07176 0.0
0.07201 0.0
0.07225 0.0
0.07249 0.0
0.07274 0.0
0.07298 0.0
0.07323 0.0
0.07347 0.0
0.07372 0.0
0.07396 0.0
0.0742 0.0
0.07445 0.0
0.07469 0.0
0.07494 0.0
0.07518 0.0
0.07542 0.0
0.07567 0.0
0.07591 0.0
0.07616 0.0
0.0764 0.0
0.07664 0.0
0.07689 0.0
0.07713 0.0
0.07738 0.0
0.07762 0.0
0.07787 0.0
0.07811 0.0
0.07835 0.0
0.0786 0.0
0.07884 0.0
0.07909 0.0
0.07933 0.0
0.07957 0.0
0.07982 0.0
0.08006 0.0
0.08031 0.0
0.08055 0.0
0.0808 0.0
0.08104 0.0
0.08128 0.0
0.08153 0.0
0.08177 0.0
0.08202 0.0
0.08226 0.0
0.0825 0.0
0.08275 0.0
0.08299 0.0
0.08324 0.0
0.08348 0.0
0.08372 0.0
0.08397 0.0
0.08421 0.0
0.08446 0.0
0.0847 0.0
0.08495 0.0
0.08519 0.0
0.08543 0.0
0.08568 0.0
0.08592 0.0
0.08617 0.0
0.08641 0.0
0.08665 0.0
0.0869 0.0
0.08714 0.0
0.08739 0.0
0.08763 0.0
0.08788 0.0
0.08812 0.0
0.08836 0.0
0.08861 0.0
0.08885 0.0
0.0891 0.0
0.08934 0.0
0.08958 0.0
0.08983 0.0
0.09007 0.0
0.09032 0.0
0.09056 0.0
0.09081 0.0
0.09105 0.0
0.09129 0.0
0.09154 0.0
0.09178 0.0
0.09203 0.0
0.09227 0.0
0.09251 0.0
0.09276 0.0
0.093 0.0
0.09325 0.0
0.09349 0.0
0.09373 0.0
0.09398 0.0
0.09422 0.0
0.09447 0.0
0.09471 0.0
0.09496 0.0
0.0952 0.0
0.09544 0.0
0.09569 0.0
0.09593 0.0
0.09618 0.0
0.09642 0.0
0.09666 0.0
0.09691 0.0
0.09715 0.0
0.0974 0.0
0.09764 0.0
0.09789 0.0
0.09813 0.0
0.09837 0.0
0.09862 0.0
0.09886 0.0
0.09911 0.0
0.09935 0.0
0.09959 0.0
0.09984 0.0
0.10008 0.0
0.10033 0.0
0.10057 0.0
0.10081 0.0
0.10106 0.0
0.1013 0.0
0.10155 0.0
0.10179 0.0
0.10204 0.0
0.10228 0.0
0.10252 0.0
0.10277 0.0
0.10301 0.0
0.10326 0.0
0.1035 0.0
0.10374 0.0
0.10399 0.0
0.10423 0.0
0.10448 0.0
0.10472 0.0
0.10497 0.0
0.10521 0.0
0.10545 0.0
0.1057 0.0
0.10594 0.0
0.10619 0.0
0.10643 0.0
0.10667 0.0
0.10692 0.0
0.10716 0.0
0.10741 0.0
0.10765 0.0
0.10789 0.0
0.10814 0.0
0.10838 0.0
0.10863 0.0
0.10887 0.0
0.10912 0.0
0.10936 0.0
0.1096 0.0
0.10985 0.0
0.11009 0.0
0.11034 0.0
0.11058 0.0
0.11082 0.0
0.11107 0.0
0.11131 0.0
0.11156 0.0
0.1118 0.0
0.11205 0.0
0.11229 0.0
0.11253 0.0
0.11278 0.0
0.11302 0.0
0.11327 0.0
0.11351 0.0
0.11375 0.0
0.114 0.0
0.11424 0.0
0.11449 0.0
0.11473 0.0
0.11497 0.0
0.11522 0.0
0.11546 0.0
0.11571 0.0
0.11595 0.0
0.1162 0.0
0.11644 0.0
0.11668 0.0
0.11693 0.0
0.11717 0.0
0.11742 0.0
0.11766 0.0
0.1179 0.0
0.11815 0.0
0.11839 0.0
0.11864 0.0
0.11888 0.0
0.11913 0.0
0.11937 0.0
0.11961 0.0
0.11986 0.0
0.1201 0.0
0.12035 0.0
0.12059 0.0
0.12083 0.0
0.12108 0.0
0.12132 0.0
0.12157 0.0
0.12181 0.0
0.12206 0.0
0.1223 0.0
0.12254 0.0
0.12279 0.0
0.12303 0.0
0.12328 0.0
0.12352 0.0
0.12376 0.0
0.12401 0.0
0.12425 0.0
0.1245 0.0
0.12474 0.0
0.12498 0.0
0.12523 0.0
0.12547 0.0
0.12572 0.0
0.12596 0.0
0.12621 0.0
0.12645 0.0
0.12669 0.0
0.12694 0.0
0.12718 0.0
0.12743 0.0
0.12767 0.0
0.12791 0.0
0.12816 0.0
0.1284 0.0
0.12865 0.0
0.12889 0.0
0.12914 0.0
0.12938 0.0
0.12962 0.0
0.12987 0.0
0.13011 0.0
0.13036 0.0
0.1306 0.0
0.13084 0.0
0.13109 0.0
0.13133 0.0
0.13158 0.0
0.13182 0.0
0.13206 0.0
0.13231 0.0
0.13255 0.0
0.1328 0.0
0.13304 0.0
0.13329 0.0
0.13353 0.0
0.13377 0.0
0.13402 0.0
0.13426 0.0
0.13451 0.0
0.13475 0.0
0.13499 0.0
0.13524 0.0
0.13548 0.0
0.13573 0.0
0.13597 0.0
0.13622 0.0
0.13646 0.0
0.1367 0.0
0.13695 0.0
0.13719 0.0
0.13744 0.0
0.13768 0.0
0.13792 0.0
0.13817 0.0
0.13841 0.0
0.13866 0.0
0.1389 0.0
0.13914 0.0
0.13939 0.0
0.13963 0.0
0.13988 0.0
0.14012 0.0
0.14037 0.0
0.14061 0.0
0.14085 0.0
0.1411 0.0
0.14134 0.0
0.14159 0.0
0.14183 0.0
0.14207 0.0
0.14232 0.0
0.14256 0.0
0.14281 0.0
0.14305 0.0
0.1433 0.0
0.14354 0.0
0.14378 0.0
0.14403 0.0
0.14427 0.0
0.14452 0.0
0.14476 0.0
0.145 0.0
0.14525 0.0
0.14549 0.0
0.14574 0.0
0.14598 0.0
0.14622 0.0
0.14647 0.0
0.14671 0.0
0.14696 0.0
0.1472 0.0
0.14745 0.0
0.14769 0.0
0.14793 0.0
0.14818 0.0
0.14842 0.0
0.14867 0.0
0.14891 0.0
0.14915 0.0
0.1494 0.0
0.14964 0.0
0.14989 0.0
0.15013 0.0
0.15038 0.0
0.15062 0.0
0.15086 0.0
0.15111 0.0
0.15135 0.0
0.1516 0.0
0.15184 0.0
0.15208 0.0
0.15233 0.0
0.15257 0.0
0.15282 0.0
0.15306 0.0
0.15331 0.0
0.15355 0.0
0.15379 0.0
0.15404 0.0
0.15428 0.0
0.15453 0.0
0.15477 0.0
0.15501 0.0
0.15526 0.0
0.1555 0.0
0.15575 0.0
0.15599 0.0
0.15623 0.0
0.15648 0.0
0.15672 0.0
0.15697 0.0
0.15721 0.0
0.15746 0.0
0.1577 0.0
0.15794 0.0
0.15819 0.0
0.15843 0.0
0.15868 0.0
0.15892 0.0
0.15916 0.0
0.15941 0.0
0.15965 0.0
0.1599 0.0
0.16014 0.0
0.16039 0.0
0.16063 0.0
0.16087 0.0
0.16112 0.0
0.16136 0.0
0.16161 0.0
0.16185 0.0
0.16209 0.0
0.16234 0.0
0.16258 0.0
0.16283 0.0
0.16307 0.0
0.16331 0.0
0.16356 0.0
0.1638 0.0
0.16405 0.0
0.16429 0.0
0.16454 0.0
0.16478 0.0
0.16502 0.0
0.16527 0.0
0.16551 0.0
0.16576 0.0
0.166 0.0
0.16624 0.0
0.16649 0.0
0.16673 0.0
0.16698 0.0
0.16722 0.0
0.16747 0.0
0.16771 0.0
0.16795 0.0
0.1682 0.0
0.16844 0.0
0.16869 0.0
0.16893 0.0
0.16917 0.0
0.16942 0.0
0.16966 0.0
0.16991 0.0
0.17015 0.0
0.17039 0.0
0.17064 0.0
0.17088 0.0
0.17113 0.0
0.17137 0.0
0.17162 0.0
0.17186 0.0
0.1721 0.0
0.17235 0.0
0.17259 0.0
0.17284 0.0
0.17308 0.0
0.17332 0.0
0.17357 0.0
0.17381 0.0
0.17406 0.0
0.1743 0.0
0.17455 0.0
0.17479 0.0
0.17503 0.0
0.17528 0.0
0.17552 0.0
0.17577 0.0
0.17601 0.0
0.17625 0.0
0.1765 0.0
0.17674 0.0
0.17699 0.0
0.17723 0.0
0.17747 0.0
0.17772 0.0
0.17796 0.0
0.17821 0.0
0.17845 0.0
0.1787 0.0
0.17894 0.0
0.17918 0.0
0.17943 0.0
0.17967 0.0
0.17992 0.0
0.18016 0.0
0.1804 0.0
0.18065 0.0
0.18089 0.0
0.18114 0.0
0.18138 0.0
0.18163 0.0
0.18187 0.0
0.18211 0.0
0.18236 0.0
0.1826 0.0
0.18285 0.0
0.18309 0.0
0.18333 0.0
0.18358 0.0
0.18382 0.0
0.18407 0.0
0.18431 0.0
0.18456 0.0
0.1848 0.0
0.18504 0.0
0.18529 0.0
0.18553 0.0
0.18578 0.0
0.18602 0.0
0.18626 0.0
0.18651 0.0
0.18675 0.0
0.187 0.0
0.18724 0.0
0.18748 0.0
0.18773 0.0
0.18797 0.0
0.18822 0.0
0.18846 0.0
0.18871 0.0
0.18895 0.0
0.18919 0.0
0.18944 0.0
0.18968 0.0
0.18993 0.0
0.19017 0.0
0.19041 0.0
0.19066 0.0
0.1909 0.0
0.19115 0.0
0.19139 0.0
0.19164 0.0
0.19188 0.0
0.19212 0.0
0.19237 0.0
0.19261 0.0
0.19286 0.0
0.1931 0.0
0.19334 0.0
0.19359 0.0
0.19383 0.0
0.19408 0.0
0.19432 0.0
0.19456 0.0
0.19481 0.0
0.19505 0.0
0.1953 0.0
0.19554 0.0
0.19579 0.0
0.19603 0.0
0.19627 0.0
0.19652 0.0
0.19676 0.0
0.19701 0.0
0.19725 0.0
0.19749 0.0
0.19774 0.0
0.19798 0.0
0.19823 0.0
0.19847 0.0
0.19872 0.0
0.19896 0.0
0.1992 0.0
0.19945 0.0
0.19969 0.0
0.19994 0.0
0.20018 0.0
0.20042 0.0
0.20067 0.0
0.20091 0.0
0.20116 0.0
0.2014 0.0
0.20164 0.0
0.20189 0.0
0.20213 0.0
0.20238 0.0
0.20262 0.0
0.20287 0.0
0.20311 0.0
0.20335 0.0
0.2036 0.0
0.20384 0.0
0.20409 0.0
0.20433 0.0
0.20457 0.0
0.20482 0.0
0.20506 0.0
0.20531 0.0
0.20555 0.0
0.2058 0.0
0.20604 0.0
0.20628 0.0
0.20653 0.0
0.20677 0.0
0.20702 0.0
0.20726 0.0
0.2075 0.0
0.20775 0.0
0.20799 0.0
0.20824 0.0
0.20848 0.0
0.20872 0.0
0.20897 0.0
0.20921 0.0
0.20946 0.0
0.2097 0.0
0.20995 0.0
0.21019 0.0
0.21043 0.0
0.21068 0.0
0.21092 0.0
0.21117 0.0
0.21141 0.0
0.21165 0.0
0.2119 0.0
0.21214 0.0
0.21239 0.0
0.21263 0.0
0.21288 0.0
0.21312 0.0
0.21336 0.0
0.21361 0.0
0.21385 0.0
0.2141 0.0
0.21434 0.0
0.21458 0.0
0.21483 0.0
0.21507 0.0
0.21532 0.0
0.21556 0.0
0.21581 0.0
0.21605 0.0
0.21629 0.0
0.21654 0.0
0.21678 0.0
0.21703 0.0
0.21727 0.0
0.21751 0.0
0.21776 0.0
0.218 0.0
0.21825 0.0
0.21849 0.0
0.21873 0.0
0.21898 0.0
0.21922 0.0
0.21947 0.0
0.21971 0.0
0.21996 0.0
0.2202 0.0
0.22044 0.0
0.22069 0.0
0.22093 0.0
0.22118 0.0
0.22142 0.0
0.22166 0.0
0.22191 0.0
0.22215 0.0
0.2224 0.0
0.22264 0.0
0.22289 0.0
0.22313 0.0
0.22337 0.0
0.22362 0.0
0.22386 0.0
0.22411 0.0
0.22435 0.0
0.22459 0.0
0.22484 0.0
0.22508 0.0
0.22533 0.0
0.22557 0.0
0.22581 0.0
0.22606 0.0
0.2263 0.0
0.22655 0.0
0.22679 0.0
0.22704 0.0
0.22728 0.0
0.22752 0.0
0.22777 0.0
0.22801 0.0
0.22826 0.0
0.2285 0.0
0.22874 0.0
0.22899 0.0
0.22923 0.0
0.22948 0.0
0.22972 0.0
0.22997 0.0
0.23021 0.0
0.23045 0.0
0.2307 0.0
0.23094 0.0
0.23119 0.0
0.23143 0.0
0.23167 0.0
0.23192 0.0
0.23216 0.0
0.23241 0.0
0.23265 0.0
0.23289 0.0
0.23314 0.0
0.23338 0.0
0.23363 0.0
0.23387 0.0
0.23412 0.0
0.23436 0.0
0.2346 0.0
0.23485 0.0
0.23509 0.0
0.23534 0.0
0.23558 0.0
0.23582 0.0
0.23607 0.0
0.23631 0.0
0.23656 0.0
0.2368 0.0
0.23705 0.0
0.23729 0.0
0.23753 0.0
0.23778 0.0
0.23802 0.0
0.23827 0.0
0.23851 0.0
0.23875 0.0
0.239 0.0
0.23924 0.0
0.23949 0.0
0.23973 0.0
0.23997 0.0
0.24022 0.0
0.24046 0.0
0.24071 0.0
0.24095 0.0
0.2412 0.0
0.24144 0.0
0.24168 0.0
0.24193 0.0
0.24217 0.0
0.24242 0.0
0.24266 0.0
0.2429 0.0
0.24315 0.0
0.24339 0.0
0.24364 0.0
0.24388 0.0
0.24413 0.0
0.24437 0.0
0.24461 0.0
0.24486 0.0
0.2451 0.0
0.24535 0.0
0.24559 0.0
0.24583 0.0
0.24608 0.0
0.24632 0.0
0.24657 0.0
0.24681 0.0
0.24706 0.0
0.2473 0.0
0.24754 0.0
0.24779 0.0
0.24803 0.0
0.24828 0.0
0.24852 0.0
0.24876 0.0
0.24901 0.0
0.24925 0.0
0.2495 0.0
0.24974 0.0
0.24998 0.0
0.25023 0.0
0.25047 0.0
0.25072 0.0
0.25096 0.0
0.25121 0.0
0.25145 0.0
0.25169 0.0
0.25194 0.0
0.25218 0.0
0.25243 0.0
0.25267 0.0
0.25291 0.0
0.25316 0.0
0.2534 0.0
0.25365 0.0
0.25389 0.0
0.25414 0.0
0.25438 0.0
0.25462 0.0
0.25487 0.0
0.25511 0.0
0.25536 0.0
0.2556 0.0
0.25584 0.0
0.25609 0.0
0.25633 0.0
0.25658 0.0
0.25682 0.0
0.25706 0.0
0.25731 0.0
0.25755 0.0
0.2578 0.0
0.25804 0.0
0.25829 0.0
0.25853 0.0
0.25877 0.0
0.25902 0.0
0.25926 0.0
0.25951 0.0
0.25975 0.0
0.25999 0.0
0.26024 0.0
0.26048 0.0
0.26073 0.0
0.26097 0.0
0.26122 0.0
0.26146 0.0
0.2617 0.0
0.26195 0.0
0.26219 0.0
0.26244 0.0
0.26268 0.0
0.26292 0.0
0.26317 0.0
0.26341 0.0
