t strain*1e23
-0.49952 -9.4
-0.49928 -9.4
-0.49903 -9.2
-0.49879 -9.1
-0.49855 -9.0
-0.4983 -8.8
-0.49806 -8.7
-0.49781 -8.5
-0.49757 -8.3
-0.49733 -8.1
-0.49708 -7.9
-0.49684 -7.7
-0.49659 -7.5
-0.49635 -7.2
-0.49611 -7.0
-0.49586 -6.7
-0.49562 -6.4
-0.49537 -6.1
-0.49513 -5.8
-0.49488 -5.5
-0.49464 -5.2
-0.4944 -4.9
-0.49415 -4.6
-0.49391 -4.2
-0.49366 -3.9
-0.49342 -3.5
-0.49318 -3.2
-0.49293 -2.8
-0.49269 -2.5
-0.49244 -2.1
-0.4922 -1.7
-0.49195 -1.4
-0.49171 -1.0
-0.49147 -0.6
-0.49122 -0.2
-0.49098 0.1
-0.49073 0.5
-0.49049 0.9
-0.49025 1.3
-0.49 1.6
-0.48976 2.0
-0.48951 2.4
-0.48927 2.7
-0.48903 3.1
-0.48878 3.5
-0.48854 3.8
-0.48829 4.2
-0.48805 4.5
-0.4878 4.8
-0.48756 5.1
-0.48732 5.5
-0.48707 5.8
-0.48683 6.1
-0.48658 6.4
-0.48634 6.7
-0.4861 6.9
-0.48585 7.2
-0.48561 7.4
-0.48536 7.7
-0.48512 7.9
-0.48487 8.1
-0.48463 8.3
-0.48439 8.5
-0.48414 8.7
-0.4839 8.9
-0.48365 9.0
-0.48341 9.2
-0.48317 9.3
-0.48292 9.4
-0.48268 9.5
-0.48243 9.6
-0.48219 9.7
-0.48195 9.7
-0.4817 9.8
-0.48146 9.8
-0.48121 9.8
-0.48097 9.8
-0.48072 9.8
-0.48048 9.7
-0.48024 9.7
-0.47999 9.6
-0.47975 9.6
-0.4795 9.5
-0.47926 9.4
-0.47902 9.2
-0.47877 9.1
-0.47853 9.0
-0.47828 8.8
-0.47804 8.6
-0.47779 8.4
-0.47755 8.2
-0.47731 8.0
-0.47706 7.8
-0.47682 7.6
-0.47657 7.3
-0.47633 7.0
-0.47609 6.8
-0.47584 6.5
-0.4756 6.2
-0.47535 5.9
-0.47511 5.6
-0.47486 5.3
-0.47462 4.9
-0.47438 4.6
-0.47413 4.3
-0.47389 3.9
-0.47364 3.6
-0.4734 3.2
-0.47316 2.8
-0.47291 2.5
-0.47267 2.1
-0.47242 1.7
-0.47218 1.3
-0.47194 1.0
-0.47169 0.6
-0.47145 0.2
-0.4712 -0.2
-0.47096 -0.6
-0.47071 -1.0
-0.47047 -1.4
-0.47023 -1.7
-0.46998 -2.1
-0.46974 -2.5
-0.46949 -2.9
-0.46925 -3.2
-0.46901 -3.6
-0.46876 -3.9
-0.46852 -4.3
-0.46827 -4.6
-0.46803 -5.0
-0.46778 -5.3
-0.46754 -5.6
-0.4673 -5.9
-0.46705 -6.3
-0.46681 -6.5
-0.46656 -6.8
-0.46632 -7.1
-0.46608 -7.4
-0.46583 -7.6
-0.46559 -7.9
-0.46534 -8.1
-0.4651 -8.3
-0.46486 -8.5
-0.46461 -8.7
-0.46437 -8.9
-0.46412 -9.0
-0.46388 -9.2
-0.46363 -9.3
-0.46339 -9.5
-0.46315 -9.6
-0.4629 -9.7
-0.46266 -9.7
-0.46241 -9.8
-0.46217 -9.8
-0.46193 -9.9
-0.46168 -9.9
-0.46144 -9.9
-0.46119 -9.9
-0.46095 -9.8
-0.4607 -9.8
-0.46046 -9.7
-0.46022 -9.7
-0.45997 -9.6
-0.45973 -9.5
-0.45948 -9.3
-0.45924 -9.2
-0.459 -9.1
-0.45875 -8.9
-0.45851 -8.7
-0.45826 -8.5
-0.45802 -8.3
-0.45778 -8.1
-0.45753 -7.9
-0.45729 -7.6
-0.45704 -7.4
-0.4568 -7.1
-0.45655 -6.8
-0.45631 -6.5
-0.45607 -6.3
-0.45582 -5.9
-0.45558 -5.6
-0.45533 -5.3
-0.45509 -5.0
-0.45485 -4.6
-0.4546 -4.3
-0.45436 -3.9
-0.45411 -3.5
-0.45387 -3.2
-0.45362 -2.8
-0.45338 -2.4
-0.45314 -2.0
-0.45289 -1.7
-0.45265 -1.3
-0.4524 -0.9
-0.45216 -0.5
-0.45192 0.0
-0.45167 0.3
-0.45143 0.7
-0.45118 1.1
-0.45094 1.5
-0.4507 1.9
-0.45045 2.3
-0.45021 2.6
-0.44996 3.0
-0.44972 3.4
-0.44947 3.8
-0.44923 4.1
-0.44899 4.5
-0.44874 4.8
-0.4485 5.2
-0.44825 5.5
-0.44801 5.8
-0.44777 6.2
-0.44752 6.5
-0.44728 6.8
-0.44703 7.0
-0.44679 7.3
-0.44654 7.6
-0.4463 7.8
-0.44606 8.1
-0.44581 8.3
-0.44557 8.5
-0.44532 8.7
-0.44508 8.9
-0.44484 9.1
-0.44459 9.2
-0.44435 9.4
-0.4441 9.5
-0.44386 9.6
-0.44361 9.7
-0.44337 9.8
-0.44313 9.9
-0.44288 9.9
-0.44264 10.0
-0.44239 10.0
-0.44215 10.0
-0.44191 10.0
-0.44166 9.9
-0.44142 9.9
-0.44117 9.8
-0.44093 9.8
-0.44069 9.7
-0.44044 9.6
-0.4402 9.4
-0.43995 9.3
-0.43971 9.2
-0.43946 9.0
-0.43922 8.8
-0.43898 8.6
-0.43873 8.4
-0.43849 8.2
-0.43824 7.9
-0.438 7.7
-0.43776 7.4
-0.43751 7.2
-0.43727 6.9
-0.43702 6.6
-0.43678 6.3
-0.43653 5.9
-0.43629 5.6
-0.43605 5.3
-0.4358 4.9
-0.43556 4.6
-0.43531 4.2
-0.43507 3.9
-0.43483 3.5
-0.43458 3.1
-0.43434 2.7
-0.43409 2.3
-0.43385 1.9
-0.43361 1.5
-0.43336 1.1
-0.43312 0.7
-0.43287 0.3
-0.43263 0.0
-0.43238 -0.5
-0.43214 -0.9
-0.4319 -1.3
-0.43165 -1.7
-0.43141 -2.1
-0.43116 -2.5
-0.43092 -2.9
-0.43068 -3.3
-0.43043 -3.6
-0.43019 -4.0
-0.42994 -4.4
-0.4297 -4.7
-0.42945 -5.1
-0.42921 -5.4
-0.42897 -5.8
-0.42872 -6.1
-0.42848 -6.4
-0.42823 -6.7
-0.42799 -7.0
-0.42775 -7.3
-0.4275 -7.6
-0.42726 -7.9
-0.42701 -8.1
-0.42677 -8.3
-0.42653 -8.6
-0.42628 -8.8
-0.42604 -9.0
-0.42579 -9.1
-0.42555 -9.3
-0.4253 -9.5
-0.42506 -9.6
-0.42482 -9.7
-0.42457 -9.8
-0.42433 -9.9
-0.42408 -10.0
-0.42384 -10.0
-0.4236 -10.1
-0.42335 -10.1
-0.42311 -10.1
-0.42286 -10.1
-0.42262 -10.0
-0.42237 -10.0
-0.42213 -9.9
-0.42189 -9.9
-0.42164 -9.8
-0.4214 -9.6
-0.42115 -9.5
-0.42091 -9.4
-0.42067 -9.2
-0.42042 -9.0
-0.42018 -8.9
-0.41993 -8.7
-0.41969 -8.4
-0.41945 -8.2
-0.4192 -8.0
-0.41896 -7.7
-0.41871 -7.4
-0.41847 -7.1
-0.41822 -6.8
-0.41798 -6.5
-0.41774 -6.2
-0.41749 -5.9
-0.41725 -5.5
-0.417 -5.2
-0.41676 -4.8
-0.41652 -4.5
-0.41627 -4.1
-0.41603 -3.7
-0.41578 -3.3
-0.41554 -2.9
-0.41529 -2.5
-0.41505 -2.1
-0.41481 -1.7
-0.41456 -1.3
-0.41432 -0.9
-0.41407 -0.5
-0.41383 0.0
-0.41359 0.3
-0.41334 0.7
-0.4131 1.2
-0.41285 1.6
-0.41261 2.0
-0.41236 2.4
-0.41212 2.8
-0.41188 3.2
-0.41163 3.6
-0.41139 4.0
-0.41114 4.3
-0.4109 4.7
-0.41066 5.1
-0.41041 5.4
-0.41017 5.8
-0.40992 6.1
-0.40968 6.5
-0.40944 6.8
-0.40919 7.1
-0.40895 7.4
-0.4087 7.7
-0.40846 7.9
-0.40821 8.2
-0.40797 8.4
-0.40773 8.6
-0.40748 8.9
-0.40724 9.1
-0.40699 9.2
-0.40675 9.4
-0.40651 9.6
-0.40626 9.7
-0.40602 9.8
-0.40577 9.9
-0.40553 10.0
-0.40528 10.1
-0.40504 10.1
-0.4048 10.2
-0.40455 10.2
-0.40431 10.2
-0.40406 10.2
-0.40382 10.1
-0.40358 10.1
-0.40333 10.0
-0.40309 9.9
-0.40284 9.8
-0.4026 9.7
-0.40236 9.6
-0.40211 9.4
-0.40187 9.3
-0.40162 9.1
-0.40138 8.9
-0.40113 8.7
-0.40089 8.4
-0.40065 8.2
-0.4004 7.9
-0.40016 7.6
-0.39991 7.4
-0.39967 7.1
-0.39943 6.8
-0.39918 6.4
-0.39894 6.1
-0.39869 5.7
-0.39845 5.4
-0.3982 5.0
-0.39796 4.7
-0.39772 4.3
-0.39747 3.9
-0.39723 3.5
-0.39698 3.1
-0.39674 2.7
-0.3965 2.3
-0.39625 1.9
-0.39601 1.4
-0.39576 1.0
-0.39552 0.6
-0.39528 0.2
-0.39503 -0.3
-0.39479 -0.7
-0.39454 -1.1
-0.3943 -1.5
-0.39405 -1.9
-0.39381 -2.4
-0.39357 -2.8
-0.39332 -3.2
-0.39308 -3.6
-0.39283 -4.0
-0.39259 -4.4
-0.39235 -4.8
-0.3921 -5.1
-0.39186 -5.5
-0.39161 -5.9
-0.39137 -6.2
-0.39112 -6.5
-0.39088 -6.9
-0.39064 -7.2
-0.39039 -7.5
-0.39015 -7.8
-0.3899 -8.0
-0.38966 -8.3
-0.38942 -8.6
-0.38917 -8.8
-0.38893 -9.0
-0.38868 -9.2
-0.38844 -9.4
-0.3882 -9.6
-0.38795 -9.7
-0.38771 -9.8
-0.38746 -10.0
-0.38722 -10.1
-0.38697 -10.1
-0.38673 -10.2
-0.38649 -10.3
-0.38624 -10.3
-0.386 -10.3
-0.38575 -10.3
-0.38551 -10.3
-0.38527 -10.2
-0.38502 -10.2
-0.38478 -10.1
-0.38453 -10.0
-0.38429 -9.9
-0.38404 -9.7
-0.3838 -9.6
-0.38356 -9.4
-0.38331 -9.2
-0.38307 -9.0
-0.38282 -8.8
-0.38258 -8.6
-0.38234 -8.4
-0.38209 -8.1
-0.38185 -7.8
-0.3816 -7.5
-0.38136 -7.2
-0.38111 -6.9
-0.38087 -6.6
-0.38063 -6.2
-0.38038 -5.9
-0.38014 -5.5
-0.37989 -5.2
-0.37965 -4.8
-0.37941 -4.4
-0.37916 -4.0
-0.37892 -3.6
-0.37867 -3.2
-0.37843 -2.8
-0.37819 -2.3
-0.37794 -1.9
-0.3777 -1.5
-0.37745 -1.0
-0.37721 -0.6
-0.37696 -0.2
-0.37672 0.3
-0.37648 0.7
-0.37623 1.1
-0.37599 1.6
-0.37574 2.0
-0.3755 2.4
-0.37526 2.9
-0.37501 3.3
-0.37477 3.7
-0.37452 4.1
-0.37428 4.5
-0.37403 4.9
-0.37379 5.3
-0.37355 5.6
-0.3733 6.0
-0.37306 6.4
-0.37281 6.7
-0.37257 7.0
-0.37233 7.4
-0.37208 7.7
-0.37184 7.9
-0.37159 8.2
-0.37135 8.5
-0.37111 8.7
-0.37086 9.0
-0.37062 9.2
-0.37037 9.4
-0.37013 9.6
-0.36988 9.7
-0.36964 9.9
-0.3694 10.0
-0.36915 10.1
-0.36891 10.2
-0.36866 10.3
-0.36842 10.3
-0.36818 10.4
-0.36793 10.4
-0.36769 10.4
-0.36744 10.4
-0.3672 10.3
-0.36695 10.3
-0.36671 10.2
-0.36647 10.1
-0.36622 10.0
-0.36598 9.9
-0.36573 9.7
-0.36549 9.6
-0.36525 9.4
-0.365 9.2
-0.36476 9.0
-0.36451 8.7
-0.36427 8.5
-0.36403 8.2
-0.36378 7.9
-0.36354 7.6
-0.36329 7.3
-0.36305 7.0
-0.3628 6.7
-0.36256 6.3
-0.36232 6.0
-0.36207 5.6
-0.36183 5.2
-0.36158 4.8
-0.36134 4.4
-0.3611 4.0
-0.36085 3.6
-0.36061 3.2
-0.36036 2.7
-0.36012 2.3
-0.35987 1.9
-0.35963 1.4
-0.35939 1.0
-0.35914 0.5
-0.3589 0.0
-0.35865 -0.4
-0.35841 -0.8
-0.35817 -1.3
-0.35792 -1.7
-0.35768 -2.1
-0.35743 -2.6
-0.35719 -3.0
-0.35695 -3.5
-0.3567 -3.9
-0.35646 -4.3
-0.35621 -4.7
-0.35597 -5.1
-0.35572 -5.5
-0.35548 -5.9
-0.35524 -6.2
-0.35499 -6.6
-0.35475 -6.9
-0.3545 -7.3
-0.35426 -7.6
-0.35402 -7.9
-0.35377 -8.2
-0.35353 -8.5
-0.35328 -8.7
-0.35304 -9.0
-0.35279 -9.2
-0.35255 -9.4
-0.35231 -9.6
-0.35206 -9.8
-0.35182 -9.9
-0.35157 -10.1
-0.35133 -10.2
-0.35109 -10.3
-0.35084 -10.4
-0.3506 -10.4
-0.35035 -10.5
-0.35011 -10.5
-0.34986 -10.5
-0.34962 -10.5
-0.34938 -10.5
-0.34913 -10.4
-0.34889 -10.3
-0.34864 -10.2
-0.3484 -10.1
-0.34816 -10.0
-0.34791 -9.8
-0.34767 -9.7
-0.34742 -9.5
-0.34718 -9.3
-0.34694 -9.1
-0.34669 -8.8
-0.34645 -8.6
-0.3462 -8.3
-0.34596 -8.0
-0.34571 -7.7
-0.34547 -7.4
-0.34523 -7.0
-0.34498 -6.7
-0.34474 -6.3
-0.34449 -6.0
-0.34425 -5.6
-0.34401 -5.2
-0.34376 -4.8
-0.34352 -4.4
-0.34327 -3.9
-0.34303 -3.5
-0.34278 -3.1
-0.34254 -2.6
-0.3423 -2.2
-0.34205 -1.7
-0.34181 -1.3
-0.34156 -0.8
-0.34132 -0.4
-0.34108 0.1
-0.34083 0.6
-0.34059 1.0
-0.34034 1.5
-0.3401 1.9
-0.33986 2.4
-0.33961 2.9
-0.33937 3.3
-0.33912 3.7
-0.33888 4.2
-0.33863 4.6
-0.33839 5.0
-0.33815 5.4
-0.3379 5.8
-0.33766 6.2
-0.33741 6.6
-0.33717 6.9
-0.33693 7.3
-0.33668 7.6
-0.33644 7.9
-0.33619 8.2
-0.33595 8.5
-0.3357 8.8
-0.33546 9.0
-0.33522 9.3
-0.33497 9.5
-0.33473 9.7
-0.33448 9.9
-0.33424 10.0
-0.334 10.2
-0.33375 10.3
-0.33351 10.4
-0.33326 10.5
-0.33302 10.6
-0.33278 10.6
-0.33253 10.6
-0.33229 10.6
-0.33204 10.6
-0.3318 10.6
-0.33155 10.5
-0.33131 10.4
-0.33107 10.3
-0.33082 10.2
-0.33058 10.1
-0.33033 9.9
-0.33009 9.7
-0.32985 9.6
-0.3296 9.3
-0.32936 9.1
-0.32911 8.8
-0.32887 8.6
-0.32862 8.3
-0.32838 8.0
-0.32814 7.7
-0.32789 7.3
-0.32765 7.0
-0.3274 6.6
-0.32716 6.2
-0.32692 5.9
-0.32667 5.5
-0.32643 5.0
-0.32618 4.6
-0.32594 4.2
-0.3257 3.8
-0.32545 3.3
-0.32521 2.9
-0.32496 2.4
-0.32472 1.9
-0.32447 1.5
-0.32423 1.0
-0.32399 0.5
-0.32374 0.0
-0.3235 -0.4
-0.32325 -0.9
-0.32301 -1.4
-0.32277 -1.9
-0.32252 -2.3
-0.32228 -2.8
-0.32203 -3.2
-0.32179 -3.7
-0.32154 -4.1
-0.3213 -4.6
-0.32106 -5.0
-0.32081 -5.4
-0.32057 -5.8
-0.32032 -6.2
-0.32008 -6.6
-0.31984 -7.0
-0.31959 -7.3
-0.31935 -7.7
-0.3191 -8.0
-0.31886 -8.3
-0.31861 -8.6
-0.31837 -8.9
-0.31813 -9.2
-0.31788 -9.4
-0.31764 -9.6
-0.31739 -9.8
-0.31715 -10.0
-0.31691 -10.2
-0.31666 -10.3
-0.31642 -10.5
-0.31617 -10.6
-0.31593 -10.6
-0.31569 -10.7
-0.31544 -10.7
-0.3152 -10.8
-0.31495 -10.8
-0.31471 -10.7
-0.31446 -10.7
-0.31422 -10.6
-0.31398 -10.5
-0.31373 -10.4
-0.31349 -10.3
-0.31324 -10.1
-0.313 -10.0
-0.31276 -9.8
-0.31251 -9.6
-0.31227 -9.3
-0.31202 -9.1
-0.31178 -8.8
-0.31153 -8.5
-0.31129 -8.2
-0.31105 -7.9
-0.3108 -7.5
-0.31056 -7.2
-0.31031 -6.8
-0.31007 -6.4
-0.30983 -6.0
-0.30958 -5.6
-0.30934 -5.2
-0.30909 -4.8
-0.30885 -4.3
-0.30861 -3.9
-0.30836 -3.4
-0.30812 -3.0
-0.30787 -2.5
-0.30763 -2.0
-0.30738 -1.5
-0.30714 -1.0
-0.3069 -0.5
-0.30665 0.0
-0.30641 0.4
-0.30616 0.9
-0.30592 1.4
-0.30568 1.9
-0.30543 2.4
-0.30519 2.9
-0.30494 3.3
-0.3047 3.8
-0.30445 4.3
-0.30421 4.7
-0.30397 5.2
-0.30372 5.6
-0.30348 6.0
-0.30323 6.4
-0.30299 6.8
-0.30275 7.2
-0.3025 7.5
-0.30226 7.9
-0.30201 8.2
-0.30177 8.5
-0.30153 8.8
-0.30128 9.1
-0.30104 9.4
-0.30079 9.6
-0.30055 9.9
-0.3003 10.1
-0.30006 10.2
-0.29982 10.4
-0.29957 10.5
-0.29933 10.7
-0.29908 10.7
-0.29884 10.8
-0.2986 10.9
-0.29835 10.9
-0.29811 10.9
-0.29786 10.9
-0.29762 10.8
-0.29737 10.8
-0.29713 10.7
-0.29689 10.6
-0.29664 10.5
-0.2964 10.3
-0.29615 10.1
-0.29591 9.9
-0.29567 9.7
-0.29542 9.5
-0.29518 9.2
-0.29493 8.9
-0.29469 8.6
-0.29445 8.3
-0.2942 8.0
-0.29396 7.6
-0.29371 7.3
-0.29347 6.9
-0.29322 6.5
-0.29298 6.1
-0.29274 5.7
-0.29249 5.2
-0.29225 4.8
-0.292 4.3
-0.29176 3.9
-0.29152 3.4
-0.29127 2.9
-0.29103 2.4
-0.29078 1.9
-0.29054 1.4
-0.29029 0.9
-0.29005 0.4
-0.28981 0.0
-0.28956 -0.6
-0.28932 -1.1
-0.28907 -1.6
-0.28883 -2.1
-0.28859 -2.6
-0.28834 -3.1
-0.2881 -3.6
-0.28785 -4.1
-0.28761 -4.5
-0.28736 -5.0
-0.28712 -5.4
-0.28688 -5.9
-0.28663 -6.3
-0.28639 -6.7
-0.28614 -7.1
-0.2859 -7.5
-0.28566 -7.9
-0.28541 -8.2
-0.28517 -8.5
-0.28492 -8.9
-0.28468 -9.2
-0.28444 -9.4
-0.28419 -9.7
-0.28395 -9.9
-0.2837 -10.1
-0.28346 -10.3
-0.28321 -10.5
-0.28297 -10.6
-0.28273 -10.8
-0.28248 -10.9
-0.28224 -11.0
-0.28199 -11.0
-0.28175 -11.0
-0.28151 -11.0
-0.28126 -11.0
-0.28102 -11.0
-0.28077 -10.9
-0.28053 -10.8
-0.28028 -10.7
-0.28004 -10.6
-0.2798 -10.4
-0.27955 -10.2
-0.27931 -10.0
-0.27906 -9.8
-0.27882 -9.6
-0.27858 -9.3
-0.27833 -9.0
-0.27809 -8.7
-0.27784 -8.4
-0.2776 -8.0
-0.27736 -7.6
-0.27711 -7.3
-0.27687 -6.9
-0.27662 -6.5
-0.27638 -6.0
-0.27613 -5.6
-0.27589 -5.1
-0.27565 -4.7
-0.2754 -4.2
-0.27516 -3.7
-0.27491 -3.2
-0.27467 -2.7
-0.27443 -2.2
-0.27418 -1.7
-0.27394 -1.2
-0.27369 -0.6
-0.27345 -0.1
-0.2732 0.4
-0.27296 0.9
-0.27272 1.4
-0.27247 2.0
-0.27223 2.5
-0.27198 3.0
-0.27174 3.5
-0.2715 4.0
-0.27125 4.5
-0.27101 5.0
-0.27076 5.4
-0.27052 5.9
-0.27028 6.3
-0.27003 6.7
-0.26979 7.2
-0.26954 7.6
-0.2693 7.9
-0.26905 8.3
-0.26881 8.6
-0.26857 9.0
-0.26832 9.3
-0.26808 9.6
-0.26783 9.8
-0.26759 10.1
-0.26735 10.3
-0.2671 10.5
-0.26686 10.7
-0.26661 10.8
-0.26637 10.9
-0.26612 11.0
-0.26588 11.1
-0.26564 11.2
-0.26539 11.2
-0.26515 11.2
-0.2649 11.2
-0.26466 11.1
-0.26442 11.0
-0.26417 10.9
-0.26393 10.8
-0.26368 10.7
-0.26344 10.5
-0.2632 10.3
-0.26295 10.1
-0.26271 9.8
-0.26246 9.6
-0.26222 9.3
-0.26197 9.0
-0.26173 8.6
-0.26149 8.3
-0.26124 7.9
-0.261 7.5
-0.26075 7.1
-0.26051 6.7
-0.26027 6.3
-0.26002 5.8
-0.25978 5.3
-0.25953 4.9
-0.25929 4.4
-0.25904 3.9
-0.2588 3.4
-0.25856 2.8
-0.25831 2.3
-0.25807 1.8
-0.25782 1.2
-0.25758 0.7
-0.25734 0.2
-0.25709 -0.4
-0.25685 -0.9
-0.2566 -1.5
-0.25636 -2.0
-0.25611 -2.5
-0.25587 -3.0
-0.25563 -3.6
-0.25538 -4.1
-0.25514 -4.6
-0.25489 -5.1
-0.25465 -5.6
-0.25441 -6.0
-0.25416 -6.5
-0.25392 -6.9
-0.25367 -7.3
-0.25343 -7.7
-0.25319 -8.1
-0.25294 -8.5
-0.2527 -8.9
-0.25245 -9.2
-0.25221 -9.5
-0.25196 -9.8
-0.25172 -10.1
-0.25148 -10.3
-0.25123 -10.5
-0.25099 -10.7
-0.25074 -10.9
-0.2505 -11.0
-0.25026 -11.1
-0.25001 -11.2
-0.24977 -11.3
-0.24952 -11.3
-0.24928 -11.3
-0.24903 -11.3
-0.24879 -11.3
-0.24855 -11.2
-0.2483 -11.1
-0.24806 -11.0
-0.24781 -10.9
-0.24757 -10.7
-0.24733 -10.5
-0.24708 -10.3
-0.24684 -10.0
-0.24659 -9.7
-0.24635 -9.4
-0.24611 -9.1
-0.24586 -8.8
-0.24562 -8.4
-0.24537 -8.0
-0.24513 -7.6
-0.24488 -7.2
-0.24464 -6.8
-0.2444 -6.3
-0.24415 -5.9
-0.24391 -5.4
-0.24366 -4.9
-0.24342 -4.4
-0.24318 -3.9
-0.24293 -3.3
-0.24269 -2.8
-0.24244 -2.2
-0.2422 -1.7
-0.24195 -1.1
-0.24171 -0.6
-0.24147 0.0
-0.24122 0.5
-0.24098 1.1
-0.24073 1.7
-0.24049 2.2
-0.24025 2.8
-0.24 3.3
-0.23976 3.8
-0.23951 4.4
-0.23927 4.9
-0.23903 5.4
-0.23878 5.9
-0.23854 6.4
-0.23829 6.8
-0.23805 7.3
-0.2378 7.7
-0.23756 8.1
-0.23732 8.5
-0.23707 8.9
-0.23683 9.2
-0.23658 9.6
-0.23634 9.9
-0.2361 10.1
-0.23585 10.4
-0.23561 10.6
-0.23536 10.8
-0.23512 11.0
-0.23487 11.2
-0.23463 11.3
-0.23439 11.4
-0.23414 11.5
-0.2339 11.5
-0.23365 11.5
-0.23341 11.5
-0.23317 11.4
-0.23292 11.4
-0.23268 11.3
-0.23243 11.1
-0.23219 11.0
-0.23195 10.8
-0.2317 10.6
-0.23146 10.4
-0.23121 10.1
-0.23097 9.8
-0.23072 9.5
-0.23048 9.2
-0.23024 8.8
-0.22999 8.4
-0.22975 8.0
-0.2295 7.6
-0.22926 7.2
-0.22902 6.7
-0.22877 6.2
-0.22853 5.7
-0.22828 5.2
-0.22804 4.7
-0.22779 4.2
-0.22755 3.6
-0.22731 3.1
-0.22706 2.5
-0.22682 1.9
-0.22657 1.4
-0.22633 0.8
-0.22609 0.2
-0.22584 -0.4
-0.2256 -1.0
-0.22535 -1.5
-0.22511 -2.1
-0.22486 -2.7
-0.22462 -3.3
-0.22438 -3.8
-0.22413 -4.4
-0.22389 -4.9
-0.22364 -5.4
-0.2234 -5.9
-0.22316 -6.4
-0.22291 -6.9
-0.22267 -7.4
-0.22242 -7.8
-0.22218 -8.2
-0.22194 -8.7
-0.22169 -9.0
-0.22145 -9.4
-0.2212 -9.7
-0.22096 -10.1
-0.22071 -10.3
-0.22047 -10.6
-0.22023 -10.8
-0.21998 -11.0
-0.21974 -11.2
-0.21949 -11.4
-0.21925 -11.5
-0.21901 -11.6
-0.21876 -11.6
-0.21852 -11.7
-0.21827 -11.7
-0.21803 -11.7
-0.21778 -11.6
-0.21754 -11.5
-0.2173 -11.4
-0.21705 -11.2
-0.21681 -11.1
-0.21656 -10.9
-0.21632 -10.6
-0.21608 -10.4
-0.21583 -10.1
-0.21559 -9.8
-0.21534 -9.4
-0.2151 -9.1
-0.21486 -8.7
-0.21461 -8.3
-0.21437 -7.8
-0.21412 -7.4
-0.21388 -6.9
-0.21363 -6.4
-0.21339 -5.9
-0.21315 -5.4
-0.2129 -4.8
-0.21266 -4.3
-0.21241 -3.7
-0.21217 -3.1
-0.21193 -2.5
-0.21168 -1.9
-0.21144 -1.3
-0.21119 -0.7
-0.21095 -0.1
-0.2107 0.5
-0.21046 1.1
-0.21022 1.7
-0.20997 2.3
-0.20973 2.9
-0.20948 3.4
-0.20924 4.0
-0.209 4.6
-0.20875 5.1
-0.20851 5.7
-0.20826 6.2
-0.20802 6.7
-0.20778 7.2
-0.20753 7.7
-0.20729 8.2
-0.20704 8.6
-0.2068 9.0
-0.20655 9.4
-0.20631 9.7
-0.20607 10.1
-0.20582 10.4
-0.20558 10.7
-0.20533 10.9
-0.20509 11.2
-0.20485 11.3
-0.2046 11.5
-0.20436 11.6
-0.20411 11.8
-0.20387 11.8
-0.20362 11.9
-0.20338 11.9
-0.20314 11.8
-0.20289 11.8
-0.20265 11.7
-0.2024 11.6
-0.20216 11.4
-0.20192 11.2
-0.20167 11.0
-0.20143 10.8
-0.20118 10.5
-0.20094 10.2
-0.2007 9.9
-0.20045 9.5
-0.20021 9.1
-0.19996 8.7
-0.19972 8.3
-0.19947 7.8
-0.19923 7.4
-0.19899 6.9
-0.19874 6.3
-0.1985 5.8
-0.19825 5.2
-0.19801 4.7
-0.19777 4.1
-0.19752 3.5
-0.19728 2.9
-0.19703 2.3
-0.19679 1.7
-0.19654 1.0
-0.1963 0.4
-0.19606 -0.2
-0.19581 -0.8
-0.19557 -1.5
-0.19532 -2.1
-0.19508 -2.7
-0.19484 -3.3
-0.19459 -3.9
-0.19435 -4.5
-0.1941 -5.1
-0.19386 -5.7
-0.19361 -6.2
-0.19337 -6.8
-0.19313 -7.3
-0.19288 -7.8
-0.19264 -8.3
-0.19239 -8.7
-0.19215 -9.1
-0.19191 -9.5
-0.19166 -9.9
-0.19142 -10.3
-0.19117 -10.6
-0.19093 -10.9
-0.19069 -11.1
-0.19044 -11.4
-0.1902 -11.6
-0.18995 -11.7
-0.18971 -11.9
-0.18946 -12.0
-0.18922 -12.0
-0.18898 -12.1
-0.18873 -12.1
-0.18849 -12.0
-0.18824 -12.0
-0.188 -11.8
-0.18776 -11.7
-0.18751 -11.5
-0.18727 -11.3
-0.18702 -11.1
-0.18678 -10.8
-0.18653 -10.5
-0.18629 -10.2
-0.18605 -9.8
-0.1858 -9.4
-0.18556 -9.0
-0.18531 -8.6
-0.18507 -8.1
-0.18483 -7.6
-0.18458 -7.1
-0.18434 -6.6
-0.18409 -6.0
-0.18385 -5.4
-0.18361 -4.8
-0.18336 -4.2
-0.18312 -3.6
-0.18287 -3.0
-0.18263 -2.3
-0.18238 -1.7
-0.18214 -1.0
-0.1819 -0.4
-0.18165 0.3
-0.18141 0.9
-0.18116 1.6
-0.18092 2.2
-0.18068 2.9
-0.18043 3.5
-0.18019 4.1
-0.17994 4.8
-0.1797 5.4
-0.17945 5.9
-0.17921 6.5
-0.17897 7.1
-0.17872 7.6
-0.17848 8.1
-0.17823 8.6
-0.17799 9.1
-0.17775 9.5
-0.1775 9.9
-0.17726 10.3
-0.17701 10.6
-0.17677 10.9
-0.17653 11.2
-0.17628 11.5
-0.17604 11.7
-0.17579 11.9
-0.17555 12.0
-0.1753 12.2
-0.17506 12.2
-0.17482 12.3
-0.17457 12.3
-0.17433 12.2
-0.17408 12.2
-0.17384 12.1
-0.1736 11.9
-0.17335 11.7
-0.17311 11.5
-0.17286 11.3
-0.17262 11.0
-0.17237 10.7
-0.17213 10.3
-0.17189 9.9
-0.17164 9.5
-0.1714 9.1
-0.17115 8.6
-0.17091 8.1
-0.17067 7.6
-0.17042 7.1
-0.17018 6.5
-0.16993 5.9
-0.16969 5.3
-0.16945 4.7
-0.1692 4.0
-0.16896 3.4
-0.16871 2.7
-0.16847 2.1
-0.16822 1.4
-0.16798 0.7
-0.16774 0.0
-0.16749 -0.7
-0.16725 -1.4
-0.167 -2.0
-0.16676 -2.7
-0.16652 -3.4
-0.16627 -4.0
-0.16603 -4.7
-0.16578 -5.3
-0.16554 -5.9
-0.16529 -6.5
-0.16505 -7.1
-0.16481 -7.7
-0.16456 -8.2
-0.16432 -8.7
-0.16407 -9.2
-0.16383 -9.7
-0.16359 -10.1
-0.16334 -10.5
-0.1631 -10.9
-0.16285 -11.2
-0.16261 -11.5
-0.16236 -11.7
-0.16212 -12.0
-0.16188 -12.1
-0.16163 -12.3
-0.16139 -12.4
-0.16114 -12.5
-0.1609 -12.5
-0.16066 -12.5
-0.16041 -12.4
-0.16017 -12.4
-0.15992 -12.2
-0.15968 -12.1
-0.15944 -11.9
-0.15919 -11.6
-0.15895 -11.3
-0.1587 -11.0
-0.15846 -10.7
-0.15821 -10.3
-0.15797 -9.9
-0.15773 -9.4
-0.15748 -8.9
-0.15724 -8.4
-0.15699 -7.9
-0.15675 -7.3
-0.15651 -6.7
-0.15626 -6.1
-0.15602 -5.5
-0.15577 -4.8
-0.15553 -4.1
-0.15528 -3.5
-0.15504 -2.8
-0.1548 -2.1
-0.15455 -1.4
-0.15431 -0.6
-0.15406 0.0
-0.15382 0.8
-0.15358 1.5
-0.15333 2.2
-0.15309 2.9
-0.15284 3.6
-0.1526 4.3
-0.15236 5.0
-0.15211 5.7
-0.15187 6.3
-0.15162 6.9
-0.15138 7.5
-0.15113 8.1
-0.15089 8.7
-0.15065 9.2
-0.1504 9.7
-0.15016 10.1
-0.14991 10.6
-0.14967 10.9
-0.14943 11.3
-0.14918 11.6
-0.14894 11.9
-0.14869 12.1
-0.14845 12.4
-0.1482 12.5
-0.14796 12.6
-0.14772 12.7
-0.14747 12.7
-0.14723 12.7
-0.14698 12.7
-0.14674 12.6
-0.1465 12.5
-0.14625 12.3
-0.14601 12.1
-0.14576 11.8
-0.14552 11.5
-0.14528 11.2
-0.14503 10.8
-0.14479 10.4
-0.14454 9.9
-0.1443 9.4
-0.14405 8.9
-0.14381 8.4
-0.14357 7.8
-0.14332 7.2
-0.14308 6.6
-0.14283 5.9
-0.14259 5.2
-0.14235 4.5
-0.1421 3.8
-0.14186 3.1
-0.14161 2.4
-0.14137 1.6
-0.14112 0.9
-0.14088 0.1
-0.14064 -0.7
-0.14039 -1.4
-0.14015 -2.2
-0.1399 -2.9
-0.13966 -3.6
-0.13942 -4.4
-0.13917 -5.1
-0.13893 -5.8
-0.13868 -6.5
-0.13844 -7.1
-0.1382 -7.7
-0.13795 -8.3
-0.13771 -8.9
-0.13746 -9.5
-0.13722 -10.0
-0.13697 -10.4
-0.13673 -10.9
-0.13649 -11.3
-0.13624 -11.7
-0.136 -12.0
-0.13575 -12.3
-0.13551 -12.5
-0.13527 -12.7
-0.13502 -12.8
-0.13478 -12.9
-0.13453 -13.0
-0.13429 -13.0
-0.13404 -13.0
-0.1338 -12.9
-0.13356 -12.8
-0.13331 -12.6
-0.13307 -12.4
-0.13282 -12.1
-0.13258 -11.8
-0.13234 -11.5
-0.13209 -11.1
-0.13185 -10.6
-0.1316 -10.2
-0.13136 -9.6
-0.13111 -9.1
-0.13087 -8.5
-0.13063 -7.9
-0.13038 -7.3
-0.13014 -6.6
-0.12989 -5.9
-0.12965 -5.2
-0.12941 -4.5
-0.12916 -3.7
-0.12892 -2.9
-0.12867 -2.2
-0.12843 -1.4
-0.12819 -0.6
-0.12794 0.2
-0.1277 1.0
-0.12745 1.8
-0.12721 2.6
-0.12696 3.4
-0.12672 4.2
-0.12648 4.9
-0.12623 5.7
-0.12599 6.4
-0.12574 7.1
-0.1255 7.8
-0.12526 8.4
-0.12501 9.0
-0.12477 9.6
-0.12452 10.1
-0.12428 10.6
-0.12403 11.1
-0.12379 11.5
-0.12355 11.9
-0.1233 12.3
-0.12306 12.6
-0.12281 12.8
-0.12257 13.0
-0.12233 13.2
-0.12208 13.3
-0.12184 13.3
-0.12159 13.3
-0.12135 13.2
-0.12111 13.1
-0.12086 13.0
-0.12062 12.8
-0.12037 12.5
-0.12013 12.2
-0.11988 11.9
-0.11964 11.5
-0.1194 11.1
-0.11915 10.6
-0.11891 10.0
-0.11866 9.5
-0.11842 8.9
-0.11818 8.2
-0.11793 7.6
-0.11769 6.9
-0.11744 6.1
-0.1172 5.4
-0.11695 4.6
-0.11671 3.8
-0.11647 3.0
-0.11622 2.2
-0.11598 1.3
-0.11573 0.5
-0.11549 -0.4
-0.11525 -1.2
-0.115 -2.0
-0.11476 -2.9
-0.11451 -3.7
-0.11427 -4.5
-0.11403 -5.3
-0.11378 -6.1
-0.11354 -6.8
-0.11329 -7.6
-0.11305 -8.3
-0.1128 -8.9
-0.11256 -9.6
-0.11232 -10.2
-0.11207 -10.7
-0.11183 -11.2
-0.11158 -11.7
-0.11134 -12.1
-0.1111 -12.5
-0.11085 -12.8
-0.11061 -13.1
-0.11036 -13.3
-0.11012 -13.5
-0.10987 -13.6
-0.10963 -13.6
-0.10939 -13.6
-0.10914 -13.6
-0.1089 -13.4
-0.10865 -13.3
-0.10841 -13.1
-0.10817 -12.8
-0.10792 -12.4
-0.10768 -12.1
-0.10743 -11.6
-0.10719 -11.1
-0.10695 -10.6
-0.1067 -10.0
-0.10646 -9.4
-0.10621 -8.8
-0.10597 -8.1
-0.10572 -7.3
-0.10548 -6.6
-0.10524 -5.8
-0.10499 -5.0
-0.10475 -4.1
-0.1045 -3.3
-0.10426 -2.4
-0.10402 -1.5
-0.10377 -0.6
-0.10353 0.3
-0.10328 1.2
-0.10304 2.1
-0.10279 3.0
-0.10255 3.9
-0.10231 4.7
-0.10206 5.6
-0.10182 6.4
-0.10157 7.2
-0.10133 7.9
-0.10109 8.7
-0.10084 9.4
-0.1006 10.0
-0.10035 10.7
-0.10011 11.2
-0.09986 11.7
-0.09962 12.2
-0.09938 12.6
-0.09913 13.0
-0.09889 13.3
-0.09864 13.6
-0.0984 13.8
-0.09816 13.9
-0.09791 14.0
-0.09767 14.0
-0.09742 13.9
-0.09718 13.8
-0.09694 13.6
-0.09669 13.4
-0.09645 13.1
-0.0962 12.7
-0.09596 12.3
-0.09571 11.9
-0.09547 11.3
-0.09523 10.8
-0.09498 10.1
-0.09474 9.5
-0.09449 8.7
-0.09425 8.0
-0.09401 7.2
-0.09376 6.4
-0.09352 5.5
-0.09327 4.6
-0.09303 3.7
-0.09278 2.8
-0.09254 1.8
-0.0923 0.9
-0.09205 0.0
-0.09181 -1.0
-0.09156 -2.0
-0.09132 -2.9
-0.09108 -3.9
-0.09083 -4.8
-0.09059 -5.7
-0.09034 -6.6
-0.0901 -7.4
-0.08986 -8.3
-0.08961 -9.0
-0.08937 -9.8
-0.08912 -10.5
-0.08888 -11.1
-0.08863 -11.7
-0.08839 -12.3
-0.08815 -12.7
-0.0879 -13.2
-0.08766 -13.5
-0.08741 -13.8
-0.08717 -14.1
-0.08693 -14.2
-0.08668 -14.3
-0.08644 -14.4
-0.08619 -14.3
-0.08595 -14.2
-0.0857 -14.1
-0.08546 -13.8
-0.08522 -13.5
-0.08497 -13.1
-0.08473 -12.7
-0.08448 -12.2
-0.08424 -11.6
-0.084 -11.0
-0.08375 -10.3
-0.08351 -9.6
-0.08326 -8.8
-0.08302 -8.0
-0.08278 -7.1
-0.08253 -6.2
-0.08229 -5.3
-0.08204 -4.3
-0.0818 -3.3
-0.08155 -2.3
-0.08131 -1.3
-0.08107 -0.3
-0.08082 0.8
-0.08058 1.8
-0.08033 2.8
-0.08009 3.8
-0.07985 4.8
-0.0796 5.8
-0.07936 6.7
-0.07911 7.7
-0.07887 8.5
-0.07862 9.4
-0.07838 10.2
-0.07814 10.9
-0.07789 11.6
-0.07765 12.2
-0.0774 12.8
-0.07716 13.3
-0.07692 13.7
-0.07667 14.1
-0.07643 14.4
-0.07618 14.6
-0.07594 14.7
-0.0757 14.8
-0.07545 14.8
-0.07521 14.7
-0.07496 14.5
-0.07472 14.3
-0.07447 14.0
-0.07423 13.6
-0.07399 13.1
-0.07374 12.6
-0.0735 11.9
-0.07325 11.3
-0.07301 10.5
-0.07277 9.7
-0.07252 8.9
-0.07228 8.0
-0.07203 7.0
-0.07179 6.0
-0.07154 5.0
-0.0713 4.0
-0.07106 2.9
-0.07081 1.8
-0.07057 0.7
-0.07032 -0.4
-0.07008 -1.6
-0.06984 -2.7
-0.06959 -3.8
-0.06935 -4.9
-0.0691 -5.9
-0.06886 -7.0
-0.06861 -7.9
-0.06837 -8.9
-0.06813 -9.8
-0.06788 -10.6
-0.06764 -11.4
-0.06739 -12.2
-0.06715 -12.8
-0.06691 -13.4
-0.06666 -13.9
-0.06642 -14.4
-0.06617 -14.7
-0.06593 -15.0
-0.06569 -15.2
-0.06544 -15.3
-0.0652 -15.3
-0.06495 -15.2
-0.06471 -15.1
-0.06446 -14.8
-0.06422 -14.5
-0.06398 -14.0
-0.06373 -13.5
-0.06349 -12.9
-0.06324 -12.3
-0.063 -11.5
-0.06276 -10.7
-0.06251 -9.8
-0.06227 -8.9
-0.06202 -7.8
-0.06178 -6.8
-0.06153 -5.7
-0.06129 -4.6
-0.06105 -3.4
-0.0608 -2.2
-0.06056 -1.0
-0.06031 0.2
-0.06007 1.5
-0.05983 2.7
-0.05958 3.9
-0.05934 5.1
-0.05909 6.2
-0.05885 7.3
-0.05861 8.4
-0.05836 9.4
-0.05812 10.4
-0.05787 11.3
-0.05763 12.2
-0.05738 13.0
-0.05714 13.6
-0.0569 14.2
-0.05665 14.8
-0.05641 15.2
-0.05616 15.5
-0.05592 15.7
-0.05568 15.9
-0.05543 15.9
-0.05519 15.8
-0.05494 15.6
-0.0547 15.4
-0.05445 15.0
-0.05421 14.5
-0.05397 13.9
-0.05372 13.2
-0.05348 12.4
-0.05323 11.6
-0.05299 10.7
-0.05275 9.6
-0.0525 8.6
-0.05226 7.4
-0.05201 6.2
-0.05177 5.0
-0.05153 3.7
-0.05128 2.4
-0.05104 1.1
-0.05079 -0.3
-0.05055 -1.6
-0.0503 -3.0
-0.05006 -4.3
-0.04982 -5.6
-0.04957 -6.9
-0.04933 -8.1
-0.04908 -9.3
-0.04884 -10.4
-0.0486 -11.4
-0.04835 -12.4
-0.04811 -13.3
-0.04786 -14.1
-0.04762 -14.8
-0.04737 -15.3
-0.04713 -15.8
-0.04689 -16.2
-0.04664 -16.4
-0.0464 -16.6
-0.04615 -16.6
-0.04591 -16.5
-0.04567 -16.2
-0.04542 -15.9
-0.04518 -15.4
-0.04493 -14.8
-0.04469 -14.1
-0.04445 -13.3
-0.0442 -12.3
-0.04396 -11.3
-0.04371 -10.2
-0.04347 -9.0
-0.04322 -7.7
-0.04298 -6.4
-0.04274 -5.0
-0.04249 -3.6
-0.04225 -2.1
-0.042 -0.6
-0.04176 0.9
-0.04152 2.4
-0.04127 3.9
-0.04103 5.4
-0.04078 6.8
-0.04054 8.2
-0.04029 9.6
-0.04005 10.8
-0.03981 12.0
-0.03956 13.1
-0.03932 14.1
-0.03907 14.9
-0.03883 15.7
-0.03859 16.3
-0.03834 16.8
-0.0381 17.1
-0.03785 17.3
-0.03761 17.4
-0.03736 17.3
-0.03712 17.1
-0.03688 16.7
-0.03663 16.2
-0.03639 15.5
-0.03614 14.7
-0.0359 13.7
-0.03566 12.7
-0.03541 11.5
-0.03517 10.2
-0.03492 8.8
-0.03468 7.3
-0.03444 5.7
-0.03419 4.1
-0.03395 2.4
-0.0337 0.7
-0.03346 -1.0
-0.03321 -2.7
-0.03297 -4.4
-0.03273 -6.1
-0.03248 -7.7
-0.03224 -9.3
-0.03199 -10.7
-0.03175 -12.1
-0.03151 -13.4
-0.03126 -14.6
-0.03102 -15.6
-0.03077 -16.5
-0.03053 -17.2
-0.03028 -17.8
-0.03004 -18.2
-0.0298 -18.4
-0.02955 -18.4
-0.02931 -18.2
-0.02906 -17.9
-0.02882 -17.4
-0.02858 -16.6
-0.02833 -15.8
-0.02809 -14.7
-0.02784 -13.5
-0.0276 -12.1
-0.02736 -10.6
-0.02711 -8.9
-0.02687 -7.2
-0.02662 -5.3
-0.02638 -3.4
-0.02613 -1.4
-0.02589 0.6
-0.02565 2.6
-0.0254 4.6
-0.02516 6.5
-0.02491 8.4
-0.02467 10.2
-0.02443 12.0
-0.02418 13.5
-0.02394 15.0
-0.02369 16.3
-0.02345 17.4
-0.0232 18.3
-0.02296 19.0
-0.02272 19.4
-0.02247 19.7
-0.02223 19.7
-0.02198 19.4
-0.02174 18.9
-0.0215 18.2
-0.02125 17.2
-0.02101 16.0
-0.02076 14.5
-0.02052 12.9
-0.02028 11.1
-0.02003 9.1
-0.01979 7.0
-0.01954 4.7
-0.0193 2.4
-0.01905 0.0
-0.01881 -2.4
-0.01857 -4.8
-0.01832 -7.2
-0.01808 -9.5
-0.01783 -11.7
-0.01759 -13.7
-0.01735 -15.6
-0.0171 -17.2
-0.01686 -18.6
-0.01661 -19.8
-0.01637 -20.6
-0.01612 -21.2
-0.01588 -21.4
-0.01564 -21.2
-0.01539 -20.8
-0.01515 -20.0
-0.0149 -18.8
-0.01466 -17.3
-0.01442 -15.5
-0.01417 -13.4
-0.01393 -11.1
-0.01368 -8.5
-0.01344 -5.7
-0.0132 -2.8
-0.01295 0.2
-0.01271 3.2
-0.01246 6.3
-0.01222 9.2
-0.01197 12.1
-0.01173 14.7
-0.01149 17.1
-0.01124 19.2
-0.011 21.0
-0.01075 22.3
-0.01051 23.2
-0.01027 23.6
-0.01002 23.5
-0.00978 22.9
-0.00953 21.7
-0.00929 20.0
-0.00904 17.9
-0.0088 15.2
-0.00856 12.1
-0.00831 8.6
-0.00807 4.9
-0.00782 0.9
-0.00758 -3.2
-0.00734 -7.2
-0.00709 -11.2
-0.00685 -15.0
-0.0066 -18.5
-0.00636 -21.4
-0.00611 -23.8
-0.00587 -25.6
-0.00563 -26.5
-0.00538 -26.6
-0.00514 -25.9
-0.00489 -24.2
-0.00465 -21.5
-0.00441 -18.0
-0.00416 -13.7
-0.00392 -8.8
-0.00367 -3.2
-0.00343 2.6
-0.00319 8.5
-0.00294 14.3
-0.0027 19.6
-0.00245 24.2
-0.00221 27.7
-0.00196 29.9
-0.00172 30.5
-0.00148 29.4
-0.00123 26.3
-0.00099 21.4
-0.00074 14.8
-0.0005 6.8
-0.00026 -2.1
-1e-05 -11.2
0.00023 -19.6
0.00048 -26.3
0.00072 -30.4
0.00097 -31.2
0.00121 -28.5
0.00145 -22.3
0.0017 -13.5
0.00194 -3.1
0.00219 7.4
0.00243 16.3
0.00267 22.4
0.00292 24.7
0.00316 23.1
0.00341 18.0
0.00365 10.5
0.00389 2.0
0.00414 -5.9
0.00438 -12.1
0.00463 -15.5
0.00487 -15.8
0.00512 -13.4
0.00536 -8.9
0.0056 -3.4
0.00585 2.0
0.00609 6.4
0.00634 9.0
0.00658 9.6
0.00682 8.3
0.00707 5.7
0.00731 2.4
0.00756 -1.0
0.0078 -3.6
0.00805 -5.3
0.00829 -5.7
0.00853 -4.9
0.00878 -3.3
0.00902 -1.3
0.00927 0.7
0.00951 2.2
0.00975 3.2
0.01 3.4
0.01024 2.9
0.01049 1.9
0.01073 0.7
0.01097 -0.5
0.01122 -1.4
0.01146 -1.9
0.01171 -2.0
0.01195 -1.7
0.0122 -1.1
0.01244 -0.3
0.01268 0.4
0.01293 0.9
0.01317 1.2
0.01342 1.2
0.01366 1.0
0.0139 0.6
0.01415 0.1
0.01439 -0.3
0.01464 -0.6
0.01488 -0.7
0.01513 -0.7
0.01537 -0.6
0.01561 -0.3
0.01586 0.0
0.0161 0.2
0.01635 0.4
0.01659 0.4
0.01683 0.4
0.01708 0.3
0.01732 0.2
0.01757 0.0
0.01781 -0.1
0.01805 -0.2
0.0183 -0.3
0.01854 -0.2
0.01879 -0.2
0.01903 0.0
0.01928 0.0
0.01952 0.0
0.01976 0.1
0.02001 0.2
0.02025 0.1
0.0205 0.1
0.02074 0.0
0.02098 0.0
0.02123 0.0
0.02147 0.0
0.02172 0.0
0.02196 0.0
0.02221 0.0
0.02245 0.0
0.02269 0.0
0.02294 0.0
0.02318 0.0
0.02343 0.0
0.02367 0.0
0.02391 0.0
0.02416 0.0
0.0244 0.0
0.02465 0.0
0.02489 0.0
0.02514 0.0
0.02538 0.0
0.02562 0.0
0.02587 0.0
0.02611 0.0
0.02636 0.0
0.0266 0.0
0.02684 0.0
0.02709 0.0
0.02733 0.0
0.02758 0.0
0.02782 0.0
0.02806 0.0
0.02831 0.0
0.02855 0.0
0.0288 0.0
0.02904 0.0
0.02929 0.0
0.02953 0.0
0.02977 0.0
0.03002 0.0
0.03026 0.0
0.03051 0.0
0.03075 0.0
0.03099 0.0
0.03124 0.0
0.03148 0.0
0.03173 0.0
0.03197 0.0
0.03222 0.0
0.03246 0.0
0.0327 0.0
0.03295 0.0
0.03319 0.0
0.03344 0.0
0.03368 0.0
0.03392 0.0
0.03417 0.0
0.03441 0.0
0.03466 0.0
0.0349 0.0
0.03514 0.0
0.03539 0.0
0.03563 0.0
0.03588 0.0
0.03612 0.0
0.03637 0.0
0.03661 0.0
0.03685 0.0
0.0371 0.0
0.03734 0.0
0.03759 0.0
0.03783 0.0
0.03807 0.0
0.03832 0.0
0.03856 0.0
0.03881 0.0
0.03905 0.0
0.0393 0.0
0.03954 0.0
0.03978 0.0
0.04003 0.0
0.04027 0.0
0.04052 0.0
0.04076 0.0
0.041 0.0
0.04125 0.0
0.04149 0.0
0.04174 0.0
0.04198 0.0
0.04222 0.0
0.04247 0.0
0.04271 0.0
0.04296 0.0
0.0432 0.0
0.04345 0.0
0.04369 0.0
0.04393 0.0
0.04418 0.0
0.04442 0.0
0.04467 0.0
0.04491 0.0
0.04515 0.0
0.0454 0.0
0.04564 0.0
0.04589 0.0
0.04613 0.0
0.04638 0.0
0.04662 0.0
0.04686 0.0
0.04711 0.0
0.04735 0.0
0.0476 0.0
0.04784 0.0
0.04808 0.0
0.04833 0.0
0.04857 0.0
0.04882 0.0
0.04906 0.0
0.0493 0.0
0.04955 0.0
0.04979 0.0
0.05004 0.0
0.05028 0.0
0.05053 0.0
0.05077 0.0
0.05101 0.0
0.05126 0.0
0.0515 0.0
0.05175 0.0
0.05199 0.0
0.05223 0.0
0.05248 0.0
0.05272 0.0
0.05297 0.0
0.05321 0.0
0.05346 0.0
0.0537 0.0
0.05394 0.0
0.05419 0.0
0.05443 0.0
0.05468 0.0
0.05492 0.0
0.05516 0.0
0.05541 0.0
0.05565 0.0
0.0559 0.0
0.05614 0.0
0.05639 0.0
0.05663 0.0
0.05687 0.0
0.05712 0.0
0.05736 0.0
0.05761 0.0
0.05785 0.0
0.05809 0.0
0.05834 0.0
0.05858 0.0
0.05883 0.0
0.05907 0.0
0.05931 0.0
0.05956 0.0
0.0598 0.0
0.06005 0.0
0.06029 0.0
0.06054 0.0
0.06078 0.0
0.06102 0.0
0.06127 0.0
0.06151 0.0
0.06176 0.0
0.062 0.0
0.06224 0.0
0.06249 0.0
0.06273 0.0
0.06298 0.0
0.06322 0.0
0.06347 0.0
0.06371 0.0
0.06395 0.0
0.0642 0.0
0.06444 0.0
0.06469 0.0
0.06493 0.0
0.06517 0.0
0.06542 0.0
0.06566 0.0
0.06591 0.0
0.06615 0.0
0.06639 0.0
0.06664 0.0
0.06688 0.0
0.06713 0.0
0.06737 0.0
0.06762 0.0
0.06786 0.0
0.0681 0.0
0.06835 0.0
0.06859 0.0
0.06884 0.0
0.06908 0.0
0.06932 0.0
0.06957 0.0
0.06981 0.0
0.07006 0.0
0.0703 0.0
0.07055 0.0
0.07079 0.0
0.07103 0.0
0.07128 0.0
0.07152 0.0
0.07177 0.0
0.07201 0.0
0.07225 0.0
0.0725 0.0
0.07274 0.0
0.07299 0.0
0.07323 0.0
0.07347 0.0
0.07372 0.0
0.07396 0.0
0.07421 0.0
0.07445 0.0
0.0747 0.0
0.07494 0.0
0.07518 0.0
0.07543 0.0
0.07567 0.0
0.07592 0.0
0.07616 0.0
0.0764 0.0
0.07665 0.0
0.07689 0.0
0.07714 0.0
0.07738 0.0
0.07763 0.0
0.07787 0.0
0.07811 0.0
0.07836 0.0
0.0786 0.0
0.07885 0.0
0.07909 0.0
0.07933 0.0
0.07958 0.0
0.07982 0.0
0.08007 0.0
0.08031 0.0
0.08055 0.0
0.0808 0.0
0.08104 0.0
0.08129 0.0
0.08153 0.0
0.08178 0.0
0.08202 0.0
0.08226 0.0
0.08251 0.0
0.08275 0.0
0.083 0.0
0.08324 0.0
0.08348 0.0
0.08373 0.0
0.08397 0.0
0.08422 0.0
0.08446 0.0
0.08471 0.0
0.08495 0.0
0.08519 0.0
0.08544 0.0
0.08568 0.0
0.08593 0.0
0.08617 0.0
0.08641 0.0
0.08666 0.0
0.0869 0.0
0.08715 0.0
0.08739 0.0
0.08764 0.0
0.08788 0.0
0.08812 0.0
0.08837 0.0
0.08861 0.0
0.08886 0.0
0.0891 0.0
0.08934 0.0
0.08959 0.0
0.08983 0.0
0.09008 0.0
0.09032 0.0
0.09056 0.0
0.09081 0.0
0.09105 0.0
0.0913 0.0
0.09154 0.0
0.09179 0.0
0.09203 0.0
0.09227 0.0
0.09252 0.0
0.09276 0.0
0.09301 0.0
0.09325 0.0
0.09349 0.0
0.09374 0.0
0.09398 0.0
0.09423 0.0
0.09447 0.0
0.09472 0.0
0.09496 0.0
0.0952 0.0
0.09545 0.0
0.09569 0.0
0.09594 0.0
0.09618 0.0
0.09642 0.0
0.09667 0.0
0.09691 0.0
0.09716 0.0
0.0974 0.0
0.09764 0.0
0.09789 0.0
0.09813 0.0
0.09838 0.0
0.09862 0.0
0.09887 0.0
0.09911 0.0
0.09935 0.0
0.0996 0.0
0.09984 0.0
0.10009 0.0
0.10033 0.0
0.10057 0.0
0.10082 0.0
0.10106 0.0
0.10131 0.0
0.10155 0.0
0.1018 0.0
0.10204 0.0
0.10228 0.0
0.10253 0.0
0.10277 0.0
0.10302 0.0
0.10326 0.0
0.1035 0.0
0.10375 0.0
0.10399 0.0
0.10424 0.0
0.10448 0.0
0.10472 0.0
0.10497 0.0
0.10521 0.0
0.10546 0.0
0.1057 0.0
0.10595 0.0
0.10619 0.0
0.10643 0.0
0.10668 0.0
0.10692 0.0
0.10717 0.0
0.10741 0.0
0.10765 0.0
0.1079 0.0
0.10814 0.0
0.10839 0.0
0.10863 0.0
0.10888 0.0
0.10912 0.0
0.10936 0.0
0.10961 0.0
0.10985 0.0
0.1101 0.0
0.11034 0.0
0.11058 0.0
0.11083 0.0
0.11107 0.0
0.11132 0.0
0.11156 0.0
0.1118 0.0
0.11205 0.0
0.11229 0.0
0.11254 0.0
0.11278 0.0
0.11303 0.0
0.11327 0.0
0.11351 0.0
0.11376 0.0
0.114 0.0
0.11425 0.0
0.11449 0.0
0.11473 0.0
0.11498 0.0
0.11522 0.0
0.11547 0.0
0.11571 0.0
0.11596 0.0
0.1162 0.0
0.11644 0.0
0.11669 0.0
0.11693 0.0
0.11718 0.0
0.11742 0.0
0.11766 0.0
0.11791 0.0
0.11815 0.0
0.1184 0.0
0.11864 0.0
0.11889 0.0
0.11913 0.0
0.11937 0.0
0.11962 0.0
0.11986 0.0
0.12011 0.0
0.12035 0.0
0.12059 0.0
0.12084 0.0
0.12108 0.0
0.12133 0.0
0.12157 0.0
0.12181 0.0
0.12206 0.0
0.1223 0.0
0.12255 0.0
0.12279 0.0
0.12304 0.0
0.12328 0.0
0.12352 0.0
0.12377 0.0
0.12401 0.0
0.12426 0.0
0.1245 0.0
0.12474 0.0
0.12499 0.0
0.12523 0.0
0.12548 0.0
0.12572 0.0
0.12597 0.0
0.12621 0.0
0.12645 0.0
0.1267 0.0
0.12694 0.0
0.12719 0.0
0.12743 0.0
0.12767 0.0
0.12792 0.0
0.12816 0.0
0.12841 0.0
0.12865 0.0
0.12889 0.0
0.12914 0.0
0.12938 0.0
0.12963 0.0
0.12987 0.0
0.13012 0.0
0.13036 0.0
0.1306 0.0
0.13085 0.0
0.13109 0.0
0.13134 0.0
0.13158 0.0
0.13182 0.0
0.13207 0.0
0.13231 0.0
0.13256 0.0
0.1328 0.0
0.13305 0.0
0.13329 0.0
