t strain*1e23
-0.41195 6.3
-0.4117 6.3
-0.41146 6.3
-0.41121 6.3
-0.41097 6.3
-0.41072 6.2
-0.41048 6.2
-0.41024 6.2
-0.40999 6.1
-0.40975 6.1
-0.4095 6.0
-0.40926 5.9
-0.40902 5.9
-0.40877 5.8
-0.40853 5.7
-0.40828 5.6
-0.40804 5.5
-0.40779 5.4
-0.40755 5.3
-0.40731 5.1
-0.40706 5.0
-0.40682 4.9
-0.40657 4.7
-0.40633 4.6
-0.40609 4.4
-0.40584 4.3
-0.4056 4.1
-0.40535 4.0
-0.40511 3.8
-0.40487 3.6
-0.40462 3.4
-0.40438 3.2
-0.40413 3.1
-0.40389 2.9
-0.40364 2.7
-0.4034 2.5
-0.40316 2.3
-0.40291 2.1
-0.40267 1.8
-0.40242 1.6
-0.40218 1.4
-0.40194 1.2
-0.40169 1.0
-0.40145 0.8
-0.4012 0.6
-0.40096 0.3
-0.40071 0.1
-0.40047 -0.1
-0.40023 -0.3
-0.39998 -0.5
-0.39974 -0.8
-0.39949 -1.0
-0.39925 -1.2
-0.39901 -1.4
-0.39876 -1.6
-0.39852 -1.8
-0.39827 -2.0
-0.39803 -2.3
-0.39779 -2.5
-0.39754 -2.7
-0.3973 -2.9
-0.39705 -3.1
-0.39681 -3.3
-0.39656 -3.4
-0.39632 -3.6
-0.39608 -3.8
-0.39583 -4.0
-0.39559 -4.1
-0.39534 -4.3
-0.3951 -4.5
-0.39486 -4.6
-0.39461 -4.8
-0.39437 -4.9
-0.39412 -5.1
-0.39388 -5.2
-0.39363 -5.3
-0.39339 -5.4
-0.39315 -5.6
-0.3929 -5.7
-0.39266 -5.8
-0.39241 -5.8
-0.39217 -5.9
-0.39193 -6.0
-0.39168 -6.1
-0.39144 -6.1
-0.39119 -6.2
-0.39095 -6.2
-0.39071 -6.3
-0.39046 -6.3
-0.39022 -6.3
-0.38997 -6.4
-0.38973 -6.4
-0.38948 -6.4
-0.38924 -6.4
-0.389 -6.4
-0.38875 -6.3
-0.38851 -6.3
-0.38826 -6.3
-0.38802 -6.2
-0.38778 -6.2
-0.38753 -6.1
-0.38729 -6.0
-0.38704 -6.0
-0.3868 -5.9
-0.38655 -5.8
-0.38631 -5.7
-0.38607 -5.6
-0.38582 -5.5
-0.38558 -5.4
-0.38533 -5.2
-0.38509 -5.1
-0.38485 -5.0
-0.3846 -4.8
-0.38436 -4.7
-0.38411 -4.5
-0.38387 -4.4
-0.38363 -4.2
-0.38338 -4.0
-0.38314 -3.8
-0.38289 -3.7
-0.38265 -3.5
-0.3824 -3.3
-0.38216 -3.1
-0.38192 -2.9
-0.38167 -2.7
-0.38143 -2.5
-0.38118 -2.3
-0.38094 -2.0
-0.3807 -1.8
-0.38045 -1.6
-0.38021 -1.4
-0.37996 -1.2
-0.37972 -0.9
-0.37947 -0.7
-0.37923 -0.5
-0.37899 -0.3
-0.37874 0.0
-0.3785 0.2
-0.37825 0.4
-0.37801 0.6
-0.37777 0.9
-0.37752 1.1
-0.37728 1.3
-0.37703 1.5
-0.37679 1.8
-0.37654 2.0
-0.3763 2.2
-0.37606 2.4
-0.37581 2.6
-0.37557 2.8
-0.37532 3.0
-0.37508 3.2
-0.37484 3.4
-0.37459 3.6
-0.37435 3.8
-0.3741 4.0
-0.37386 4.2
-0.37362 4.3
-0.37337 4.5
-0.37313 4.7
-0.37288 4.8
-0.37264 5.0
-0.37239 5.1
-0.37215 5.2
-0.37191 5.4
-0.37166 5.5
-0.37142 5.6
-0.37117 5.7
-0.37093 5.8
-0.37069 5.9
-0.37044 6.0
-0.3702 6.1
-0.36995 6.2
-0.36971 6.2
-0.36946 6.3
-0.36922 6.3
-0.36898 6.4
-0.36873 6.4
-0.36849 6.4
-0.36824 6.4
-0.368 6.5
-0.36776 6.5
-0.36751 6.4
-0.36727 6.4
-0.36702 6.4
-0.36678 6.4
-0.36654 6.3
-0.36629 6.3
-0.36605 6.2
-0.3658 6.2
-0.36556 6.1
-0.36531 6.0
-0.36507 5.9
-0.36483 5.8
-0.36458 5.7
-0.36434 5.6
-0.36409 5.5
-0.36385 5.4
-0.36361 5.2
-0.36336 5.1
-0.36312 4.9
-0.36287 4.8
-0.36263 4.6
-0.36238 4.5
-0.36214 4.3
-0.3619 4.1
-0.36165 3.9
-0.36141 3.8
-0.36116 3.6
-0.36092 3.4
-0.36068 3.2
-0.36043 3.0
-0.36019 2.7
-0.35994 2.5
-0.3597 2.3
-0.35946 2.1
-0.35921 1.9
-0.35897 1.7
-0.35872 1.4
-0.35848 1.2
-0.35823 1.0
-0.35799 0.7
-0.35775 0.5
-0.3575 0.3
-0.35726 0.0
-0.35701 -0.2
-0.35677 -0.4
-0.35653 -0.7
-0.35628 -0.9
-0.35604 -1.1
-0.35579 -1.4
-0.35555 -1.6
-0.3553 -1.8
-0.35506 -2.0
-0.35482 -2.3
-0.35457 -2.5
-0.35433 -2.7
-0.35408 -2.9
-0.35384 -3.1
-0.3536 -3.3
-0.35335 -3.5
-0.35311 -3.7
-0.35286 -3.9
-0.35262 -4.1
-0.35238 -4.3
-0.35213 -4.5
-0.35189 -4.6
-0.35164 -4.8
-0.3514 -5.0
-0.35115 -5.1
-0.35091 -5.3
-0.35067 -5.4
-0.35042 -5.5
-0.35018 -5.6
-0.34993 -5.8
-0.34969 -5.9
-0.34945 -6.0
-0.3492 -6.1
-0.34896 -6.2
-0.34871 -6.2
-0.34847 -6.3
-0.34822 -6.4
-0.34798 -6.4
-0.34774 -6.5
-0.34749 -6.5
-0.34725 -6.5
-0.347 -6.5
-0.34676 -6.5
-0.34652 -6.5
-0.34627 -6.5
-0.34603 -6.5
-0.34578 -6.5
-0.34554 -6.5
-0.34529 -6.4
-0.34505 -6.4
-0.34481 -6.3
-0.34456 -6.2
-0.34432 -6.2
-0.34407 -6.1
-0.34383 -6.0
-0.34359 -5.9
-0.34334 -5.8
-0.3431 -5.7
-0.34285 -5.5
-0.34261 -5.4
-0.34237 -5.3
-0.34212 -5.1
-0.34188 -5.0
-0.34163 -4.8
-0.34139 -4.6
-0.34114 -4.5
-0.3409 -4.3
-0.34066 -4.1
-0.34041 -3.9
-0.34017 -3.7
-0.33992 -3.5
-0.33968 -3.3
-0.33944 -3.1
-0.33919 -2.9
-0.33895 -2.7
-0.3387 -2.4
-0.33846 -2.2
-0.33821 -2.0
-0.33797 -1.7
-0.33773 -1.5
-0.33748 -1.3
-0.33724 -1.0
-0.33699 -0.8
-0.33675 -0.6
-0.33651 -0.3
-0.33626 0.0
-0.33602 0.2
-0.33577 0.4
-0.33553 0.7
-0.33529 0.9
-0.33504 1.1
-0.3348 1.4
-0.33455 1.6
-0.33431 1.9
-0.33406 2.1
-0.33382 2.3
-0.33358 2.5
-0.33333 2.8
-0.33309 3.0
-0.33284 3.2
-0.3326 3.4
-0.33236 3.6
-0.33211 3.8
-0.33187 4.0
-0.33162 4.2
-0.33138 4.4
-0.33113 4.6
-0.33089 4.8
-0.33065 4.9
-0.3304 5.1
-0.33016 5.2
-0.32991 5.4
-0.32967 5.5
-0.32943 5.7
-0.32918 5.8
-0.32894 5.9
-0.32869 6.0
-0.32845 6.1
-0.32821 6.2
-0.32796 6.3
-0.32772 6.4
-0.32747 6.4
-0.32723 6.5
-0.32698 6.5
-0.32674 6.6
-0.3265 6.6
-0.32625 6.6
-0.32601 6.6
-0.32576 6.6
-0.32552 6.6
-0.32528 6.6
-0.32503 6.6
-0.32479 6.6
-0.32454 6.5
-0.3243 6.5
-0.32405 6.4
-0.32381 6.3
-0.32357 6.2
-0.32332 6.2
-0.32308 6.1
-0.32283 6.0
-0.32259 5.8
-0.32235 5.7
-0.3221 5.6
-0.32186 5.5
-0.32161 5.3
-0.32137 5.2
-0.32113 5.0
-0.32088 4.8
-0.32064 4.7
-0.32039 4.5
-0.32015 4.3
-0.3199 4.1
-0.31966 3.9
-0.31942 3.7
-0.31917 3.5
-0.31893 3.3
-0.31868 3.0
-0.31844 2.8
-0.3182 2.6
-0.31795 2.4
-0.31771 2.1
-0.31746 1.9
-0.31722 1.6
-0.31697 1.4
-0.31673 1.2
-0.31649 0.9
-0.31624 0.7
-0.316 0.4
-0.31575 0.2
-0.31551 0.0
-0.31527 -0.3
-0.31502 -0.6
-0.31478 -0.8
-0.31453 -1.1
-0.31429 -1.3
-0.31404 -1.6
-0.3138 -1.8
-0.31356 -2.1
-0.31331 -2.3
-0.31307 -2.6
-0.31282 -2.8
-0.31258 -3.0
-0.31234 -3.2
-0.31209 -3.5
-0.31185 -3.7
-0.3116 -3.9
-0.31136 -4.1
-0.31112 -4.3
-0.31087 -4.5
-0.31063 -4.7
-0.31038 -4.8
-0.31014 -5.0
-0.30989 -5.2
-0.30965 -5.3
-0.30941 -5.5
-0.30916 -5.6
-0.30892 -5.8
-0.30867 -5.9
-0.30843 -6.0
-0.30819 -6.1
-0.30794 -6.2
-0.3077 -6.3
-0.30745 -6.4
-0.30721 -6.5
-0.30696 -6.5
-0.30672 -6.6
-0.30648 -6.6
-0.30623 -6.7
-0.30599 -6.7
-0.30574 -6.7
-0.3055 -6.7
-0.30526 -6.7
-0.30501 -6.7
-0.30477 -6.7
-0.30452 -6.7
-0.30428 -6.6
-0.30404 -6.6
-0.30379 -6.5
-0.30355 -6.4
-0.3033 -6.4
-0.30306 -6.3
-0.30281 -6.2
-0.30257 -6.1
-0.30233 -6.0
-0.30208 -5.8
-0.30184 -5.7
-0.30159 -5.6
-0.30135 -5.4
-0.30111 -5.2
-0.30086 -5.1
-0.30062 -4.9
-0.30037 -4.7
-0.30013 -4.5
-0.29988 -4.3
-0.29964 -4.1
-0.2994 -3.9
-0.29915 -3.7
-0.29891 -3.5
-0.29866 -3.3
-0.29842 -3.0
-0.29818 -2.8
-0.29793 -2.6
-0.29769 -2.3
-0.29744 -2.1
-0.2972 -1.8
-0.29696 -1.6
-0.29671 -1.3
-0.29647 -1.1
-0.29622 -0.8
-0.29598 -0.6
-0.29573 -0.3
-0.29549 0.0
-0.29525 0.2
-0.295 0.5
-0.29476 0.7
-0.29451 1.0
-0.29427 1.3
-0.29403 1.5
-0.29378 1.8
-0.29354 2.0
-0.29329 2.3
-0.29305 2.5
-0.2928 2.8
-0.29256 3.0
-0.29232 3.2
-0.29207 3.5
-0.29183 3.7
-0.29158 3.9
-0.29134 4.1
-0.2911 4.3
-0.29085 4.5
-0.29061 4.7
-0.29036 4.9
-0.29012 5.1
-0.28988 5.3
-0.28963 5.4
-0.28939 5.6
-0.28914 5.7
-0.2889 5.9
-0.28865 6.0
-0.28841 6.1
-0.28817 6.2
-0.28792 6.3
-0.28768 6.4
-0.28743 6.5
-0.28719 6.6
-0.28695 6.7
-0.2867 6.7
-0.28646 6.8
-0.28621 6.8
-0.28597 6.8
-0.28572 6.8
-0.28548 6.8
-0.28524 6.8
-0.28499 6.8
-0.28475 6.8
-0.2845 6.7
-0.28426 6.7
-0.28402 6.6
-0.28377 6.6
-0.28353 6.5
-0.28328 6.4
-0.28304 6.3
-0.28279 6.2
-0.28255 6.1
-0.28231 6.0
-0.28206 5.8
-0.28182 5.7
-0.28157 5.5
-0.28133 5.4
-0.28109 5.2
-0.28084 5.0
-0.2806 4.8
-0.28035 4.6
-0.28011 4.4
-0.27987 4.2
-0.27962 4.0
-0.27938 3.8
-0.27913 3.6
-0.27889 3.3
-0.27864 3.1
-0.2784 2.8
-0.27816 2.6
-0.27791 2.3
-0.27767 2.1
-0.27742 1.8
-0.27718 1.6
-0.27694 1.3
-0.27669 1.0
-0.27645 0.8
-0.2762 0.5
-0.27596 0.2
-0.27571 0.0
-0.27547 -0.3
-0.27523 -0.6
-0.27498 -0.9
-0.27474 -1.1
-0.27449 -1.4
-0.27425 -1.7
-0.27401 -1.9
-0.27376 -2.2
-0.27352 -2.4
-0.27327 -2.7
-0.27303 -2.9
-0.27279 -3.2
-0.27254 -3.4
-0.2723 -3.7
-0.27205 -3.9
-0.27181 -4.1
-0.27156 -4.3
-0.27132 -4.5
-0.27108 -4.7
-0.27083 -4.9
-0.27059 -5.1
-0.27034 -5.3
-0.2701 -5.5
-0.26986 -5.6
-0.26961 -5.8
-0.26937 -5.9
-0.26912 -6.1
-0.26888 -6.2
-0.26863 -6.3
-0.26839 -6.4
-0.26815 -6.5
-0.2679 -6.6
-0.26766 -6.7
-0.26741 -6.8
-0.26717 -6.8
-0.26693 -6.9
-0.26668 -6.9
-0.26644 -6.9
-0.26619 -6.9
-0.26595 -6.9
-0.26571 -6.9
-0.26546 -6.9
-0.26522 -6.9
-0.26497 -6.8
-0.26473 -6.8
-0.26448 -6.7
-0.26424 -6.6
-0.264 -6.6
-0.26375 -6.5
-0.26351 -6.4
-0.26326 -6.2
-0.26302 -6.1
-0.26278 -6.0
-0.26253 -5.8
-0.26229 -5.7
-0.26204 -5.5
-0.2618 -5.3
-0.26155 -5.1
-0.26131 -5.0
-0.26107 -4.8
-0.26082 -4.5
-0.26058 -4.3
-0.26033 -4.1
-0.26009 -3.9
-0.25985 -3.6
-0.2596 -3.4
-0.25936 -3.2
-0.25911 -2.9
-0.25887 -2.7
-0.25863 -2.4
-0.25838 -2.1
-0.25814 -1.9
-0.25789 -1.6
-0.25765 -1.3
-0.2574 -1.0
-0.25716 -0.8
-0.25692 -0.5
-0.25667 -0.2
-0.25643 0.0
-0.25618 0.4
-0.25594 0.7
-0.2557 0.9
-0.25545 1.2
-0.25521 1.5
-0.25496 1.8
-0.25472 2.0
-0.25447 2.3
-0.25423 2.6
-0.25399 2.8
-0.25374 3.1
-0.2535 3.4
-0.25325 3.6
-0.25301 3.8
-0.25277 4.1
-0.25252 4.3
-0.25228 4.5
-0.25203 4.7
-0.25179 5.0
-0.25154 5.2
-0.2513 5.3
-0.25106 5.5
-0.25081 5.7
-0.25057 5.9
-0.25032 6.0
-0.25008 6.2
-0.24984 6.3
-0.24959 6.4
-0.24935 6.5
-0.2491 6.6
-0.24886 6.7
-0.24862 6.8
-0.24837 6.9
-0.24813 6.9
-0.24788 7.0
-0.24764 7.0
-0.24739 7.0
-0.24715 7.1
-0.24691 7.1
-0.24666 7.0
-0.24642 7.0
-0.24617 7.0
-0.24593 6.9
-0.24569 6.9
-0.24544 6.8
-0.2452 6.7
-0.24495 6.6
-0.24471 6.5
-0.24446 6.4
-0.24422 6.3
-0.24398 6.1
-0.24373 6.0
-0.24349 5.8
-0.24324 5.7
-0.243 5.5
-0.24276 5.3
-0.24251 5.1
-0.24227 4.9
-0.24202 4.7
-0.24178 4.5
-0.24154 4.2
-0.24129 4.0
-0.24105 3.8
-0.2408 3.5
-0.24056 3.3
-0.24031 3.0
-0.24007 2.7
-0.23983 2.5
-0.23958 2.2
-0.23934 1.9
-0.23909 1.6
-0.23885 1.3
-0.23861 1.0
-0.23836 0.7
-0.23812 0.4
-0.23787 0.2
-0.23763 -0.1
-0.23738 -0.4
-0.23714 -0.7
-0.2369 -1.0
-0.23665 -1.3
-0.23641 -1.6
-0.23616 -1.9
-0.23592 -2.2
-0.23568 -2.5
-0.23543 -2.7
-0.23519 -3.0
-0.23494 -3.3
-0.2347 -3.5
-0.23446 -3.8
-0.23421 -4.0
-0.23397 -4.3
-0.23372 -4.5
-0.23348 -4.7
-0.23323 -5.0
-0.23299 -5.2
-0.23275 -5.4
-0.2325 -5.6
-0.23226 -5.8
-0.23201 -5.9
-0.23177 -6.1
-0.23153 -6.2
-0.23128 -6.4
-0.23104 -6.5
-0.23079 -6.6
-0.23055 -6.7
-0.2303 -6.8
-0.23006 -6.9
-0.22982 -7.0
-0.22957 -7.1
-0.22933 -7.1
-0.22908 -7.1
-0.22884 -7.2
-0.2286 -7.2
-0.22835 -7.2
-0.22811 -7.2
-0.22786 -7.1
-0.22762 -7.1
-0.22738 -7.0
-0.22713 -7.0
-0.22689 -6.9
-0.22664 -6.8
-0.2264 -6.7
-0.22615 -6.6
-0.22591 -6.5
-0.22567 -6.3
-0.22542 -6.2
-0.22518 -6.0
-0.22493 -5.9
-0.22469 -5.7
-0.22445 -5.5
-0.2242 -5.3
-0.22396 -5.1
-0.22371 -4.8
-0.22347 -4.6
-0.22322 -4.4
-0.22298 -4.1
-0.22274 -3.9
-0.22249 -3.6
-0.22225 -3.4
-0.222 -3.1
-0.22176 -2.8
-0.22152 -2.5
-0.22127 -2.2
-0.22103 -1.9
-0.22078 -1.6
-0.22054 -1.3
-0.22029 -1.0
-0.22005 -0.7
-0.21981 -0.4
-0.21956 -0.1
-0.21932 0.2
-0.21907 0.5
-0.21883 0.8
-0.21859 1.1
-0.21834 1.4
-0.2181 1.7
-0.21785 2.0
-0.21761 2.3
-0.21737 2.6
-0.21712 2.9
-0.21688 3.2
-0.21663 3.5
-0.21639 3.7
-0.21614 4.0
-0.2159 4.3
-0.21566 4.5
-0.21541 4.7
-0.21517 5.0
-0.21492 5.2
-0.21468 5.4
-0.21444 5.6
-0.21419 5.8
-0.21395 6.0
-0.2137 6.2
-0.21346 6.3
-0.21321 6.5
-0.21297 6.6
-0.21273 6.8
-0.21248 6.9
-0.21224 7.0
-0.21199 7.1
-0.21175 7.1
-0.21151 7.2
-0.21126 7.2
-0.21102 7.3
-0.21077 7.3
-0.21053 7.3
-0.21029 7.3
-0.21004 7.3
-0.2098 7.3
-0.20955 7.2
-0.20931 7.2
-0.20906 7.1
-0.20882 7.0
-0.20858 6.9
-0.20833 6.8
-0.20809 6.7
-0.20784 6.5
-0.2076 6.4
-0.20736 6.2
-0.20711 6.0
-0.20687 5.9
-0.20662 5.7
-0.20638 5.4
-0.20613 5.2
-0.20589 5.0
-0.20565 4.8
-0.2054 4.5
-0.20516 4.3
-0.20491 4.0
-0.20467 3.7
-0.20443 3.4
-0.20418 3.2
-0.20394 2.9
-0.20369 2.6
-0.20345 2.3
-0.20321 2.0
-0.20296 1.6
-0.20272 1.3
-0.20247 1.0
-0.20223 0.7
-0.20198 0.4
-0.20174 0.0
-0.2015 -0.3
-0.20125 -0.6
-0.20101 -0.9
-0.20076 -1.2
-0.20052 -1.6
-0.20028 -1.9
-0.20003 -2.2
-0.19979 -2.5
-0.19954 -2.8
-0.1993 -3.1
-0.19905 -3.4
-0.19881 -3.7
-0.19857 -4.0
-0.19832 -4.2
-0.19808 -4.5
-0.19783 -4.8
-0.19759 -5.0
-0.19735 -5.2
-0.1971 -5.5
-0.19686 -5.7
-0.19661 -5.9
-0.19637 -6.1
-0.19613 -6.3
-0.19588 -6.4
-0.19564 -6.6
-0.19539 -6.8
-0.19515 -6.9
-0.1949 -7.0
-0.19466 -7.1
-0.19442 -7.2
-0.19417 -7.3
-0.19393 -7.3
-0.19368 -7.4
-0.19344 -7.4
-0.1932 -7.5
-0.19295 -7.5
-0.19271 -7.5
-0.19246 -7.4
-0.19222 -7.4
-0.19197 -7.3
-0.19173 -7.3
-0.19149 -7.2
-0.19124 -7.1
-0.191 -7.0
-0.19075 -6.9
-0.19051 -6.7
-0.19027 -6.6
-0.19002 -6.4
-0.18978 -6.2
-0.18953 -6.0
-0.18929 -5.8
-0.18904 -5.6
-0.1888 -5.4
-0.18856 -5.1
-0.18831 -4.9
-0.18807 -4.6
-0.18782 -4.4
-0.18758 -4.1
-0.18734 -3.8
-0.18709 -3.5
-0.18685 -3.2
-0.1866 -2.9
-0.18636 -2.6
-0.18612 -2.3
-0.18587 -2.0
-0.18563 -1.6
-0.18538 -1.3
-0.18514 -1.0
-0.18489 -0.6
-0.18465 -0.3
-0.18441 0.0
-0.18416 0.4
-0.18392 0.7
-0.18367 1.1
-0.18343 1.4
-0.18319 1.7
-0.18294 2.1
-0.1827 2.4
-0.18245 2.7
-0.18221 3.0
-0.18196 3.3
-0.18172 3.7
-0.18148 4.0
-0.18123 4.2
-0.18099 4.5
-0.18074 4.8
-0.1805 5.1
-0.18026 5.3
-0.18001 5.6
-0.17977 5.8
-0.17952 6.0
-0.17928 6.2
-0.17904 6.4
-0.17879 6.6
-0.17855 6.7
-0.1783 6.9
-0.17806 7.0
-0.17781 7.2
-0.17757 7.3
-0.17733 7.4
-0.17708 7.4
-0.17684 7.5
-0.17659 7.6
-0.17635 7.6
-0.17611 7.6
-0.17586 7.6
-0.17562 7.6
-0.17537 7.6
-0.17513 7.5
-0.17488 7.5
-0.17464 7.4
-0.1744 7.3
-0.17415 7.2
-0.17391 7.0
-0.17366 6.9
-0.17342 6.7
-0.17318 6.6
-0.17293 6.4
-0.17269 6.2
-0.17244 6.0
-0.1722 5.8
-0.17196 5.5
-0.17171 5.3
-0.17147 5.0
-0.17122 4.7
-0.17098 4.5
-0.17073 4.2
-0.17049 3.9
-0.17025 3.6
-0.17 3.2
-0.16976 2.9
-0.16951 2.6
-0.16927 2.2
-0.16903 1.9
-0.16878 1.6
-0.16854 1.2
-0.16829 0.9
-0.16805 0.5
-0.1678 0.1
-0.16756 -0.2
-0.16732 -0.6
-0.16707 -0.9
-0.16683 -1.3
-0.16658 -1.6
-0.16634 -2.0
-0.1661 -2.3
-0.16585 -2.7
-0.16561 -3.0
-0.16536 -3.3
-0.16512 -3.7
-0.16488 -4.0
-0.16463 -4.3
-0.16439 -4.6
-0.16414 -4.9
-0.1639 -5.2
-0.16365 -5.4
-0.16341 -5.7
-0.16317 -5.9
-0.16292 -6.2
-0.16268 -6.4
-0.16243 -6.6
-0.16219 -6.8
-0.16195 -6.9
-0.1617 -7.1
-0.16146 -7.2
-0.16121 -7.4
-0.16097 -7.5
-0.16072 -7.6
-0.16048 -7.6
-0.16024 -7.7
-0.15999 -7.7
-0.15975 -7.8
-0.1595 -7.8
-0.15926 -7.8
-0.15902 -7.7
-0.15877 -7.7
-0.15853 -7.6
-0.15828 -7.6
-0.15804 -7.5
-0.15779 -7.4
-0.15755 -7.2
-0.15731 -7.1
-0.15706 -6.9
-0.15682 -6.7
-0.15657 -6.5
-0.15633 -6.3
-0.15609 -6.1
-0.15584 -5.9
-0.1556 -5.6
-0.15535 -5.4
-0.15511 -5.1
-0.15487 -4.8
-0.15462 -4.5
-0.15438 -4.2
-0.15413 -3.9
-0.15389 -3.5
-0.15364 -3.2
-0.1534 -2.8
-0.15316 -2.5
-0.15291 -2.1
-0.15267 -1.8
-0.15242 -1.4
-0.15218 -1.0
-0.15194 -0.6
-0.15169 -0.3
-0.15145 0.1
-0.1512 0.5
-0.15096 0.9
-0.15071 1.2
-0.15047 1.6
-0.15023 2.0
-0.14998 2.4
-0.14974 2.7
-0.14949 3.1
-0.14925 3.4
-0.14901 3.8
-0.14876 4.1
-0.14852 4.4
-0.14827 4.7
-0.14803 5.0
-0.14779 5.3
-0.14754 5.6
-0.1473 5.9
-0.14705 6.1
-0.14681 6.4
-0.14656 6.6
-0.14632 6.8
-0.14608 7.0
-0.14583 7.2
-0.14559 7.3
-0.14534 7.5
-0.1451 7.6
-0.14486 7.7
-0.14461 7.8
-0.14437 7.9
-0.14412 7.9
-0.14388 8.0
-0.14363 8.0
-0.14339 8.0
-0.14315 7.9
-0.1429 7.9
-0.14266 7.8
-0.14241 7.7
-0.14217 7.6
-0.14193 7.5
-0.14168 7.4
-0.14144 7.2
-0.14119 7.1
-0.14095 6.9
-0.14071 6.6
-0.14046 6.4
-0.14022 6.2
-0.13997 5.9
-0.13973 5.7
-0.13948 5.4
-0.13924 5.1
-0.139 4.8
-0.13875 4.4
-0.13851 4.1
-0.13826 3.7
-0.13802 3.4
-0.13778 3.0
-0.13753 2.6
-0.13729 2.3
-0.13704 1.9
-0.1368 1.5
-0.13655 1.1
-0.13631 0.7
-0.13607 0.3
-0.13582 -0.1
-0.13558 -0.5
-0.13533 -0.9
-0.13509 -1.3
-0.13485 -1.7
-0.1346 -2.1
-0.13436 -2.5
-0.13411 -2.9
-0.13387 -3.3
-0.13363 -3.6
-0.13338 -4.0
-0.13314 -4.4
-0.13289 -4.7
-0.13265 -5.0
-0.1324 -5.3
-0.13216 -5.6
-0.13192 -5.9
-0.13167 -6.2
-0.13143 -6.5
-0.13118 -6.7
-0.13094 -6.9
-0.1307 -7.1
-0.13045 -7.3
-0.13021 -7.5
-0.12996 -7.7
-0.12972 -7.8
-0.12947 -7.9
-0.12923 -8.0
-0.12899 -8.1
-0.12874 -8.1
-0.1285 -8.2
-0.12825 -8.2
-0.12801 -8.2
-0.12777 -8.1
-0.12752 -8.1
-0.12728 -8.0
-0.12703 -7.9
-0.12679 -7.8
-0.12654 -7.7
-0.1263 -7.5
-0.12606 -7.3
-0.12581 -7.1
-0.12557 -6.9
-0.12532 -6.7
-0.12508 -6.4
-0.12484 -6.1
-0.12459 -5.9
-0.12435 -5.6
-0.1241 -5.2
-0.12386 -4.9
-0.12362 -4.6
-0.12337 -4.2
-0.12313 -3.8
-0.12288 -3.4
-0.12264 -3.1
-0.12239 -2.7
-0.12215 -2.2
-0.12191 -1.8
-0.12166 -1.4
-0.12142 -1.0
-0.12117 -0.6
-0.12093 -0.1
-0.12069 0.3
-0.12044 0.7
-0.1202 1.2
-0.11995 1.6
-0.11971 2.0
-0.11946 2.4
-0.11922 2.8
-0.11898 3.3
-0.11873 3.7
-0.11849 4.0
-0.11824 4.4
-0.118 4.8
-0.11776 5.1
-0.11751 5.5
-0.11727 5.8
-0.11702 6.1
-0.11678 6.4
-0.11654 6.7
-0.11629 6.9
-0.11605 7.2
-0.1158 7.4
-0.11556 7.6
-0.11531 7.8
-0.11507 7.9
-0.11483 8.1
-0.11458 8.2
-0.11434 8.3
-0.11409 8.3
-0.11385 8.4
-0.11361 8.4
-0.11336 8.4
-0.11312 8.4
-0.11287 8.3
-0.11263 8.2
-0.11238 8.1
-0.11214 8.0
-0.1119 7.9
-0.11165 7.7
-0.11141 7.5
-0.11116 7.3
-0.11092 7.1
-0.11068 6.8
-0.11043 6.5
-0.11019 6.3
-0.10994 5.9
-0.1097 5.6
-0.10946 5.3
-0.10921 4.9
-0.10897 4.5
-0.10872 4.1
-0.10848 3.7
-0.10823 3.3
-0.10799 2.9
-0.10775 2.4
-0.1075 2.0
-0.10726 1.6
-0.10701 1.1
-0.10677 0.6
-0.10653 0.2
-0.10628 -0.3
-0.10604 -0.7
-0.10579 -1.2
-0.10555 -1.7
-0.1053 -2.1
-0.10506 -2.6
-0.10482 -3.0
-0.10457 -3.5
-0.10433 -3.9
-0.10408 -4.3
-0.10384 -4.7
-0.1036 -5.1
-0.10335 -5.5
-0.10311 -5.8
-0.10286 -6.2
-0.10262 -6.5
-0.10238 -6.8
-0.10213 -7.1
-0.10189 -7.3
-0.10164 -7.6
-0.1014 -7.8
-0.10115 -8.0
-0.10091 -8.2
-0.10067 -8.3
-0.10042 -8.4
-0.10018 -8.5
-0.09993 -8.6
-0.09969 -8.6
-0.09945 -8.7
-0.0992 -8.7
-0.09896 -8.6
-0.09871 -8.6
-0.09847 -8.5
-0.09822 -8.3
-0.09798 -8.2
-0.09774 -8.0
-0.09749 -7.8
-0.09725 -7.6
-0.097 -7.4
-0.09676 -7.1
-0.09652 -6.8
-0.09627 -6.5
-0.09603 -6.2
-0.09578 -5.8
-0.09554 -5.4
-0.09529 -5.1
-0.09505 -4.6
-0.09481 -4.2
-0.09456 -3.8
-0.09432 -3.3
-0.09407 -2.9
-0.09383 -2.4
-0.09359 -1.9
-0.09334 -1.4
-0.0931 -0.9
-0.09285 -0.4
-0.09261 0.0
-0.09237 0.6
-0.09212 1.1
-0.09188 1.6
-0.09163 2.1
-0.09139 2.6
-0.09114 3.0
-0.0909 3.5
-0.09066 4.0
-0.09041 4.4
-0.09017 4.9
-0.08992 5.3
-0.08968 5.7
-0.08944 6.1
-0.08919 6.4
-0.08895 6.8
-0.0887 7.1
-0.08846 7.4
-0.08821 7.7
-0.08797 7.9
-0.08773 8.2
-0.08748 8.4
-0.08724 8.5
-0.08699 8.7
-0.08675 8.8
-0.08651 8.9
-0.08626 8.9
-0.08602 9.0
-0.08577 8.9
-0.08553 8.9
-0.08529 8.8
-0.08504 8.7
-0.0848 8.6
-0.08455 8.5
-0.08431 8.3
-0.08406 8.0
-0.08382 7.8
-0.08358 7.5
-0.08333 7.2
-0.08309 6.9
-0.08284 6.5
-0.0826 6.2
-0.08236 5.8
-0.08211 5.4
-0.08187 4.9
-0.08162 4.5
-0.08138 4.0
-0.08113 3.5
-0.08089 3.0
-0.08065 2.5
-0.0804 1.9
-0.08016 1.4
-0.07991 0.9
-0.07967 0.3
-0.07943 -0.2
-0.07918 -0.8
-0.07894 -1.3
-0.07869 -1.9
-0.07845 -2.4
-0.07821 -2.9
-0.07796 -3.4
-0.07772 -4.0
-0.07747 -4.5
-0.07723 -4.9
-0.07698 -5.4
-0.07674 -5.8
-0.0765 -6.3
-0.07625 -6.7
-0.07601 -7.1
-0.07576 -7.4
-0.07552 -7.7
-0.07528 -8.0
-0.07503 -8.3
-0.07479 -8.5
-0.07454 -8.8
-0.0743 -8.9
-0.07405 -9.1
-0.07381 -9.2
-0.07357 -9.2
-0.07332 -9.3
-0.07308 -9.3
-0.07283 -9.3
-0.07259 -9.2
-0.07235 -9.1
-0.0721 -8.9
-0.07186 -8.8
-0.07161 -8.6
-0.07137 -8.3
-0.07113 -8.1
-0.07088 -7.7
-0.07064 -7.4
-0.07039 -7.0
-0.07015 -6.6
-0.0699 -6.2
-0.06966 -5.8
-0.06942 -5.3
-0.06917 -4.8
-0.06893 -4.3
-0.06868 -3.7
-0.06844 -3.2
-0.0682 -2.6
-0.06795 -2.0
-0.06771 -1.5
-0.06746 -0.9
-0.06722 -0.3
-0.06697 0.3
-0.06673 0.9
-0.06649 1.5
-0.06624 2.1
-0.066 2.7
-0.06575 3.3
-0.06551 3.9
-0.06527 4.4
-0.06502 5.0
-0.06478 5.5
-0.06453 6.0
-0.06429 6.5
-0.06404 6.9
-0.0638 7.3
-0.06356 7.7
-0.06331 8.1
-0.06307 8.4
-0.06282 8.7
-0.06258 9.0
-0.06234 9.2
-0.06209 9.4
-0.06185 9.5
-0.0616 9.6
-0.06136 9.7
-0.06112 9.7
-0.06087 9.7
-0.06063 9.6
-0.06038 9.5
-0.06014 9.3
-0.05989 9.2
-0.05965 8.9
-0.05941 8.6
-0.05916 8.3
-0.05892 8.0
-0.05867 7.6
-0.05843 7.2
-0.05819 6.7
-0.05794 6.2
-0.0577 5.7
-0.05745 5.2
-0.05721 4.6
-0.05696 4.0
-0.05672 3.4
-0.05648 2.8
-0.05623 2.1
-0.05599 1.5
-0.05574 0.8
-0.0555 0.1
-0.05526 -0.5
-0.05501 -1.2
-0.05477 -1.9
-0.05452 -2.6
-0.05428 -3.2
-0.05404 -3.9
-0.05379 -4.5
-0.05355 -5.1
-0.0533 -5.7
-0.05306 -6.2
-0.05281 -6.8
-0.05257 -7.3
-0.05233 -7.7
-0.05208 -8.2
-0.05184 -8.6
-0.05159 -8.9
-0.05135 -9.3
-0.05111 -9.5
-0.05086 -9.8
-0.05062 -9.9
-0.05037 -10.1
-0.05013 -10.1
-0.04988 -10.2
-0.04964 -10.1
-0.0494 -10.1
-0.04915 -10.0
-0.04891 -9.8
-0.04866 -9.6
-0.04842 -9.3
-0.04818 -9.0
-0.04793 -8.6
-0.04769 -8.2
-0.04744 -7.7
-0.0472 -7.2
-0.04696 -6.7
-0.04671 -6.1
-0.04647 -5.5
-0.04622 -4.8
-0.04598 -4.2
-0.04573 -3.5
-0.04549 -2.8
-0.04525 -2.0
-0.045 -1.3
-0.04476 -0.5
-0.04451 0.3
-0.04427 1.0
-0.04403 1.8
-0.04378 2.6
-0.04354 3.3
-0.04329 4.0
-0.04305 4.8
-0.0428 5.5
-0.04256 6.1
-0.04232 6.8
-0.04207 7.4
-0.04183 7.9
-0.04158 8.4
-0.04134 8.9
-0.0411 9.3
-0.04085 9.7
-0.04061 10.0
-0.04036 10.3
-0.04012 10.5
-0.03988 10.6
-0.03963 10.7
-0.03939 10.8
-0.03914 10.7
-0.0389 10.6
-0.03865 10.4
-0.03841 10.2
-0.03817 9.9
-0.03792 9.5
-0.03768 9.1
-0.03743 8.6
-0.03719 8.1
-0.03695 7.5
-0.0367 6.9
-0.03646 6.2
-0.03621 5.5
-0.03597 4.7
-0.03572 3.9
-0.03548 3.1
-0.03524 2.2
-0.03499 1.4
-0.03475 0.5
-0.0345 -0.4
-0.03426 -1.3
-0.03402 -2.2
-0.03377 -3.1
-0.03353 -3.9
-0.03328 -4.8
-0.03304 -5.6
-0.03279 -6.4
-0.03255 -7.2
-0.03231 -7.9
-0.03206 -8.5
-0.03182 -9.1
-0.03157 -9.7
-0.03133 -10.1
-0.03109 -10.6
-0.03084 -10.9
-0.0306 -11.2
-0.03035 -11.4
-0.03011 -11.5
-0.02987 -11.5
-0.02962 -11.4
-0.02938 -11.3
-0.02913 -11.1
-0.02889 -10.8
-0.02864 -10.4
-0.0284 -9.9
-0.02816 -9.4
-0.02791 -8.7
-0.02767 -8.0
-0.02742 -7.3
-0.02718 -6.5
-0.02694 -5.6
-0.02669 -4.7
-0.02645 -3.7
-0.0262 -2.7
-0.02596 -1.6
-0.02571 -0.6
-0.02547 0.5
-0.02523 1.6
-0.02498 2.6
-0.02474 3.7
-0.02449 4.7
-0.02425 5.7
-0.02401 6.7
-0.02376 7.6
-0.02352 8.5
-0.02327 9.3
-0.02303 10.0
-0.02279 10.7
-0.02254 11.2
-0.0223 11.7
-0.02205 12.0
-0.02181 12.3
-0.02156 12.4
-0.02132 12.4
-0.02108 12.4
-0.02083 12.2
-0.02059 11.8
-0.02034 11.4
-0.0201 10.9
-0.01986 10.2
-0.01961 9.4
-0.01937 8.6
-0.01912 7.6
-0.01888 6.6
-0.01863 5.4
-0.01839 4.2
-0.01815 3.0
-0.0179 1.7
-0.01766 0.4
-0.01741 -1.0
-0.01717 -2.3
-0.01693 -3.7
-0.01668 -5.0
-0.01644 -6.3
-0.01619 -7.5
-0.01595 -8.7
-0.01571 -9.7
-0.01546 -10.7
-0.01522 -11.6
-0.01497 -12.3
-0.01473 -12.9
-0.01448 -13.3
-0.01424 -13.6
-0.014 -13.7
-0.01375 -13.7
-0.01351 -13.5
-0.01326 -13.0
-0.01302 -12.5
-0.01278 -11.7
-0.01253 -10.8
-0.01229 -9.7
-0.01204 -8.5
-0.0118 -7.1
-0.01155 -5.6
-0.01131 -4.0
-0.01107 -2.3
-0.01082 -0.5
-0.01058 1.3
-0.01033 3.1
-0.01009 4.8
-0.00985 6.6
-0.0096 8.3
-0.00936 9.8
-0.00911 11.3
-0.00887 12.5
-0.00863 13.6
-0.00838 14.4
-0.00814 15.1
-0.00789 15.4
-0.00765 15.5
-0.0074 15.2
-0.00716 14.7
-0.00692 13.9
-0.00667 12.7
-0.00643 11.3
-0.00618 9.6
-0.00594 7.7
-0.0057 5.5
-0.00545 3.1
-0.00521 0.7
-0.00496 -1.9
-0.00472 -4.5
-0.00447 -7.1
-0.00423 -9.5
-0.00399 -11.7
-0.00374 -13.7
-0.0035 -15.4
-0.00325 -16.7
-0.00301 -17.5
-0.00277 -17.7
-0.00252 -17.4
-0.00228 -16.6
-0.00203 -15.1
-0.00179 -13.0
-0.00154 -10.3
-0.0013 -7.1
-0.00106 -3.5
-0.00081 0.4
-0.00057 4.4
-0.00032 8.3
-8e-05 11.9
0.00016 15.0
0.00041 17.3
0.00065 18.5
0.0009 18.6
0.00114 17.5
0.00138 15.1
0.00163 11.7
0.00187 7.4
0.00212 2.5
0.00236 -2.4
0.00261 -7.0
0.00285 -10.9
0.00309 -13.7
0.00334 -15.1
0.00358 -15.1
0.00383 -13.7
0.00407 -11.0
0.00431 -7.4
0.00456 -3.4
0.0048 0.8
0.00505 4.5
0.00529 7.5
0.00554 9.4
0.00578 10.2
0.00602 9.8
0.00627 8.4
0.00651 6.2
0.00676 3.5
0.007 0.7
0.00724 -1.9
0.00749 -4.0
0.00773 -5.5
0.00798 -6.2
0.00822 -6.1
0.00846 -5.3
0.00871 -4.0
0.00895 -2.3
0.0092 -0.6
0.00944 1.0
0.00969 2.4
0.00993 3.3
0.01017 3.7
0.01042 3.6
0.01066 3.1
0.01091 2.3
0.01115 1.3
0.01139 0.2
0.01164 -0.7
0.01188 -1.5
0.01213 -2.0
0.01237 -2.2
0.01262 -2.1
0.01286 -1.8
0.0131 -1.3
0.01335 -0.7
0.01359 0.0
0.01384 0.5
0.01408 1.0
0.01432 1.2
0.01457 1.3
0.01481 1.3
0.01506 1.0
0.0153 0.7
0.01554 0.3
0.01579 0.0
0.01603 -0.4
0.01628 -0.6
0.01652 -0.8
0.01677 -0.8
0.01701 -0.7
0.01725 -0.6
0.0175 -0.4
0.01774 -0.1
0.01799 0.0
0.01823 0.3
0.01847 0.4
0.01872 0.5
0.01896 0.5
0.01921 0.4
0.01945 0.3
0.0197 0.2
0.01994 0.0
0.02018 0.0
0.02043 -0.2
0.02067 -0.3
0.02092 -0.3
0.02116 -0.3
0.0214 -0.2
0.02165 -0.2
0.02189 0.0
0.02214 0.0
0.02238 0.0
0.02262 0.1
0.02287 0.2
0.02311 0.2
0.02336 0.2
0.0236 0.1
0.02385 0.0
0.02409 0.0
0.02433 0.0
0.02458 0.0
0.02482 0.0
0.02507 -0.1
0.02531 -0.1
0.02555 -0.1
0.0258 0.0
0.02604 0.0
0.02629 0.0
0.02653 0.0
0.02678 0.0
0.02702 0.0
0.02726 0.0
0.02751 0.0
0.02775 0.0
0.028 0.0
0.02824 0.0
0.02848 0.0
0.02873 0.0
0.02897 0.0
0.02922 0.0
0.02946 0.0
0.02971 0.0
0.02995 0.0
0.03019 0.0
0.03044 0.0
0.03068 0.0
0.03093 0.0
0.03117 0.0
0.03141 0.0
0.03166 0.0
0.0319 0.0
0.03215 0.0
0.03239 0.0
0.03263 0.0
0.03288 0.0
0.03312 0.0
0.03337 0.0
0.03361 0.0
0.03386 0.0
0.0341 0.0
0.03434 0.0
0.03459 0.0
0.03483 0.0
0.03508 0.0
0.03532 0.0
0.03556 0.0
0.03581 0.0
0.03605 0.0
0.0363 0.0
0.03654 0.0
0.03679 0.0
0.03703 0.0
0.03727 0.0
0.03752 0.0
0.03776 0.0
0.03801 0.0
0.03825 0.0
0.03849 0.0
0.03874 0.0
0.03898 0.0
0.03923 0.0
0.03947 0.0
0.03971 0.0
0.03996 0.0
0.0402 0.0
0.04045 0.0
0.04069 0.0
0.04094 0.0
0.04118 0.0
0.04142 0.0
0.04167 0.0
0.04191 0.0
0.04216 0.0
0.0424 0.0
0.04264 0.0
0.04289 0.0
0.04313 0.0
0.04338 0.0
0.04362 0.0
0.04387 0.0
0.04411 0.0
0.04435 0.0
0.0446 0.0
0.04484 0.0
0.04509 0.0
0.04533 0.0
0.04557 0.0
0.04582 0.0
0.04606 0.0
0.04631 0.0
0.04655 0.0
0.04679 0.0
0.04704 0.0
0.04728 0.0
0.04753 0.0
0.04777 0.0
0.04802 0.0
0.04826 0.0
0.0485 0.0
0.04875 0.0
0.04899 0.0
0.04924 0.0
0.04948 0.0
0.04972 0.0
0.04997 0.0
0.05021 0.0
0.05046 0.0
0.0507 0.0
0.05095 0.0
0.05119 0.0
0.05143 0.0
0.05168 0.0
0.05192 0.0
0.05217 0.0
0.05241 0.0
0.05265 0.0
0.0529 0.0
0.05314 0.0
0.05339 0.0
0.05363 0.0
0.05387 0.0
0.05412 0.0
0.05436 0.0
0.05461 0.0
0.05485 0.0
0.0551 0.0
0.05534 0.0
0.05558 0.0
0.05583 0.0
0.05607 0.0
0.05632 0.0
0.05656 0.0
0.0568 0.0
0.05705 0.0
0.05729 0.0
0.05754 0.0
0.05778 0.0
0.05803 0.0
0.05827 0.0
0.05851 0.0
0.05876 0.0
0.059 0.0
0.05925 0.0
0.05949 0.0
0.05973 0.0
0.05998 0.0
0.06022 0.0
0.06047 0.0
0.06071 0.0
0.06096 0.0
0.0612 0.0
0.06144 0.0
0.06169 0.0
0.06193 0.0
0.06218 0.0
0.06242 0.0
0.06266 0.0
0.06291 0.0
0.06315 0.0
0.0634 0.0
0.06364 0.0
0.06388 0.0
0.06413 0.0
0.06437 0.0
0.06462 0.0
0.06486 0.0
0.06511 0.0
0.06535 0.0
0.06559 0.0
0.06584 0.0
0.06608 0.0
0.06633 0.0
0.06657 0.0
0.06681 0.0
0.06706 0.0
0.0673 0.0
0.06755 0.0
0.06779 0.0
0.06804 0.0
0.06828 0.0
0.06852 0.0
0.06877 0.0
0.06901 0.0
0.06926 0.0
0.0695 0.0
0.06974 0.0
0.06999 0.0
0.07023 0.0
0.07048 0.0
0.07072 0.0
0.07096 0.0
0.07121 0.0
0.07145 0.0
0.0717 0.0
0.07194 0.0
0.07219 0.0
0.07243 0.0
0.07267 0.0
0.07292 0.0
0.07316 0.0
0.07341 0.0
0.07365 0.0
0.07389 0.0
0.07414 0.0
0.07438 0.0
0.07463 0.0
0.07487 0.0
0.07512 0.0
0.07536 0.0
0.0756 0.0
0.07585 0.0
0.07609 0.0
0.07634 0.0
0.07658 0.0
0.07682 0.0
0.07707 0.0
0.07731 0.0
0.07756 0.0
0.0778 0.0
0.07804 0.0
0.07829 0.0
0.07853 0.0
0.07878 0.0
0.07902 0.0
0.07927 0.0
0.07951 0.0
0.07975 0.0
0.08 0.0
0.08024 0.0
0.08049 0.0
0.08073 0.0
0.08097 0.0
0.08122 0.0
0.08146 0.0
0.08171 0.0
0.08195 0.0
0.0822 0.0
0.08244 0.0
0.08268 0.0
0.08293 0.0
0.08317 0.0
0.08342 0.0
0.08366 0.0
0.0839 0.0
0.08415 0.0
0.08439 0.0
0.08464 0.0
0.08488 0.0
0.08512 0.0
0.08537 0.0
0.08561 0.0
0.08586 0.0
0.0861 0.0
0.08635 0.0
0.08659 0.0
0.08683 0.0
0.08708 0.0
0.08732 0.0
0.08757 0.0
0.08781 0.0
0.08805 0.0
0.0883 0.0
0.08854 0.0
0.08879 0.0
0.08903 0.0
0.08928 0.0
0.08952 0.0
0.08976 0.0
0.09001 0.0
0.09025 0.0
0.0905 0.0
0.09074 0.0
0.09098 0.0
0.09123 0.0
0.09147 0.0
0.09172 0.0
0.09196 0.0
0.09221 0.0
0.09245 0.0
0.09269 0.0
0.09294 0.0
0.09318 0.0
0.09343 0.0
0.09367 0.0
0.09391 0.0
0.09416 0.0
0.0944 0.0
0.09465 0.0
0.09489 0.0
0.09513 0.0
0.09538 0.0
0.09562 0.0
0.09587 0.0
0.09611 0.0
0.09636 0.0
0.0966 0.0
0.09684 0.0
0.09709 0.0
0.09733 0.0
0.09758 0.0
0.09782 0.0
0.09806 0.0
0.09831 0.0
0.09855 0.0
0.0988 0.0
0.09904 0.0
0.09929 0.0
0.09953 0.0
0.09977 0.0
0.10002 0.0
0.10026 0.0
0.10051 0.0
0.10075 0.0
0.10099 0.0
0.10124 0.0
0.10148 0.0
0.10173 0.0
0.10197 0.0
0.10221 0.0
0.10246 0.0
0.1027 0.0
0.10295 0.0
0.10319 0.0
0.10344 0.0
0.10368 0.0
0.10392 0.0
0.10417 0.0
0.10441 0.0
0.10466 0.0
0.1049 0.0
0.10514 0.0
0.10539 0.0
0.10563 0.0
0.10588 0.0
0.10612 0.0
0.10637 0.0
0.10661 0.0
0.10685 0.0
0.1071 0.0
0.10734 0.0
0.10759 0.0
0.10783 0.0
0.10807 0.0
0.10832 0.0
0.10856 0.0
0.10881 0.0
0.10905 0.0
0.10929 0.0
0.10954 0.0
0.10978 0.0
0.11003 0.0
0.11027 0.0
0.11052 0.0
0.11076 0.0
0.111 0.0
0.11125 0.0
0.11149 0.0
0.11174 0.0
0.11198 0.0
0.11222 0.0
0.11247 0.0
0.11271 0.0
0.11296 0.0
0.1132 0.0
0.11345 0.0
0.11369 0.0
0.11393 0.0
0.11418 0.0
0.11442 0.0
0.11467 0.0
0.11491 0.0
0.11515 0.0
0.1154 0.0
0.11564 0.0
0.11589 0.0
0.11613 0.0
0.11637 0.0
0.11662 0.0
0.11686 0.0
0.11711 0.0
0.11735 0.0
0.1176 0.0
0.11784 0.0
0.11808 0.0
0.11833 0.0
0.11857 0.0
0.11882 0.0
0.11906 0.0
0.1193 0.0
0.11955 0.0
0.11979 0.0
0.12004 0.0
0.12028 0.0
0.12053 0.0
0.12077 0.0
0.12101 0.0
0.12126 0.0
0.1215 0.0
0.12175 0.0
0.12199 0.0
0.12223 0.0
0.12248 0.0
0.12272 0.0
0.12297 0.0
0.12321 0.0
0.12346 0.0
0.1237 0.0
0.12394 0.0
0.12419 0.0
0.12443 0.0
0.12468 0.0
0.12492 0.0
0.12516 0.0
0.12541 0.0
0.12565 0.0
0.1259 0.0
0.12614 0.0
0.12638 0.0
0.12663 0.0
0.12687 0.0
0.12712 0.0
0.12736 0.0
0.12761 0.0
0.12785 0.0
0.12809 0.0
0.12834 0.0
0.12858 0.0
0.12883 0.0
0.12907 0.0
0.12931 0.0
0.12956 0.0
0.1298 0.0
0.13005 0.0
0.13029 0.0
0.13054 0.0
0.13078 0.0
0.13102 0.0
0.13127 0.0
0.13151 0.0
0.13176 0.0
0.132 0.0
0.13224 0.0
0.13249 0.0
0.13273 0.0
0.13298 0.0
0.13322 0.0
0.13346 0.0
0.13371 0.0
0.13395 0.0
0.1342 0.0
0.13444 0.0
0.13469 0.0
0.13493 0.0
0.13517 0.0
0.13542 0.0
0.13566 0.0
0.13591 0.0
0.13615 0.0
0.13639 0.0
0.13664 0.0
0.13688 0.0
0.13713 0.0
0.13737 0.0
0.13762 0.0
0.13786 0.0
0.1381 0.0
0.13835 0.0
0.13859 0.0
0.13884 0.0
0.13908 0.0
0.13932 0.0
0.13957 0.0
0.13981 0.0
0.14006 0.0
0.1403 0.0
0.14054 0.0
0.14079 0.0
0.14103 0.0
0.14128 0.0
0.14152 0.0
0.14177 0.0
0.14201 0.0
0.14225 0.0
0.1425 0.0
0.14274 0.0
0.14299 0.0
0.14323 0.0
0.14347 0.0
0.14372 0.0
0.14396 0.0
0.14421 0.0
0.14445 0.0
0.1447 0.0
0.14494 0.0
0.14518 0.0
0.14543 0.0
0.14567 0.0
0.14592 0.0
0.14616 0.0
0.1464 0.0
0.14665 0.0
0.14689 0.0
0.14714 0.0
0.14738 0.0
0.14762 0.0
0.14787 0.0
0.14811 0.0
0.14836 0.0
0.1486 0.0
0.14885 0.0
0.14909 0.0
0.14933 0.0
0.14958 0.0
0.14982 0.0
0.15007 0.0
0.15031 0.0
0.15055 0.0
0.1508 0.0
0.15104 0.0
0.15129 0.0
0.15153 0.0
0.15178 0.0
0.15202 0.0
0.15226 0.0
0.15251 0.0
0.15275 0.0
0.153 0.0
0.15324 0.0
0.15348 0.0
0.15373 0.0
0.15397 0.0
0.15422 0.0
0.15446 0.0
0.15471 0.0
0.15495 0.0
0.15519 0.0
0.15544 0.0
0.15568 0.0
0.15593 0.0
0.15617 0.0
0.15641 0.0
0.15666 0.0
0.1569 0.0
0.15715 0.0
0.15739 0.0
0.15763 0.0
0.15788 0.0
0.15812 0.0
0.15837 0.0
0.15861 0.0
0.15886 0.0
0.1591 0.0
0.15934 0.0
0.15959 0.0
0.15983 0.0
0.16008 0.0
0.16032 0.0
0.16056 0.0
0.16081 0.0
0.16105 0.0
0.1613 0.0
0.16154 0.0
0.16179 0.0
0.16203 0.0
0.16227 0.0
0.16252 0.0
0.16276 0.0
0.16301 0.0
0.16325 0.0
0.16349 0.0
0.16374 0.0
0.16398 0.0
0.16423 0.0
0.16447 0.0
0.16471 0.0
0.16496 0.0
0.1652 0.0
0.16545 0.0
0.16569 0.0
0.16594 0.0
0.16618 0.0
0.16642 0.0
0.16667 0.0
0.16691 0.0
0.16716 0.0
0.1674 0.0
0.16764 0.0
0.16789 0.0
0.16813 0.0
0.16838 0.0
0.16862 0.0
0.16887 0.0
0.16911 0.0
0.16935 0.0
0.1696 0.0
0.16984 0.0
0.17009 0.0
0.17033 0.0
0.17057 0.0
0.17082 0.0
0.17106 0.0
0.17131 0.0
0.17155 0.0
0.17179 0.0
0.17204 0.0
0.17228 0.0
