t strain*1e23
-0.63759 -4.2
-0.63735 -4.2
-0.6371 -4.1
-0.63686 -4.1
-0.63662 -4.0
-0.63637 -4.0
-0.63613 -3.9
-0.63588 -3.8
-0.63564 -3.7
-0.6354 -3.7
-0.63515 -3.6
-0.63491 -3.5
-0.63466 -3.4
-0.63442 -3.3
-0.63417 -3.1
-0.63393 -3.0
-0.63369 -2.9
-0.63344 -2.8
-0.6332 -2.7
-0.63295 -2.5
-0.63271 -2.4
-0.63247 -2.3
-0.63222 -2.1
-0.63198 -2.0
-0.63173 -1.8
-0.63149 -1.7
-0.63124 -1.5
-0.631 -1.3
-0.63076 -1.2
-0.63051 -1.0
-0.63027 -0.9
-0.63002 -0.7
-0.62978 -0.5
-0.62954 -0.4
-0.62929 -0.2
-0.62905 0.0
-0.6288 0.1
-0.62856 0.3
-0.62831 0.5
-0.62807 0.6
-0.62783 0.8
-0.62758 1.0
-0.62734 1.1
-0.62709 1.3
-0.62685 1.4
-0.62661 1.6
-0.62636 1.7
-0.62612 1.9
-0.62587 2.0
-0.62563 2.2
-0.62539 2.3
-0.62514 2.5
-0.6249 2.6
-0.62465 2.7
-0.62441 2.9
-0.62416 3.0
-0.62392 3.1
-0.62368 3.2
-0.62343 3.3
-0.62319 3.4
-0.62294 3.5
-0.6227 3.6
-0.62246 3.7
-0.62221 3.8
-0.62197 3.9
-0.62172 4.0
-0.62148 4.0
-0.62123 4.1
-0.62099 4.1
-0.62075 4.2
-0.6205 4.2
-0.62026 4.3
-0.62001 4.3
-0.61977 4.3
-0.61953 4.3
-0.61928 4.3
-0.61904 4.3
-0.61879 4.3
-0.61855 4.3
-0.61831 4.3
-0.61806 4.3
-0.61782 4.3
-0.61757 4.2
-0.61733 4.2
-0.61708 4.1
-0.61684 4.1
-0.6166 4.0
-0.61635 3.9
-0.61611 3.9
-0.61586 3.8
-0.61562 3.7
-0.61538 3.6
-0.61513 3.5
-0.61489 3.4
-0.61464 3.3
-0.6144 3.2
-0.61415 3.1
-0.61391 3.0
-0.61367 2.8
-0.61342 2.7
-0.61318 2.6
-0.61293 2.4
-0.61269 2.3
-0.61245 2.2
-0.6122 2.0
-0.61196 1.9
-0.61171 1.7
-0.61147 1.5
-0.61123 1.4
-0.61098 1.2
-0.61074 1.1
-0.61049 0.9
-0.61025 0.7
-0.61 0.6
-0.60976 0.4
-0.60952 0.2
-0.60927 0.0
-0.60903 -0.1
-0.60878 -0.3
-0.60854 -0.5
-0.6083 -0.6
-0.60805 -0.8
-0.60781 -1.0
-0.60756 -1.1
-0.60732 -1.3
-0.60707 -1.5
-0.60683 -1.6
-0.60659 -1.8
-0.60634 -1.9
-0.6061 -2.1
-0.60585 -2.2
-0.60561 -2.4
-0.60537 -2.5
-0.60512 -2.6
-0.60488 -2.8
-0.60463 -2.9
-0.60439 -3.0
-0.60415 -3.2
-0.6039 -3.3
-0.60366 -3.4
-0.60341 -3.5
-0.60317 -3.6
-0.60292 -3.7
-0.60268 -3.8
-0.60244 -3.9
-0.60219 -3.9
-0.60195 -4.0
-0.6017 -4.1
-0.60146 -4.1
-0.60122 -4.2
-0.60097 -4.2
-0.60073 -4.3
-0.60048 -4.3
-0.60024 -4.3
-0.59999 -4.4
-0.59975 -4.4
-0.59951 -4.4
-0.59926 -4.4
-0.59902 -4.4
-0.59877 -4.4
-0.59853 -4.3
-0.59829 -4.3
-0.59804 -4.3
-0.5978 -4.2
-0.59755 -4.2
-0.59731 -4.1
-0.59706 -4.1
-0.59682 -4.0
-0.59658 -3.9
-0.59633 -3.9
-0.59609 -3.8
-0.59584 -3.7
-0.5956 -3.6
-0.59536 -3.5
-0.59511 -3.4
-0.59487 -3.3
-0.59462 -3.2
-0.59438 -3.0
-0.59414 -2.9
-0.59389 -2.8
-0.59365 -2.6
-0.5934 -2.5
-0.59316 -2.4
-0.59291 -2.2
-0.59267 -2.1
-0.59243 -1.9
-0.59218 -1.8
-0.59194 -1.6
-0.59169 -1.4
-0.59145 -1.3
-0.59121 -1.1
-0.59096 -0.9
-0.59072 -0.8
-0.59047 -0.6
-0.59023 -0.4
-0.58998 -0.3
-0.58974 0.0
-0.5895 0.0
-0.58925 0.3
-0.58901 0.4
-0.58876 0.6
-0.58852 0.8
-0.58828 1.0
-0.58803 1.1
-0.58779 1.3
-0.58754 1.5
-0.5873 1.6
-0.58706 1.8
-0.58681 1.9
-0.58657 2.1
-0.58632 2.2
-0.58608 2.4
-0.58583 2.5
-0.58559 2.7
-0.58535 2.8
-0.5851 2.9
-0.58486 3.1
-0.58461 3.2
-0.58437 3.3
-0.58413 3.4
-0.58388 3.5
-0.58364 3.6
-0.58339 3.7
-0.58315 3.8
-0.5829 3.9
-0.58266 4.0
-0.58242 4.0
-0.58217 4.1
-0.58193 4.2
-0.58168 4.2
-0.58144 4.3
-0.5812 4.3
-0.58095 4.3
-0.58071 4.4
-0.58046 4.4
-0.58022 4.4
-0.57998 4.4
-0.57973 4.4
-0.57949 4.4
-0.57924 4.4
-0.579 4.4
-0.57875 4.3
-0.57851 4.3
-0.57827 4.2
-0.57802 4.2
-0.57778 4.1
-0.57753 4.1
-0.57729 4.0
-0.57705 3.9
-0.5768 3.9
-0.57656 3.8
-0.57631 3.7
-0.57607 3.6
-0.57582 3.5
-0.57558 3.4
-0.57534 3.2
-0.57509 3.1
-0.57485 3.0
-0.5746 2.9
-0.57436 2.7
-0.57412 2.6
-0.57387 2.4
-0.57363 2.3
-0.57338 2.1
-0.57314 2.0
-0.5729 1.8
-0.57265 1.7
-0.57241 1.5
-0.57216 1.3
-0.57192 1.2
-0.57167 1.0
-0.57143 0.8
-0.57119 0.7
-0.57094 0.5
-0.5707 0.3
-0.57045 0.1
-0.57021 0.0
-0.56997 -0.2
-0.56972 -0.4
-0.56948 -0.6
-0.56923 -0.8
-0.56899 -0.9
-0.56874 -1.1
-0.5685 -1.3
-0.56826 -1.4
-0.56801 -1.6
-0.56777 -1.8
-0.56752 -1.9
-0.56728 -2.1
-0.56704 -2.2
-0.56679 -2.4
-0.56655 -2.5
-0.5663 -2.7
-0.56606 -2.8
-0.56581 -3.0
-0.56557 -3.1
-0.56533 -3.2
-0.56508 -3.3
-0.56484 -3.4
-0.56459 -3.6
-0.56435 -3.7
-0.56411 -3.8
-0.56386 -3.8
-0.56362 -3.9
-0.56337 -4.0
-0.56313 -4.1
-0.56289 -4.2
-0.56264 -4.2
-0.5624 -4.3
-0.56215 -4.3
-0.56191 -4.3
-0.56166 -4.4
-0.56142 -4.4
-0.56118 -4.4
-0.56093 -4.4
-0.56069 -4.4
-0.56044 -4.4
-0.5602 -4.4
-0.55996 -4.4
-0.55971 -4.4
-0.55947 -4.4
-0.55922 -4.3
-0.55898 -4.3
-0.55873 -4.2
-0.55849 -4.2
-0.55825 -4.1
-0.558 -4.0
-0.55776 -3.9
-0.55751 -3.9
-0.55727 -3.8
-0.55703 -3.7
-0.55678 -3.6
-0.55654 -3.5
-0.55629 -3.3
-0.55605 -3.2
-0.55581 -3.1
-0.55556 -3.0
-0.55532 -2.8
-0.55507 -2.7
-0.55483 -2.5
-0.55458 -2.4
-0.55434 -2.2
-0.5541 -2.1
-0.55385 -1.9
-0.55361 -1.8
-0.55336 -1.6
-0.55312 -1.4
-0.55288 -1.2
-0.55263 -1.1
-0.55239 -0.9
-0.55214 -0.7
-0.5519 -0.5
-0.55165 -0.4
-0.55141 -0.2
-0.55117 0.0
-0.55092 0.2
-0.55068 0.4
-0.55043 0.5
-0.55019 0.7
-0.54995 0.9
-0.5497 1.1
-0.54946 1.2
-0.54921 1.4
-0.54897 1.6
-0.54873 1.7
-0.54848 1.9
-0.54824 2.1
-0.54799 2.2
-0.54775 2.4
-0.5475 2.5
-0.54726 2.7
-0.54702 2.8
-0.54677 3.0
-0.54653 3.1
-0.54628 3.2
-0.54604 3.3
-0.5458 3.5
-0.54555 3.6
-0.54531 3.7
-0.54506 3.8
-0.54482 3.9
-0.54457 4.0
-0.54433 4.0
-0.54409 4.1
-0.54384 4.2
-0.5436 4.2
-0.54335 4.3
-0.54311 4.3
-0.54287 4.4
-0.54262 4.4
-0.54238 4.4
-0.54213 4.5
-0.54189 4.5
-0.54165 4.5
-0.5414 4.5
-0.54116 4.5
-0.54091 4.4
-0.54067 4.4
-0.54042 4.4
-0.54018 4.3
-0.53994 4.3
-0.53969 4.2
-0.53945 4.2
-0.5392 4.1
-0.53896 4.0
-0.53872 3.9
-0.53847 3.9
-0.53823 3.8
-0.53798 3.7
-0.53774 3.6
-0.53749 3.4
-0.53725 3.3
-0.53701 3.2
-0.53676 3.1
-0.53652 2.9
-0.53627 2.8
-0.53603 2.6
-0.53579 2.5
-0.53554 2.3
-0.5353 2.2
-0.53505 2.0
-0.53481 1.9
-0.53456 1.7
-0.53432 1.5
-0.53408 1.3
-0.53383 1.2
-0.53359 1.0
-0.53334 0.8
-0.5331 0.6
-0.53286 0.4
-0.53261 0.3
-0.53237 0.0
-0.53212 -0.1
-0.53188 -0.3
-0.53164 -0.5
-0.53139 -0.7
-0.53115 -0.8
-0.5309 -1.0
-0.53066 -1.2
-0.53041 -1.4
-0.53017 -1.5
-0.52993 -1.7
-0.52968 -1.9
-0.52944 -2.0
-0.52919 -2.2
-0.52895 -2.4
-0.52871 -2.5
-0.52846 -2.7
-0.52822 -2.8
-0.52797 -3.0
-0.52773 -3.1
-0.52748 -3.2
-0.52724 -3.4
-0.527 -3.5
-0.52675 -3.6
-0.52651 -3.7
-0.52626 -3.8
-0.52602 -3.9
-0.52578 -4.0
-0.52553 -4.1
-0.52529 -4.1
-0.52504 -4.2
-0.5248 -4.3
-0.52456 -4.3
-0.52431 -4.4
-0.52407 -4.4
-0.52382 -4.5
-0.52358 -4.5
-0.52333 -4.5
-0.52309 -4.5
-0.52285 -4.5
-0.5226 -4.5
-0.52236 -4.5
-0.52211 -4.5
-0.52187 -4.4
-0.52163 -4.4
-0.52138 -4.4
-0.52114 -4.3
-0.52089 -4.3
-0.52065 -4.2
-0.5204 -4.1
-0.52016 -4.0
-0.51992 -4.0
-0.51967 -3.9
-0.51943 -3.8
-0.51918 -3.7
-0.51894 -3.5
-0.5187 -3.4
-0.51845 -3.3
-0.51821 -3.2
-0.51796 -3.0
-0.51772 -2.9
-0.51748 -2.8
-0.51723 -2.6
-0.51699 -2.5
-0.51674 -2.3
-0.5165 -2.1
-0.51625 -2.0
-0.51601 -1.8
-0.51577 -1.6
-0.51552 -1.4
-0.51528 -1.3
-0.51503 -1.1
-0.51479 -0.9
-0.51455 -0.7
-0.5143 -0.5
-0.51406 -0.4
-0.51381 -0.2
-0.51357 0.0
-0.51332 0.2
-0.51308 0.4
-0.51284 0.6
-0.51259 0.8
-0.51235 1.0
-0.5121 1.1
-0.51186 1.3
-0.51162 1.5
-0.51137 1.7
-0.51113 1.8
-0.51088 2.0
-0.51064 2.2
-0.5104 2.3
-0.51015 2.5
-0.50991 2.7
-0.50966 2.8
-0.50942 3.0
-0.50917 3.1
-0.50893 3.2
-0.50869 3.4
-0.50844 3.5
-0.5082 3.6
-0.50795 3.7
-0.50771 3.8
-0.50747 3.9
-0.50722 4.0
-0.50698 4.1
-0.50673 4.2
-0.50649 4.2
-0.50624 4.3
-0.506 4.4
-0.50576 4.4
-0.50551 4.5
-0.50527 4.5
-0.50502 4.5
-0.50478 4.5
-0.50454 4.5
-0.50429 4.5
-0.50405 4.5
-0.5038 4.5
-0.50356 4.5
-0.50331 4.5
-0.50307 4.4
-0.50283 4.4
-0.50258 4.3
-0.50234 4.3
-0.50209 4.2
-0.50185 4.1
-0.50161 4.1
-0.50136 4.0
-0.50112 3.9
-0.50087 3.8
-0.50063 3.7
-0.50039 3.6
-0.50014 3.4
-0.4999 3.3
-0.49965 3.2
-0.49941 3.0
-0.49916 2.9
-0.49892 2.7
-0.49868 2.6
-0.49843 2.4
-0.49819 2.3
-0.49794 2.1
-0.4977 1.9
-0.49746 1.7
-0.49721 1.6
-0.49697 1.4
-0.49672 1.2
-0.49648 1.0
-0.49623 0.8
-0.49599 0.6
-0.49575 0.5
-0.4955 0.3
-0.49526 0.0
-0.49501 -0.1
-0.49477 -0.3
-0.49453 -0.5
-0.49428 -0.7
-0.49404 -0.9
-0.49379 -1.1
-0.49355 -1.2
-0.49331 -1.4
-0.49306 -1.6
-0.49282 -1.8
-0.49257 -2.0
-0.49233 -2.1
-0.49208 -2.3
-0.49184 -2.5
-0.4916 -2.6
-0.49135 -2.8
-0.49111 -2.9
-0.49086 -3.1
-0.49062 -3.2
-0.49038 -3.4
-0.49013 -3.5
-0.48989 -3.6
-0.48964 -3.7
-0.4894 -3.8
-0.48915 -3.9
-0.48891 -4.0
-0.48867 -4.1
-0.48842 -4.2
-0.48818 -4.3
-0.48793 -4.3
-0.48769 -4.4
-0.48745 -4.4
-0.4872 -4.5
-0.48696 -4.5
-0.48671 -4.6
-0.48647 -4.6
-0.48623 -4.6
-0.48598 -4.6
-0.48574 -4.6
-0.48549 -4.6
-0.48525 -4.5
-0.485 -4.5
-0.48476 -4.5
-0.48452 -4.4
-0.48427 -4.4
-0.48403 -4.3
-0.48378 -4.2
-0.48354 -4.2
-0.4833 -4.1
-0.48305 -4.0
-0.48281 -3.9
-0.48256 -3.8
-0.48232 -3.7
-0.48207 -3.6
-0.48183 -3.4
-0.48159 -3.3
-0.48134 -3.2
-0.4811 -3.0
-0.48085 -2.9
-0.48061 -2.7
-0.48037 -2.6
-0.48012 -2.4
-0.47988 -2.2
-0.47963 -2.1
-0.47939 -1.9
-0.47915 -1.7
-0.4789 -1.5
-0.47866 -1.3
-0.47841 -1.2
-0.47817 -1.0
-0.47792 -0.8
-0.47768 -0.6
-0.47744 -0.4
-0.47719 -0.2
-0.47695 0.0
-0.4767 0.2
-0.47646 0.4
-0.47622 0.6
-0.47597 0.8
-0.47573 1.0
-0.47548 1.2
-0.47524 1.4
-0.47499 1.5
-0.47475 1.7
-0.47451 1.9
-0.47426 2.1
-0.47402 2.3
-0.47377 2.4
-0.47353 2.6
-0.47329 2.7
-0.47304 2.9
-0.4728 3.1
-0.47255 3.2
-0.47231 3.3
-0.47206 3.5
-0.47182 3.6
-0.47158 3.7
-0.47133 3.8
-0.47109 3.9
-0.47084 4.0
-0.4706 4.1
-0.47036 4.2
-0.47011 4.3
-0.46987 4.4
-0.46962 4.4
-0.46938 4.5
-0.46914 4.5
-0.46889 4.6
-0.46865 4.6
-0.4684 4.6
-0.46816 4.6
-0.46791 4.6
-0.46767 4.6
-0.46743 4.6
-0.46718 4.6
-0.46694 4.6
-0.46669 4.5
-0.46645 4.5
-0.46621 4.4
-0.46596 4.4
-0.46572 4.3
-0.46547 4.2
-0.46523 4.1
-0.46498 4.0
-0.46474 3.9
-0.4645 3.8
-0.46425 3.7
-0.46401 3.6
-0.46376 3.4
-0.46352 3.3
-0.46328 3.2
-0.46303 3.0
-0.46279 2.9
-0.46254 2.7
-0.4623 2.5
-0.46206 2.4
-0.46181 2.2
-0.46157 2.0
-0.46132 1.9
-0.46108 1.7
-0.46083 1.5
-0.46059 1.3
-0.46035 1.1
-0.4601 0.9
-0.45986 0.7
-0.45961 0.5
-0.45937 0.3
-0.45913 0.1
-0.45888 0.0
-0.45864 -0.3
-0.45839 -0.5
-0.45815 -0.7
-0.4579 -0.9
-0.45766 -1.1
-0.45742 -1.3
-0.45717 -1.5
-0.45693 -1.7
-0.45668 -1.8
-0.45644 -2.0
-0.4562 -2.2
-0.45595 -2.4
-0.45571 -2.5
-0.45546 -2.7
-0.45522 -2.9
-0.45498 -3.0
-0.45473 -3.2
-0.45449 -3.3
-0.45424 -3.5
-0.454 -3.6
-0.45375 -3.7
-0.45351 -3.8
-0.45327 -3.9
-0.45302 -4.0
-0.45278 -4.1
-0.45253 -4.2
-0.45229 -4.3
-0.45205 -4.4
-0.4518 -4.5
-0.45156 -4.5
-0.45131 -4.6
-0.45107 -4.6
-0.45082 -4.6
-0.45058 -4.6
-0.45034 -4.7
-0.45009 -4.7
-0.44985 -4.7
-0.4496 -4.6
-0.44936 -4.6
-0.44912 -4.6
-0.44887 -4.6
-0.44863 -4.5
-0.44838 -4.5
-0.44814 -4.4
-0.4479 -4.3
-0.44765 -4.2
-0.44741 -4.2
-0.44716 -4.1
-0.44692 -3.9
-0.44667 -3.8
-0.44643 -3.7
-0.44619 -3.6
-0.44594 -3.5
-0.4457 -3.3
-0.44545 -3.2
-0.44521 -3.0
-0.44497 -2.9
-0.44472 -2.7
-0.44448 -2.5
-0.44423 -2.4
-0.44399 -2.2
-0.44374 -2.0
-0.4435 -1.8
-0.44326 -1.6
-0.44301 -1.4
-0.44277 -1.2
-0.44252 -1.0
-0.44228 -0.8
-0.44204 -0.6
-0.44179 -0.4
-0.44155 -0.2
-0.4413 0.0
-0.44106 0.2
-0.44081 0.4
-0.44057 0.6
-0.44033 0.8
-0.44008 1.0
-0.43984 1.2
-0.43959 1.4
-0.43935 1.6
-0.43911 1.8
-0.43886 2.0
-0.43862 2.1
-0.43837 2.3
-0.43813 2.5
-0.43789 2.7
-0.43764 2.8
-0.4374 3.0
-0.43715 3.2
-0.43691 3.3
-0.43666 3.4
-0.43642 3.6
-0.43618 3.7
-0.43593 3.8
-0.43569 4.0
-0.43544 4.1
-0.4352 4.2
-0.43496 4.3
-0.43471 4.3
-0.43447 4.4
-0.43422 4.5
-0.43398 4.5
-0.43373 4.6
-0.43349 4.6
-0.43325 4.7
-0.433 4.7
-0.43276 4.7
-0.43251 4.7
-0.43227 4.7
-0.43203 4.7
-0.43178 4.7
-0.43154 4.6
-0.43129 4.6
-0.43105 4.6
-0.43081 4.5
-0.43056 4.4
-0.43032 4.4
-0.43007 4.3
-0.42983 4.2
-0.42958 4.1
-0.42934 4.0
-0.4291 3.9
-0.42885 3.7
-0.42861 3.6
-0.42836 3.5
-0.42812 3.3
-0.42788 3.2
-0.42763 3.0
-0.42739 2.9
-0.42714 2.7
-0.4269 2.5
-0.42665 2.3
-0.42641 2.2
-0.42617 2.0
-0.42592 1.8
-0.42568 1.6
-0.42543 1.4
-0.42519 1.2
-0.42495 1.0
-0.4247 0.8
-0.42446 0.6
-0.42421 0.4
-0.42397 0.2
-0.42373 0.0
-0.42348 -0.3
-0.42324 -0.5
-0.42299 -0.7
-0.42275 -0.9
-0.4225 -1.1
-0.42226 -1.3
-0.42202 -1.5
-0.42177 -1.7
-0.42153 -1.9
-0.42128 -2.1
-0.42104 -2.3
-0.4208 -2.4
-0.42055 -2.6
-0.42031 -2.8
-0.42006 -3.0
-0.41982 -3.1
-0.41957 -3.3
-0.41933 -3.4
-0.41909 -3.6
-0.41884 -3.7
-0.4186 -3.8
-0.41835 -4.0
-0.41811 -4.1
-0.41787 -4.2
-0.41762 -4.3
-0.41738 -4.4
-0.41713 -4.4
-0.41689 -4.5
-0.41665 -4.6
-0.4164 -4.6
-0.41616 -4.7
-0.41591 -4.7
-0.41567 -4.7
-0.41542 -4.7
-0.41518 -4.8
-0.41494 -4.7
-0.41469 -4.7
-0.41445 -4.7
-0.4142 -4.7
-0.41396 -4.6
-0.41372 -4.6
-0.41347 -4.5
-0.41323 -4.5
-0.41298 -4.4
-0.41274 -4.3
-0.41249 -4.2
-0.41225 -4.1
-0.41201 -4.0
-0.41176 -3.9
-0.41152 -3.8
-0.41127 -3.6
-0.41103 -3.5
-0.41079 -3.3
-0.41054 -3.2
-0.4103 -3.0
-0.41005 -2.9
-0.40981 -2.7
-0.40956 -2.5
-0.40932 -2.3
-0.40908 -2.1
-0.40883 -1.9
-0.40859 -1.7
-0.40834 -1.5
-0.4081 -1.3
-0.40786 -1.1
-0.40761 -0.9
-0.40737 -0.7
-0.40712 -0.5
-0.40688 -0.3
-0.40664 0.0
-0.40639 0.1
-0.40615 0.3
-0.4059 0.6
-0.40566 0.8
-0.40541 1.0
-0.40517 1.2
-0.40493 1.4
-0.40468 1.6
-0.40444 1.8
-0.40419 2.0
-0.40395 2.2
-0.40371 2.4
-0.40346 2.6
-0.40322 2.7
-0.40297 2.9
-0.40273 3.1
-0.40248 3.2
-0.40224 3.4
-0.402 3.6
-0.40175 3.7
-0.40151 3.8
-0.40126 4.0
-0.40102 4.1
-0.40078 4.2
-0.40053 4.3
-0.40029 4.4
-0.40004 4.5
-0.3998 4.5
-0.39956 4.6
-0.39931 4.7
-0.39907 4.7
-0.39882 4.7
-0.39858 4.8
-0.39833 4.8
-0.39809 4.8
-0.39785 4.8
-0.3976 4.8
-0.39736 4.8
-0.39711 4.7
-0.39687 4.7
-0.39663 4.6
-0.39638 4.6
-0.39614 4.5
-0.39589 4.4
-0.39565 4.3
-0.3954 4.3
-0.39516 4.1
-0.39492 4.0
-0.39467 3.9
-0.39443 3.8
-0.39418 3.6
-0.39394 3.5
-0.3937 3.3
-0.39345 3.2
-0.39321 3.0
-0.39296 2.9
-0.39272 2.7
-0.39248 2.5
-0.39223 2.3
-0.39199 2.1
-0.39174 1.9
-0.3915 1.7
-0.39125 1.5
-0.39101 1.3
-0.39077 1.1
-0.39052 0.9
-0.39028 0.6
-0.39003 0.4
-0.38979 0.2
-0.38955 0.0
-0.3893 -0.2
-0.38906 -0.4
-0.38881 -0.7
-0.38857 -0.9
-0.38832 -1.1
-0.38808 -1.3
-0.38784 -1.5
-0.38759 -1.7
-0.38735 -1.9
-0.3871 -2.1
-0.38686 -2.3
-0.38662 -2.5
-0.38637 -2.7
-0.38613 -2.9
-0.38588 -3.1
-0.38564 -3.2
-0.3854 -3.4
-0.38515 -3.5
-0.38491 -3.7
-0.38466 -3.8
-0.38442 -4.0
-0.38417 -4.1
-0.38393 -4.2
-0.38369 -4.3
-0.38344 -4.4
-0.3832 -4.5
-0.38295 -4.6
-0.38271 -4.6
-0.38247 -4.7
-0.38222 -4.7
-0.38198 -4.8
-0.38173 -4.8
-0.38149 -4.8
-0.38124 -4.8
-0.381 -4.8
-0.38076 -4.8
-0.38051 -4.8
-0.38027 -4.8
-0.38002 -4.7
-0.37978 -4.7
-0.37954 -4.6
-0.37929 -4.6
-0.37905 -4.5
-0.3788 -4.4
-0.37856 -4.3
-0.37831 -4.2
-0.37807 -4.1
-0.37783 -3.9
-0.37758 -3.8
-0.37734 -3.7
-0.37709 -3.5
-0.37685 -3.4
-0.37661 -3.2
-0.37636 -3.0
-0.37612 -2.8
-0.37587 -2.7
-0.37563 -2.5
-0.37539 -2.3
-0.37514 -2.1
-0.3749 -1.9
-0.37465 -1.7
-0.37441 -1.4
-0.37416 -1.2
-0.37392 -1.0
-0.37368 -0.8
-0.37343 -0.6
-0.37319 -0.3
-0.37294 -0.1
-0.3727 0.1
-0.37246 0.3
-0.37221 0.5
-0.37197 0.8
-0.37172 1.0
-0.37148 1.2
-0.37123 1.4
-0.37099 1.6
-0.37075 1.9
-0.3705 2.1
-0.37026 2.3
-0.37001 2.5
-0.36977 2.7
-0.36953 2.8
-0.36928 3.0
-0.36904 3.2
-0.36879 3.4
-0.36855 3.5
-0.36831 3.7
-0.36806 3.8
-0.36782 4.0
-0.36757 4.1
-0.36733 4.2
-0.36708 4.3
-0.36684 4.4
-0.3666 4.5
-0.36635 4.6
-0.36611 4.7
-0.36586 4.7
-0.36562 4.8
-0.36538 4.8
-0.36513 4.9
-0.36489 4.9
-0.36464 4.9
-0.3644 4.9
-0.36415 4.9
-0.36391 4.9
-0.36367 4.8
-0.36342 4.8
-0.36318 4.7
-0.36293 4.7
-0.36269 4.6
-0.36245 4.5
-0.3622 4.4
-0.36196 4.3
-0.36171 4.2
-0.36147 4.1
-0.36123 4.0
-0.36098 3.8
-0.36074 3.7
-0.36049 3.5
-0.36025 3.4
-0.36 3.2
-0.35976 3.0
-0.35952 2.8
-0.35927 2.6
-0.35903 2.4
-0.35878 2.2
-0.35854 2.0
-0.3583 1.8
-0.35805 1.6
-0.35781 1.4
-0.35756 1.2
-0.35732 0.9
-0.35707 0.7
-0.35683 0.5
-0.35659 0.2
-0.35634 0.0
-0.3561 -0.2
-0.35585 -0.4
-0.35561 -0.7
-0.35537 -0.9
-0.35512 -1.1
-0.35488 -1.4
-0.35463 -1.6
-0.35439 -1.8
-0.35415 -2.0
-0.3539 -2.2
-0.35366 -2.4
-0.35341 -2.6
-0.35317 -2.8
-0.35292 -3.0
-0.35268 -3.2
-0.35244 -3.4
-0.35219 -3.5
-0.35195 -3.7
-0.3517 -3.8
-0.35146 -4.0
-0.35122 -4.1
-0.35097 -4.2
-0.35073 -4.3
-0.35048 -4.5
-0.35024 -4.6
-0.34999 -4.6
-0.34975 -4.7
-0.34951 -4.8
-0.34926 -4.8
-0.34902 -4.9
-0.34877 -4.9
-0.34853 -4.9
-0.34829 -4.9
-0.34804 -4.9
-0.3478 -4.9
-0.34755 -4.9
-0.34731 -4.9
-0.34706 -4.8
-0.34682 -4.8
-0.34658 -4.7
-0.34633 -4.6
-0.34609 -4.6
-0.34584 -4.5
-0.3456 -4.3
-0.34536 -4.2
-0.34511 -4.1
-0.34487 -4.0
-0.34462 -3.8
-0.34438 -3.7
-0.34414 -3.5
-0.34389 -3.3
-0.34365 -3.2
-0.3434 -3.0
-0.34316 -2.8
-0.34291 -2.6
-0.34267 -2.4
-0.34243 -2.2
-0.34218 -2.0
-0.34194 -1.7
-0.34169 -1.5
-0.34145 -1.3
-0.34121 -1.1
-0.34096 -0.8
-0.34072 -0.6
-0.34047 -0.4
-0.34023 -0.1
-0.33998 0.1
-0.33974 0.3
-0.3395 0.6
-0.33925 0.8
-0.33901 1.0
-0.33876 1.3
-0.33852 1.5
-0.33828 1.7
-0.33803 2.0
-0.33779 2.2
-0.33754 2.4
-0.3373 2.6
-0.33706 2.8
-0.33681 3.0
-0.33657 3.2
-0.33632 3.4
-0.33608 3.5
-0.33583 3.7
-0.33559 3.8
-0.33535 4.0
-0.3351 4.1
-0.33486 4.3
-0.33461 4.4
-0.33437 4.5
-0.33413 4.6
-0.33388 4.7
-0.33364 4.8
-0.33339 4.8
-0.33315 4.9
-0.3329 4.9
-0.33266 5.0
-0.33242 5.0
-0.33217 5.0
-0.33193 5.0
-0.33168 5.0
-0.33144 5.0
-0.3312 4.9
-0.33095 4.9
-0.33071 4.8
-0.33046 4.8
-0.33022 4.7
-0.32998 4.6
-0.32973 4.5
-0.32949 4.4
-0.32924 4.2
-0.329 4.1
-0.32875 4.0
-0.32851 3.8
-0.32827 3.7
-0.32802 3.5
-0.32778 3.3
-0.32753 3.1
-0.32729 2.9
-0.32705 2.7
-0.3268 2.5
-0.32656 2.3
-0.32631 2.1
-0.32607 1.9
-0.32582 1.7
-0.32558 1.4
-0.32534 1.2
-0.32509 1.0
-0.32485 0.7
-0.3246 0.5
-0.32436 0.2
-0.32412 0.0
-0.32387 -0.3
-0.32363 -0.5
-0.32338 -0.7
-0.32314 -1.0
-0.3229 -1.2
-0.32265 -1.5
-0.32241 -1.7
-0.32216 -1.9
-0.32192 -2.1
-0.32167 -2.4
-0.32143 -2.6
-0.32119 -2.8
-0.32094 -3.0
-0.3207 -3.2
-0.32045 -3.4
-0.32021 -3.5
-0.31997 -3.7
-0.31972 -3.9
-0.31948 -4.0
-0.31923 -4.2
-0.31899 -4.3
-0.31874 -4.4
-0.3185 -4.5
-0.31826 -4.6
-0.31801 -4.7
-0.31777 -4.8
-0.31752 -4.9
-0.31728 -4.9
-0.31704 -5.0
-0.31679 -5.0
-0.31655 -5.0
-0.3163 -5.1
-0.31606 -5.0
-0.31581 -5.0
-0.31557 -5.0
-0.31533 -5.0
-0.31508 -4.9
-0.31484 -4.9
-0.31459 -4.8
-0.31435 -4.7
-0.31411 -4.6
-0.31386 -4.5
-0.31362 -4.4
-0.31337 -4.2
-0.31313 -4.1
-0.31289 -4.0
-0.31264 -3.8
-0.3124 -3.6
-0.31215 -3.5
-0.31191 -3.3
-0.31166 -3.1
-0.31142 -2.9
-0.31118 -2.7
-0.31093 -2.5
-0.31069 -2.2
-0.31044 -2.0
-0.3102 -1.8
-0.30996 -1.5
-0.30971 -1.3
-0.30947 -1.1
-0.30922 -0.8
-0.30898 -0.6
-0.30873 -0.3
-0.30849 0.0
-0.30825 0.2
-0.308 0.4
-0.30776 0.7
-0.30751 0.9
-0.30727 1.2
-0.30703 1.4
-0.30678 1.7
-0.30654 1.9
-0.30629 2.1
-0.30605 2.3
-0.30581 2.6
-0.30556 2.8
-0.30532 3.0
-0.30507 3.2
-0.30483 3.4
-0.30458 3.6
-0.30434 3.7
-0.3041 3.9
-0.30385 4.1
-0.30361 4.2
-0.30336 4.4
-0.30312 4.5
-0.30288 4.6
-0.30263 4.7
-0.30239 4.8
-0.30214 4.9
-0.3019 4.9
-0.30165 5.0
-0.30141 5.0
-0.30117 5.1
-0.30092 5.1
-0.30068 5.1
-0.30043 5.1
-0.30019 5.1
-0.29995 5.1
-0.2997 5.0
-0.29946 5.0
-0.29921 4.9
-0.29897 4.8
-0.29873 4.7
-0.29848 4.6
-0.29824 4.5
-0.29799 4.4
-0.29775 4.2
-0.2975 4.1
-0.29726 3.9
-0.29702 3.8
-0.29677 3.6
-0.29653 3.4
-0.29628 3.2
-0.29604 3.0
-0.2958 2.8
-0.29555 2.6
-0.29531 2.4
-0.29506 2.1
-0.29482 1.9
-0.29457 1.6
-0.29433 1.4
-0.29409 1.2
-0.29384 0.9
-0.2936 0.6
-0.29335 0.4
-0.29311 0.1
-0.29287 -0.1
-0.29262 -0.4
-0.29238 -0.6
-0.29213 -0.9
-0.29189 -1.1
-0.29165 -1.4
-0.2914 -1.6
-0.29116 -1.9
-0.29091 -2.1
-0.29067 -2.4
-0.29042 -2.6
-0.29018 -2.8
-0.28994 -3.0
-0.28969 -3.2
-0.28945 -3.4
-0.2892 -3.6
-0.28896 -3.8
-0.28872 -4.0
-0.28847 -4.1
-0.28823 -4.3
-0.28798 -4.4
-0.28774 -4.6
-0.28749 -4.7
-0.28725 -4.8
-0.28701 -4.9
-0.28676 -5.0
-0.28652 -5.0
-0.28627 -5.1
-0.28603 -5.1
-0.28579 -5.1
-0.28554 -5.2
-0.2853 -5.2
-0.28505 -5.2
-0.28481 -5.1
-0.28456 -5.1
-0.28432 -5.1
-0.28408 -5.0
-0.28383 -4.9
-0.28359 -4.8
-0.28334 -4.7
-0.2831 -4.6
-0.28286 -4.5
-0.28261 -4.4
-0.28237 -4.2
-0.28212 -4.1
-0.28188 -3.9
-0.28164 -3.7
-0.28139 -3.5
-0.28115 -3.3
-0.2809 -3.1
-0.28066 -2.9
-0.28041 -2.7
-0.28017 -2.4
-0.27993 -2.2
-0.27968 -2.0
-0.27944 -1.7
-0.27919 -1.5
-0.27895 -1.2
-0.27871 -1.0
-0.27846 -0.7
-0.27822 -0.4
-0.27797 -0.2
-0.27773 0.1
-0.27748 0.4
-0.27724 0.6
-0.277 0.9
-0.27675 1.2
-0.27651 1.4
-0.27626 1.7
-0.27602 1.9
-0.27578 2.2
-0.27553 2.4
-0.27529 2.6
-0.27504 2.9
-0.2748 3.1
-0.27456 3.3
-0.27431 3.5
-0.27407 3.7
-0.27382 3.9
-0.27358 4.1
-0.27333 4.2
-0.27309 4.4
-0.27285 4.5
-0.2726 4.6
-0.27236 4.8
-0.27211 4.9
-0.27187 5.0
-0.27163 5.0
-0.27138 5.1
-0.27114 5.2
-0.27089 5.2
-0.27065 5.2
-0.2704 5.2
-0.27016 5.2
-0.26992 5.2
-0.26967 5.2
-0.26943 5.1
-0.26918 5.1
-0.26894 5.0
-0.2687 4.9
-0.26845 4.8
-0.26821 4.7
-0.26796 4.6
-0.26772 4.5
-0.26748 4.3
-0.26723 4.1
-0.26699 4.0
-0.26674 3.8
-0.2665 3.6
-0.26625 3.4
-0.26601 3.2
-0.26577 3.0
-0.26552 2.7
-0.26528 2.5
-0.26503 2.3
-0.26479 2.0
-0.26455 1.8
-0.2643 1.5
-0.26406 1.2
-0.26381 1.0
-0.26357 0.7
-0.26332 0.4
-0.26308 0.2
-0.26284 -0.1
-0.26259 -0.4
-0.26235 -0.7
-0.2621 -0.9
-0.26186 -1.2
-0.26162 -1.5
-0.26137 -1.7
-0.26113 -2.0
-0.26088 -2.2
-0.26064 -2.5
-0.2604 -2.7
-0.26015 -3.0
-0.25991 -3.2
-0.25966 -3.4
-0.25942 -3.6
-0.25917 -3.8
-0.25893 -4.0
-0.25869 -4.2
-0.25844 -4.3
-0.2582 -4.5
-0.25795 -4.6
-0.25771 -4.8
-0.25747 -4.9
-0.25722 -5.0
-0.25698 -5.1
-0.25673 -5.1
-0.25649 -5.2
-0.25624 -5.2
-0.256 -5.3
-0.25576 -5.3
-0.25551 -5.3
-0.25527 -5.3
-0.25502 -5.3
-0.25478 -5.2
-0.25454 -5.2
-0.25429 -5.1
-0.25405 -5.0
-0.2538 -4.9
-0.25356 -4.8
-0.25331 -4.7
-0.25307 -4.5
-0.25283 -4.4
-0.25258 -4.2
-0.25234 -4.1
-0.25209 -3.9
-0.25185 -3.7
-0.25161 -3.5
-0.25136 -3.2
-0.25112 -3.0
-0.25087 -2.8
-0.25063 -2.5
-0.25039 -2.3
-0.25014 -2.0
-0.2499 -1.8
-0.24965 -1.5
-0.24941 -1.2
-0.24916 -1.0
-0.24892 -0.7
-0.24868 -0.4
-0.24843 -0.1
-0.24819 0.2
-0.24794 0.5
-0.2477 0.7
-0.24746 1.0
-0.24721 1.3
-0.24697 1.6
-0.24672 1.8
-0.24648 2.1
-0.24623 2.4
-0.24599 2.6
-0.24575 2.9
-0.2455 3.1
-0.24526 3.3
-0.24501 3.5
-0.24477 3.7
-0.24453 3.9
-0.24428 4.1
-0.24404 4.3
-0.24379 4.5
-0.24355 4.6
-0.24331 4.8
-0.24306 4.9
-0.24282 5.0
-0.24257 5.1
-0.24233 5.2
-0.24208 5.2
-0.24184 5.3
-0.2416 5.3
-0.24135 5.4
-0.24111 5.4
-0.24086 5.4
-0.24062 5.3
-0.24038 5.3
-0.24013 5.2
-0.23989 5.2
-0.23964 5.1
-0.2394 5.0
-0.23915 4.9
-0.23891 4.7
-0.23867 4.6
-0.23842 4.4
-0.23818 4.3
-0.23793 4.1
-0.23769 3.9
-0.23745 3.7
-0.2372 3.5
-0.23696 3.3
-0.23671 3.0
-0.23647 2.8
-0.23623 2.5
-0.23598 2.3
-0.23574 2.0
-0.23549 1.7
-0.23525 1.5
-0.235 1.2
-0.23476 0.9
-0.23452 0.6
-0.23427 0.3
-0.23403 0.0
-0.23378 -0.3
-0.23354 -0.6
-0.2333 -0.9
-0.23305 -1.1
-0.23281 -1.4
-0.23256 -1.7
-0.23232 -2.0
-0.23207 -2.3
-0.23183 -2.5
-0.23159 -2.8
-0.23134 -3.0
-0.2311 -3.3
-0.23085 -3.5
-0.23061 -3.7
-0.23037 -3.9
-0.23012 -4.1
-0.22988 -4.3
-0.22963 -4.5
-0.22939 -4.7
-0.22915 -4.8
-0.2289 -4.9
-0.22866 -5.0
-0.22841 -5.2
-0.22817 -5.2
-0.22792 -5.3
-0.22768 -5.4
-0.22744 -5.4
-0.22719 -5.4
-0.22695 -5.4
-0.2267 -5.4
-0.22646 -5.4
-0.22622 -5.4
-0.22597 -5.3
-0.22573 -5.2
-0.22548 -5.2
-0.22524 -5.0
-0.22499 -4.9
-0.22475 -4.8
-0.22451 -4.6
-0.22426 -4.5
-0.22402 -4.3
-0.22377 -4.1
-0.22353 -3.9
-0.22329 -3.7
-0.22304 -3.5
-0.2228 -3.2
-0.22255 -3.0
-0.22231 -2.7
-0.22206 -2.5
-0.22182 -2.2
-0.22158 -1.9
-0.22133 -1.6
-0.22109 -1.3
-0.22084 -1.1
-0.2206 -0.8
-0.22036 -0.5
-0.22011 -0.2
-0.21987 0.2
-0.21962 0.5
-0.21938 0.8
-0.21914 1.1
-0.21889 1.4
-0.21865 1.6
-0.2184 1.9
-0.21816 2.2
-0.21791 2.5
-0.21767 2.8
-0.21743 3.0
-0.21718 3.3
-0.21694 3.5
-0.21669 3.7
-0.21645 4.0
-0.21621 4.2
-0.21596 4.4
-0.21572 4.5
-0.21547 4.7
-0.21523 4.9
-0.21498 5.0
-0.21474 5.1
-0.2145 5.2
-0.21425 5.3
-0.21401 5.4
-0.21376 5.4
-0.21352 5.5
-0.21328 5.5
-0.21303 5.5
-0.21279 5.5
-0.21254 5.5
-0.2123 5.4
-0.21206 5.4
-0.21181 5.3
-0.21157 5.2
-0.21132 5.1
-0.21108 5.0
-0.21083 4.8
-0.21059 4.7
-0.21035 4.5
-0.2101 4.3
-0.20986 4.1
-0.20961 3.9
-0.20937 3.6
-0.20913 3.4
-0.20888 3.2
-0.20864 2.9
-0.20839 2.6
-0.20815 2.3
-0.2079 2.1
-0.20766 1.8
-0.20742 1.5
-0.20717 1.2
-0.20693 0.9
-0.20668 0.5
-0.20644 0.2
-0.2062 0.0
-0.20595 -0.4
-0.20571 -0.7
-0.20546 -1.0
-0.20522 -1.3
-0.20498 -1.6
-0.20473 -1.9
-0.20449 -2.2
-0.20424 -2.5
-0.204 -2.8
-0.20375 -3.1
-0.20351 -3.3
-0.20327 -3.6
-0.20302 -3.8
-0.20278 -4.0
-0.20253 -4.2
-0.20229 -4.4
-0.20205 -4.6
-0.2018 -4.8
-0.20156 -5.0
-0.20131 -5.1
-0.20107 -5.2
-0.20082 -5.3
-0.20058 -5.4
-0.20034 -5.5
-0.20009 -5.5
-0.19985 -5.6
-0.1996 -5.6
-0.19936 -5.6
-0.19912 -5.6
-0.19887 -5.5
-0.19863 -5.5
-0.19838 -5.4
-0.19814 -5.3
-0.1979 -5.2
-0.19765 -5.1
-0.19741 -4.9
-0.19716 -4.8
-0.19692 -4.6
-0.19667 -4.4
-0.19643 -4.2
-0.19619 -4.0
-0.19594 -3.8
-0.1957 -3.5
-0.19545 -3.3
-0.19521 -3.0
-0.19497 -2.7
-0.19472 -2.4
-0.19448 -2.1
-0.19423 -1.8
-0.19399 -1.5
-0.19374 -1.2
-0.1935 -0.9
-0.19326 -0.6
-0.19301 -0.2
-0.19277 0.0
-0.19252 0.4
-0.19228 0.7
-0.19204 1.1
-0.19179 1.4
-0.19155 1.7
-0.1913 2.0
-0.19106 2.3
-0.19081 2.6
-0.19057 2.9
-0.19033 3.2
-0.19008 3.4
-0.18984 3.7
-0.18959 3.9
-0.18935 4.2
-0.18911 4.4
-0.18886 4.6
-0.18862 4.8
-0.18837 5.0
-0.18813 5.1
-0.18789 5.2
-0.18764 5.4
-0.1874 5.5
-0.18715 5.5
-0.18691 5.6
-0.18666 5.7
-0.18642 5.7
-0.18618 5.7
-0.18593 5.7
-0.18569 5.6
-0.18544 5.6
-0.1852 5.5
-0.18496 5.4
-0.18471 5.3
-0.18447 5.2
-0.18422 5.0
-0.18398 4.9
-0.18373 4.7
-0.18349 4.5
-0.18325 4.3
-0.183 4.1
-0.18276 3.8
-0.18251 3.6
-0.18227 3.3
-0.18203 3.0
-0.18178 2.7
-0.18154 2.4
-0.18129 2.1
-0.18105 1.8
-0.18081 1.5
-0.18056 1.2
-0.18032 0.8
-0.18007 0.5
-0.17983 0.1
-0.17958 -0.2
-0.17934 -0.5
-0.1791 -0.9
-0.17885 -1.2
-0.17861 -1.5
-0.17836 -1.9
-0.17812 -2.2
-0.17788 -2.5
-0.17763 -2.8
-0.17739 -3.1
-0.17714 -3.4
-0.1769 -3.6
-0.17665 -3.9
-0.17641 -4.2
-0.17617 -4.4
-0.17592 -4.6
-0.17568 -4.8
-0.17543 -5.0
-0.17519 -5.1
-0.17495 -5.3
-0.1747 -5.4
-0.17446 -5.5
-0.17421 -5.6
-0.17397 -5.7
-0.17373 -5.7
-0.17348 -5.8
-0.17324 -5.8
-0.17299 -5.8
-0.17275 -5.7
-0.1725 -5.7
-0.17226 -5.6
-0.17202 -5.5
-0.17177 -5.4
-0.17153 -5.3
-0.17128 -5.1
-0.17104 -4.9
-0.1708 -4.7
-0.17055 -4.5
-0.17031 -4.3
-0.17006 -4.1
-0.16982 -3.8
-0.16957 -3.5
-0.16933 -3.3
-0.16909 -3.0
-0.16884 -2.7
-0.1686 -2.3
-0.16835 -2.0
-0.16811 -1.7
-0.16787 -1.3
-0.16762 -1.0
-0.16738 -0.7
-0.16713 -0.3
-0.16689 0.0
-0.16665 0.4
-0.1664 0.8
-0.16616 1.1
-0.16591 1.5
-0.16567 1.8
-0.16542 2.1
-0.16518 2.5
-0.16494 2.8
-0.16469 3.1
-0.16445 3.4
-0.1642 3.7
-0.16396 3.9
-0.16372 4.2
-0.16347 4.4
-0.16323 4.7
-0.16298 4.9
-0.16274 5.1
-0.16249 5.2
-0.16225 5.4
-0.16201 5.5
-0.16176 5.6
-0.16152 5.7
-0.16127 5.8
-0.16103 5.8
-0.16079 5.9
-0.16054 5.9
-0.1603 5.9
-0.16005 5.8
-0.15981 5.8
-0.15956 5.7
-0.15932 5.6
-0.15908 5.4
-0.15883 5.3
-0.15859 5.1
-0.15834 4.9
-0.1581 4.7
-0.15786 4.5
-0.15761 4.3
-0.15737 4.0
-0.15712 3.7
-0.15688 3.4
-0.15664 3.1
-0.15639 2.8
-0.15615 2.5
-0.1559 2.1
-0.15566 1.8
-0.15541 1.4
-0.15517 1.1
-0.15493 0.7
-0.15468 0.4
-0.15444 0.0
-0.15419 -0.4
-0.15395 -0.8
-0.15371 -1.1
-0.15346 -1.5
-0.15322 -1.8
-0.15297 -2.2
-0.15273 -2.5
-0.15248 -2.9
-0.15224 -3.2
-0.152 -3.5
-0.15175 -3.8
-0.15151 -4.1
-0.15126 -4.3
-0.15102 -4.6
-0.15078 -4.8
-0.15053 -5.0
-0.15029 -5.2
-0.15004 -5.4
-0.1498 -5.6
-0.14956 -5.7
-0.14931 -5.8
-0.14907 -5.9
-0.14882 -5.9
-0.14858 -6.0
-0.14833 -6.0
-0.14809 -6.0
-0.14785 -5.9
-0.1476 -5.9
-0.14736 -5.8
-0.14711 -5.7
-0.14687 -5.6
-0.14663 -5.4
-0.14638 -5.2
-0.14614 -5.1
-0.14589 -4.8
-0.14565 -4.6
-0.1454 -4.4
-0.14516 -4.1
-0.14492 -3.8
-0.14467 -3.5
-0.14443 -3.2
-0.14418 -2.8
-0.14394 -2.5
-0.1437 -2.1
-0.14345 -1.8
-0.14321 -1.4
-0.14296 -1.0
-0.14272 -0.7
-0.14248 -0.3
-0.14223 0.1
-0.14199 0.5
-0.14174 0.9
-0.1415 1.3
-0.14125 1.7
-0.14101 2.0
-0.14077 2.4
-0.14052 2.7
-0.14028 3.1
-0.14003 3.4
-0.13979 3.7
-0.13955 4.0
-0.1393 4.3
-0.13906 4.6
-0.13881 4.8
-0.13857 5.1
-0.13832 5.3
-0.13808 5.5
-0.13784 5.6
-0.13759 5.8
-0.13735 5.9
-0.1371 6.0
-0.13686 6.0
-0.13662 6.1
-0.13637 6.1
-0.13613 6.1
-0.13588 6.1
-0.13564 6.0
-0.1354 5.9
-0.13515 5.8
-0.13491 5.7
-0.13466 5.5
-0.13442 5.3
-0.13417 5.1
-0.13393 4.9
-0.13369 4.6
-0.13344 4.4
-0.1332 4.1
-0.13295 3.8
-0.13271 3.4
-0.13247 3.1
-0.13222 2.7
-0.13198 2.4
-0.13173 2.0
-0.13149 1.6
-0.13124 1.2
-0.131 0.8
-0.13076 0.4
-0.13051 0.0
-0.13027 -0.4
-0.13002 -0.8
-0.12978 -1.2
-0.12954 -1.6
-0.12929 -2.0
-0.12905 -2.4
-0.1288 -2.7
-0.12856 -3.1
-0.12831 -3.5
-0.12807 -3.8
-0.12783 -4.1
-0.12758 -4.4
-0.12734 -4.7
-0.12709 -5.0
-0.12685 -5.2
-0.12661 -5.4
-0.12636 -5.6
-0.12612 -5.8
-0.12587 -5.9
-0.12563 -6.0
-0.12539 -6.1
-0.12514 -6.2
-0.1249 -6.2
-0.12465 -6.2
-0.12441 -6.2
-0.12416 -6.2
-0.12392 -6.1
-0.12368 -6.0
-0.12343 -5.8
-0.12319 -5.7
-0.12294 -5.5
-0.1227 -5.3
-0.12246 -5.1
-0.12221 -4.8
-0.12197 -4.5
-0.12172 -4.2
-0.12148 -3.9
-0.12123 -3.6
-0.12099 -3.2
-0.12075 -2.8
-0.1205 -2.5
-0.12026 -2.1
-0.12001 -1.7
-0.11977 -1.2
-0.11953 -0.8
-0.11928 -0.4
-0.11904 0.0
-0.11879 0.5
-0.11855 0.9
-0.11831 1.3
-0.11806 1.7
-0.11782 2.1
-0.11757 2.5
-0.11733 2.9
-0.11708 3.3
-0.11684 3.7
-0.1166 4.0
-0.11635 4.3
-0.11611 4.6
-0.11586 4.9
-0.11562 5.2
-0.11538 5.4
-0.11513 5.6
-0.11489 5.8
-0.11464 6.0
-0.1144 6.1
-0.11415 6.2
-0.11391 6.3
-0.11367 6.3
-0.11342 6.4
-0.11318 6.3
-0.11293 6.3
-0.11269 6.2
-0.11245 6.1
-0.1122 6.0
-0.11196 5.8
-0.11171 5.6
-0.11147 5.4
-0.11123 5.1
-0.11098 4.9
-0.11074 4.6
-0.11049 4.2
-0.11025 3.9
-0.11 3.5
-0.10976 3.2
-0.10952 2.8
-0.10927 2.3
-0.10903 1.9
-0.10878 1.5
-0.10854 1.1
-0.1083 0.6
-0.10805 0.2
-0.10781 -0.3
-0.10756 -0.8
-0.10732 -1.2
-0.10707 -1.6
-0.10683 -2.1
-0.10659 -2.5
-0.10634 -2.9
-0.1061 -3.3
-0.10585 -3.7
-0.10561 -4.1
-0.10537 -4.4
-0.10512 -4.7
-0.10488 -5.0
-0.10463 -5.3
-0.10439 -5.6
-0.10415 -5.8
-0.1039 -6.0
-0.10366 -6.2
-0.10341 -6.3
-0.10317 -6.4
-0.10292 -6.5
-0.10268 -6.5
-0.10244 -6.5
-0.10219 -6.5
-0.10195 -6.4
-0.1017 -6.3
-0.10146 -6.2
-0.10122 -6.0
-0.10097 -5.8
-0.10073 -5.6
-0.10048 -5.3
-0.10024 -5.1
-0.09999 -4.8
-0.09975 -4.4
-0.09951 -4.1
-0.09926 -3.7
-0.09902 -3.3
-0.09877 -2.9
-0.09853 -2.4
-0.09829 -2.0
-0.09804 -1.5
-0.0978 -1.1
-0.09755 -0.6
-0.09731 -0.1
-0.09706 0.4
-0.09682 0.9
-0.09658 1.3
-0.09633 1.8
-0.09609 2.3
-0.09584 2.7
-0.0956 3.1
-0.09536 3.6
-0.09511 4.0
-0.09487 4.3
-0.09462 4.7
-0.09438 5.0
-0.09414 5.3
-0.09389 5.6
-0.09365 5.9
-0.0934 6.1
-0.09316 6.3
-0.09291 6.4
-0.09267 6.5
-0.09243 6.6
-0.09218 6.7
-0.09194 6.7
-0.09169 6.6
-0.09145 6.6
-0.09121 6.5
-0.09096 6.3
-0.09072 6.1
-0.09047 5.9
-0.09023 5.7
-0.08998 5.4
-0.08974 5.1
-0.0895 4.8
-0.08925 4.4
-0.08901 4.0
-0.08876 3.6
-0.08852 3.2
-0.08828 2.7
-0.08803 2.3
-0.08779 1.8
-0.08754 1.3
-0.0873 0.8
-0.08706 0.3
-0.08681 -0.2
-0.08657 -0.8
-0.08632 -1.3
-0.08608 -1.8
-0.08583 -2.3
-0.08559 -2.7
-0.08535 -3.2
-0.0851 -3.7
-0.08486 -4.1
-0.08461 -4.5
-0.08437 -4.9
-0.08413 -5.2
-0.08388 -5.5
-0.08364 -5.8
-0.08339 -6.1
-0.08315 -6.3
-0.0829 -6.5
-0.08266 -6.6
-0.08242 -6.7
-0.08217 -6.8
-0.08193 -6.8
-0.08168 -6.8
-0.08144 -6.8
-0.0812 -6.7
-0.08095 -6.5
-0.08071 -6.4
-0.08046 -6.2
-0.08022 -5.9
-0.07998 -5.6
-0.07973 -5.3
-0.07949 -4.9
-0.07924 -4.6
-0.079 -4.1
-0.07875 -3.7
-0.07851 -3.2
-0.07827 -2.7
-0.07802 -2.2
-0.07778 -1.7
-0.07753 -1.2
-0.07729 -0.6
-0.07705 0.0
-0.0768 0.4
-0.07656 1.0
-0.07631 1.5
-0.07607 2.1
-0.07582 2.6
-0.07558 3.1
-0.07534 3.6
-0.07509 4.1
-0.07485 4.5
-0.0746 4.9
-0.07436 5.3
-0.07412 5.7
-0.07387 6.0
-0.07363 6.2
-0.07338 6.5
-0.07314 6.7
-0.0729 6.8
-0.07265 7.0
-0.07241 7.0
-0.07216 7.0
-0.07192 7.0
-0.07167 7.0
-0.07143 6.8
-0.07119 6.7
-0.07094 6.5
-0.0707 6.2
-0.07045 5.9
-0.07021 5.6
-0.06997 5.2
-0.06972 4.8
-0.06948 4.4
-0.06923 3.9
-0.06899 3.4
-0.06874 2.9
-0.0685 2.4
-0.06826 1.8
-0.06801 1.2
-0.06777 0.7
-0.06752 0.0
-0.06728 -0.5
-0.06704 -1.1
-0.06679 -1.7
-0.06655 -2.3
-0.0663 -2.8
-0.06606 -3.4
-0.06581 -3.9
-0.06557 -4.4
-0.06533 -4.8
-0.06508 -5.3
-0.06484 -5.7
-0.06459 -6.0
-0.06435 -6.4
-0.06411 -6.6
-0.06386 -6.9
-0.06362 -7.0
-0.06337 -7.2
-0.06313 -7.2
-0.06289 -7.3
-0.06264 -7.2
-0.0624 -7.2
-0.06215 -7.0
-0.06191 -6.9
-0.06166 -6.6
-0.06142 -6.4
-0.06118 -6.0
-0.06093 -5.7
-0.06069 -5.2
-0.06044 -4.8
-0.0602 -4.3
-0.05996 -3.8
-0.05971 -3.2
-0.05947 -2.6
-0.05922 -2.0
-0.05898 -1.4
-0.05873 -0.8
-0.05849 -0.2
-0.05825 0.5
-0.058 1.1
-0.05776 1.8
-0.05751 2.4
-0.05727 3.0
-0.05703 3.6
-0.05678 4.1
-0.05654 4.7
-0.05629 5.2
-0.05605 5.6
-0.05581 6.0
-0.05556 6.4
-0.05532 6.7
-0.05507 7.0
-0.05483 7.2
-0.05458 7.4
-0.05434 7.5
-0.0541 7.5
-0.05385 7.5
-0.05361 7.4
-0.05336 7.3
-0.05312 7.1
-0.05288 6.9
-0.05263 6.5
-0.05239 6.2
-0.05214 5.8
-0.0519 5.3
-0.05165 4.8
-0.05141 4.3
-0.05117 3.7
-0.05092 3.0
-0.05068 2.4
-0.05043 1.7
-0.05019 1.0
-0.04995 0.3
-0.0497 -0.4
-0.04946 -1.1
-0.04921 -1.8
-0.04897 -2.4
-0.04873 -3.1
-0.04848 -3.8
-0.04824 -4.4
-0.04799 -4.9
-0.04775 -5.5
-0.0475 -6.0
-0.04726 -6.4
-0.04702 -6.8
-0.04677 -7.1
-0.04653 -7.4
-0.04628 -7.6
-0.04604 -7.8
-0.0458 -7.8
-0.04555 -7.8
-0.04531 -7.8
-0.04506 -7.6
-0.04482 -7.4
-0.04457 -7.1
-0.04433 -6.8
-0.04409 -6.4
-0.04384 -5.9
-0.0436 -5.4
-0.04335 -4.8
-0.04311 -4.2
-0.04287 -3.5
-0.04262 -2.8
-0.04238 -2.1
-0.04213 -1.3
-0.04189 -0.6
-0.04165 0.2
-0.0414 1.0
-0.04116 1.8
-0.04091 2.5
-0.04067 3.3
-0.04042 4.0
-0.04018 4.7
-0.03994 5.3
-0.03969 5.9
-0.03945 6.4
-0.0392 6.9
-0.03896 7.3
-0.03872 7.6
-0.03847 7.9
-0.03823 8.1
-0.03798 8.2
-0.03774 8.2
-0.03749 8.1
-0.03725 8.0
-0.03701 7.7
-0.03676 7.4
-0.03652 7.0
-0.03627 6.6
-0.03603 6.0
-0.03579 5.4
-0.03554 4.7
-0.0353 4.0
-0.03505 3.2
-0.03481 2.4
-0.03456 1.6
-0.03432 0.7
-0.03408 -0.1
-0.03383 -1.0
-0.03359 -1.9
-0.03334 -2.8
-0.0331 -3.6
-0.03286 -4.4
-0.03261 -5.1
-0.03237 -5.8
-0.03212 -6.5
-0.03188 -7.0
-0.03164 -7.5
-0.03139 -7.9
-0.03115 -8.2
-0.0309 -8.5
-0.03066 -8.6
-0.03041 -8.6
-0.03017 -8.5
-0.02993 -8.3
-0.02968 -8.1
-0.02944 -7.7
-0.02919 -7.2
-0.02895 -6.6
-0.02871 -6.0
-0.02846 -5.2
-0.02822 -4.4
-0.02797 -3.5
-0.02773 -2.6
-0.02748 -1.6
-0.02724 -0.7
-0.027 0.4
-0.02675 1.4
-0.02651 2.4
-0.02626 3.3
-0.02602 4.3
-0.02578 5.2
-0.02553 6.0
-0.02529 6.7
-0.02504 7.4
-0.0248 8.0
-0.02456 8.5
-0.02431 8.8
-0.02407 9.0
-0.02382 9.1
-0.02358 9.1
-0.02333 9.0
-0.02309 8.7
-0.02285 8.3
-0.0226 7.7
-0.02236 7.1
-0.02211 6.3
-0.02187 5.4
-0.02163 4.5
-0.02138 3.4
-0.02114 2.3
-0.02089 1.2
-0.02065 0.0
-0.0204 -1.2
-0.02016 -2.4
-0.01992 -3.6
-0.01967 -4.7
-0.01943 -5.7
-0.01918 -6.7
-0.01894 -7.5
-0.0187 -8.3
-0.01845 -8.9
-0.01821 -9.4
-0.01796 -9.7
-0.01772 -9.8
-0.01748 -9.8
-0.01723 -9.6
-0.01699 -9.2
-0.01674 -8.6
-0.0165 -7.9
-0.01625 -7.1
-0.01601 -6.0
-0.01577 -4.9
-0.01552 -3.6
-0.01528 -2.3
-0.01503 -0.9
-0.01479 0.6
-0.01455 2.0
-0.0143 3.5
-0.01406 4.8
-0.01381 6.1
-0.01357 7.3
-0.01332 8.4
-0.01308 9.3
-0.01284 10.0
-0.01259 10.4
-0.01235 10.7
-0.0121 10.7
-0.01186 10.4
-0.01162 9.9
-0.01137 9.2
-0.01113 8.2
-0.01088 7.0
-0.01064 5.6
-0.0104 4.0
-0.01015 2.3
-0.00991 0.5
-0.00966 -1.4
-0.00942 -3.3
-0.00917 -5.1
-0.00893 -6.8
-0.00869 -8.3
-0.00844 -9.6
-0.0082 -10.7
-0.00795 -11.5
-0.00771 -11.9
-0.00747 -11.9
-0.00722 -11.5
-0.00698 -10.8
-0.00673 -9.6
-0.00649 -8.0
-0.00624 -6.2
-0.006 -4.0
-0.00576 -1.6
-0.00551 0.9
-0.00527 3.5
-0.00502 6.0
-0.00478 8.3
-0.00454 10.3
-0.00429 11.9
-0.00405 13.0
-0.0038 13.5
-0.00356 13.4
-0.00331 12.4
-0.00307 10.8
-0.00283 8.5
-0.00258 5.5
-0.00234 2.1
-0.00209 -1.6
-0.00185 -5.4
-0.00161 -9.0
-0.00136 -12.1
-0.00112 -14.3
-0.00087 -15.4
-0.00063 -15.1
-0.00039 -13.2
-0.00014 -9.7
0.0001 -4.9
0.00035 0.7
0.00059 6.4
0.00084 11.2
0.00108 14.2
0.00132 14.7
0.00157 12.6
0.00181 8.2
0.00206 2.4
0.0023 -3.5
0.00254 -8.2
0.00279 -10.7
0.00303 -10.7
0.00328 -8.2
0.00352 -4.1
0.00377 0.4
0.00401 4.2
0.00425 6.5
0.0045 6.9
0.00474 5.6
0.00499 3.0
0.00523 0.1
0.00547 -2.4
0.00572 -3.9
0.00596 -4.2
0.00621 -3.3
0.00645 -1.7
0.00669 0.0
0.00694 1.5
0.00718 2.4
0.00743 2.5
0.00767 1.9
0.00792 0.9
0.00816 -0.2
0.0084 -1.0
0.00865 -1.5
0.00889 -1.5
0.00914 -1.0
0.00938 -0.4
0.00962 0.2
0.00987 0.7
0.01011 0.9
0.01036 0.9
0.0106 0.6
0.01085 0.2
0.01109 -0.2
0.01133 -0.5
0.01158 -0.6
0.01182 -0.5
0.01207 -0.3
0.01231 0.0
0.01255 0.2
0.0128 0.3
0.01304 0.3
0.01329 0.3
0.01353 0.2
0.01377 0.0
0.01402 -0.1
0.01426 -0.2
0.01451 -0.2
0.01475 -0.2
0.015 0.0
0.01524 0.0
0.01548 0.0
0.01573 0.1
0.01597 0.1
0.01622 0.0
0.01646 0.0
0.0167 0.0
0.01695 0.0
0.01719 0.0
0.01744 0.0
0.01768 0.0
0.01793 0.0
0.01817 0.0
0.01841 0.0
0.01866 0.0
0.0189 0.0
0.01915 0.0
0.01939 0.0
0.01963 0.0
0.01988 0.0
0.02012 0.0
0.02037 0.0
0.02061 0.0
0.02085 0.0
0.0211 0.0
0.02134 0.0
0.02159 0.0
0.02183 0.0
0.02208 0.0
0.02232 0.0
0.02256 0.0
0.02281 0.0
0.02305 0.0
0.0233 0.0
0.02354 0.0
0.02378 0.0
0.02403 0.0
0.02427 0.0
0.02452 0.0
0.02476 0.0
0.02501 0.0
0.02525 0.0
0.02549 0.0
0.02574 0.0
0.02598 0.0
0.02623 0.0
0.02647 0.0
0.02671 0.0
0.02696 0.0
0.0272 0.0
0.02745 0.0
0.02769 0.0
0.02794 0.0
0.02818 0.0
0.02842 0.0
0.02867 0.0
0.02891 0.0
0.02916 0.0
0.0294 0.0
0.02964 0.0
0.02989 0.0
0.03013 0.0
0.03038 0.0
0.03062 0.0
0.03086 0.0
0.03111 0.0
0.03135 0.0
0.0316 0.0
0.03184 0.0
0.03209 0.0
0.03233 0.0
0.03257 0.0
0.03282 0.0
0.03306 0.0
0.03331 0.0
0.03355 0.0
0.03379 0.0
0.03404 0.0
0.03428 0.0
0.03453 0.0
0.03477 0.0
0.03502 0.0
0.03526 0.0
0.0355 0.0
0.03575 0.0
0.03599 0.0
0.03624 0.0
0.03648 0.0
0.03672 0.0
0.03697 0.0
0.03721 0.0
0.03746 0.0
0.0377 0.0
0.03794 0.0
0.03819 0.0
0.03843 0.0
0.03868 0.0
0.03892 0.0
0.03917 0.0
0.03941 0.0
0.03965 0.0
0.0399 0.0
0.04014 0.0
0.04039 0.0
0.04063 0.0
0.04087 0.0
0.04112 0.0
0.04136 0.0
0.04161 0.0
0.04185 0.0
0.0421 0.0
0.04234 0.0
0.04258 0.0
0.04283 0.0
0.04307 0.0
0.04332 0.0
0.04356 0.0
0.0438 0.0
0.04405 0.0
0.04429 0.0
0.04454 0.0
0.04478 0.0
0.04502 0.0
0.04527 0.0
0.04551 0.0
0.04576 0.0
0.046 0.0
0.04625 0.0
0.04649 0.0
0.04673 0.0
0.04698 0.0
0.04722 0.0
0.04747 0.0
0.04771 0.0
0.04795 0.0
0.0482 0.0
0.04844 0.0
0.04869 0.0
0.04893 0.0
0.04918 0.0
0.04942 0.0
0.04966 0.0
0.04991 0.0
0.05015 0.0
0.0504 0.0
0.05064 0.0
0.05088 0.0
0.05113 0.0
0.05137 0.0
0.05162 0.0
0.05186 0.0
0.0521 0.0
0.05235 0.0
0.05259 0.0
0.05284 0.0
0.05308 0.0
0.05333 0.0
0.05357 0.0
0.05381 0.0
0.05406 0.0
0.0543 0.0
0.05455 0.0
0.05479 0.0
0.05503 0.0
0.05528 0.0
0.05552 0.0
0.05577 0.0
0.05601 0.0
0.05626 0.0
0.0565 0.0
0.05674 0.0
0.05699 0.0
0.05723 0.0
0.05748 0.0
0.05772 0.0
0.05796 0.0
0.05821 0.0
0.05845 0.0
0.0587 0.0
0.05894 0.0
0.05919 0.0
0.05943 0.0
0.05967 0.0
0.05992 0.0
0.06016 0.0
0.06041 0.0
0.06065 0.0
0.06089 0.0
0.06114 0.0
0.06138 0.0
0.06163 0.0
0.06187 0.0
0.06211 0.0
0.06236 0.0
0.0626 0.0
0.06285 0.0
0.06309 0.0
0.06334 0.0
0.06358 0.0
0.06382 0.0
0.06407 0.0
0.06431 0.0
0.06456 0.0
0.0648 0.0
0.06504 0.0
0.06529 0.0
0.06553 0.0
0.06578 0.0
0.06602 0.0
0.06627 0.0
0.06651 0.0
0.06675 0.0
0.067 0.0
0.06724 0.0
0.06749 0.0
0.06773 0.0
0.06797 0.0
0.06822 0.0
0.06846 0.0
0.06871 0.0
0.06895 0.0
0.06919 0.0
0.06944 0.0
0.06968 0.0
0.06993 0.0
0.07017 0.0
0.07042 0.0
0.07066 0.0
0.0709 0.0
0.07115 0.0
0.07139 0.0
0.07164 0.0
0.07188 0.0
0.07212 0.0
0.07237 0.0
0.07261 0.0
0.07286 0.0
0.0731 0.0
0.07335 0.0
0.07359 0.0
0.07383 0.0
0.07408 0.0
0.07432 0.0
0.07457 0.0
0.07481 0.0
0.07505 0.0
0.0753 0.0
0.07554 0.0
0.07579 0.0
0.07603 0.0
0.07627 0.0
0.07652 0.0
0.07676 0.0
0.07701 0.0
0.07725 0.0
0.0775 0.0
0.07774 0.0
0.07798 0.0
0.07823 0.0
0.07847 0.0
0.07872 0.0
0.07896 0.0
0.0792 0.0
0.07945 0.0
0.07969 0.0
0.07994 0.0
0.08018 0.0
0.08043 0.0
0.08067 0.0
0.08091 0.0
0.08116 0.0
0.0814 0.0
0.08165 0.0
0.08189 0.0
0.08213 0.0
0.08238 0.0
0.08262 0.0
0.08287 0.0
0.08311 0.0
0.08335 0.0
0.0836 0.0
0.08384 0.0
0.08409 0.0
0.08433 0.0
0.08458 0.0
0.08482 0.0
0.08506 0.0
0.08531 0.0
0.08555 0.0
0.0858 0.0
0.08604 0.0
0.08628 0.0
0.08653 0.0
0.08677 0.0
0.08702 0.0
0.08726 0.0
0.08751 0.0
0.08775 0.0
0.08799 0.0
0.08824 0.0
0.08848 0.0
0.08873 0.0
0.08897 0.0
0.08921 0.0
0.08946 0.0
0.0897 0.0
0.08995 0.0
0.09019 0.0
0.09044 0.0
0.09068 0.0
0.09092 0.0
0.09117 0.0
0.09141 0.0
0.09166 0.0
0.0919 0.0
0.09214 0.0
0.09239 0.0
0.09263 0.0
0.09288 0.0
0.09312 0.0
0.09336 0.0
0.09361 0.0
0.09385 0.0
0.0941 0.0
0.09434 0.0
0.09459 0.0
0.09483 0.0
0.09507 0.0
0.09532 0.0
0.09556 0.0
0.09581 0.0
0.09605 0.0
0.09629 0.0
0.09654 0.0
0.09678 0.0
0.09703 0.0
0.09727 0.0
0.09752 0.0
0.09776 0.0
0.098 0.0
0.09825 0.0
0.09849 0.0
0.09874 0.0
0.09898 0.0
0.09922 0.0
0.09947 0.0
0.09971 0.0
0.09996 0.0
0.1002 0.0
0.10044 0.0
0.10069 0.0
0.10093 0.0
0.10118 0.0
0.10142 0.0
0.10167 0.0
0.10191 0.0
0.10215 0.0
0.1024 0.0
0.10264 0.0
0.10289 0.0
0.10313 0.0
0.10337 0.0
0.10362 0.0
0.10386 0.0
0.10411 0.0
0.10435 0.0
0.1046 0.0
0.10484 0.0
0.10508 0.0
0.10533 0.0
0.10557 0.0
0.10582 0.0
0.10606 0.0
0.1063 0.0
0.10655 0.0
0.10679 0.0
0.10704 0.0
0.10728 0.0
0.10752 0.0
0.10777 0.0
0.10801 0.0
0.10826 0.0
0.1085 0.0
0.10875 0.0
0.10899 0.0
0.10923 0.0
0.10948 0.0
0.10972 0.0
0.10997 0.0
0.11021 0.0
0.11045 0.0
0.1107 0.0
0.11094 0.0
0.11119 0.0
0.11143 0.0
0.11168 0.0
0.11192 0.0
0.11216 0.0
0.11241 0.0
0.11265 0.0
0.1129 0.0
0.11314 0.0
0.11338 0.0
0.11363 0.0
0.11387 0.0
0.11412 0.0
0.11436 0.0
0.1146 0.0
0.11485 0.0
0.11509 0.0
0.11534 0.0
0.11558 0.0
