t strain*1e23
-0.5874 -5.2
-0.58715 -5.2
-0.58691 -5.1
-0.58667 -5.1
-0.58642 -5.0
-0.58618 -4.9
-0.58593 -4.8
-0.58569 -4.7
-0.58545 -4.6
-0.5852 -4.5
-0.58496 -4.4
-0.58471 -4.3
-0.58447 -4.2
-0.58422 -4.0
-0.58398 -3.9
-0.58374 -3.8
-0.58349 -3.6
-0.58325 -3.4
-0.583 -3.3
-0.58276 -3.1
-0.58252 -3.0
-0.58227 -2.8
-0.58203 -2.6
-0.58178 -2.4
-0.58154 -2.2
-0.5813 -2.0
-0.58105 -1.8
-0.58081 -1.6
-0.58056 -1.4
-0.58032 -1.2
-0.58007 -1.0
-0.57983 -0.8
-0.57959 -0.6
-0.57934 -0.4
-0.5791 -0.2
-0.57885 0.0
-0.57861 0.2
-0.57837 0.4
-0.57812 0.6
-0.57788 0.8
-0.57763 1.0
-0.57739 1.2
-0.57714 1.4
-0.5769 1.6
-0.57666 1.8
-0.57641 2.0
-0.57617 2.2
-0.57592 2.4
-0.57568 2.6
-0.57544 2.8
-0.57519 2.9
-0.57495 3.1
-0.5747 3.3
-0.57446 3.4
-0.57421 3.6
-0.57397 3.8
-0.57373 3.9
-0.57348 4.0
-0.57324 4.2
-0.57299 4.3
-0.57275 4.4
-0.57251 4.6
-0.57226 4.7
-0.57202 4.8
-0.57177 4.9
-0.57153 4.9
-0.57129 5.0
-0.57104 5.1
-0.5708 5.2
-0.57055 5.2
-0.57031 5.3
-0.57006 5.3
-0.56982 5.4
-0.56958 5.4
-0.56933 5.4
-0.56909 5.4
-0.56884 5.4
-0.5686 5.4
-0.56836 5.4
-0.56811 5.4
-0.56787 5.3
-0.56762 5.3
-0.56738 5.2
-0.56713 5.2
-0.56689 5.1
-0.56665 5.1
-0.5664 5.0
-0.56616 4.9
-0.56591 4.8
-0.56567 4.7
-0.56543 4.6
-0.56518 4.5
-0.56494 4.4
-0.56469 4.2
-0.56445 4.1
-0.56421 4.0
-0.56396 3.8
-0.56372 3.7
-0.56347 3.5
-0.56323 3.3
-0.56298 3.2
-0.56274 3.0
-0.5625 2.8
-0.56225 2.6
-0.56201 2.5
-0.56176 2.3
-0.56152 2.1
-0.56128 1.9
-0.56103 1.7
-0.56079 1.5
-0.56054 1.3
-0.5603 1.1
-0.56005 0.9
-0.55981 0.6
-0.55957 0.4
-0.55932 0.2
-0.55908 0.0
-0.55883 -0.2
-0.55859 -0.4
-0.55835 -0.6
-0.5581 -0.8
-0.55786 -1.0
-0.55761 -1.2
-0.55737 -1.5
-0.55713 -1.7
-0.55688 -1.9
-0.55664 -2.1
-0.55639 -2.3
-0.55615 -2.4
-0.5559 -2.6
-0.55566 -2.8
-0.55542 -3.0
-0.55517 -3.2
-0.55493 -3.3
-0.55468 -3.5
-0.55444 -3.7
-0.5542 -3.8
-0.55395 -4.0
-0.55371 -4.1
-0.55346 -4.3
-0.55322 -4.4
-0.55297 -4.5
-0.55273 -4.6
-0.55249 -4.7
-0.55224 -4.8
-0.552 -4.9
-0.55175 -5.0
-0.55151 -5.1
-0.55127 -5.2
-0.55102 -5.2
-0.55078 -5.3
-0.55053 -5.3
-0.55029 -5.4
-0.55005 -5.4
-0.5498 -5.4
-0.54956 -5.4
-0.54931 -5.5
-0.54907 -5.4
-0.54882 -5.4
-0.54858 -5.4
-0.54834 -5.4
-0.54809 -5.4
-0.54785 -5.3
-0.5476 -5.3
-0.54736 -5.2
-0.54712 -5.1
-0.54687 -5.1
-0.54663 -5.0
-0.54638 -4.9
-0.54614 -4.8
-0.54589 -4.7
-0.54565 -4.6
-0.54541 -4.4
-0.54516 -4.3
-0.54492 -4.2
-0.54467 -4.0
-0.54443 -3.9
-0.54419 -3.7
-0.54394 -3.6
-0.5437 -3.4
-0.54345 -3.2
-0.54321 -3.1
-0.54296 -2.9
-0.54272 -2.7
-0.54248 -2.5
-0.54223 -2.3
-0.54199 -2.1
-0.54174 -1.9
-0.5415 -1.7
-0.54126 -1.5
-0.54101 -1.3
-0.54077 -1.1
-0.54052 -0.9
-0.54028 -0.7
-0.54004 -0.5
-0.53979 -0.2
-0.53955 0.0
-0.5393 0.2
-0.53906 0.4
-0.53881 0.6
-0.53857 0.8
-0.53833 1.1
-0.53808 1.3
-0.53784 1.5
-0.53759 1.7
-0.53735 1.9
-0.53711 2.1
-0.53686 2.3
-0.53662 2.5
-0.53637 2.7
-0.53613 2.9
-0.53588 3.0
-0.53564 3.2
-0.5354 3.4
-0.53515 3.6
-0.53491 3.7
-0.53466 3.9
-0.53442 4.0
-0.53418 4.2
-0.53393 4.3
-0.53369 4.5
-0.53344 4.6
-0.5332 4.7
-0.53296 4.8
-0.53271 4.9
-0.53247 5.0
-0.53222 5.1
-0.53198 5.2
-0.53173 5.2
-0.53149 5.3
-0.53125 5.3
-0.531 5.4
-0.53076 5.4
-0.53051 5.5
-0.53027 5.5
-0.53003 5.5
-0.52978 5.5
-0.52954 5.5
-0.52929 5.5
-0.52905 5.5
-0.5288 5.4
-0.52856 5.4
-0.52832 5.3
-0.52807 5.3
-0.52783 5.2
-0.52758 5.1
-0.52734 5.0
-0.5271 5.0
-0.52685 4.9
-0.52661 4.8
-0.52636 4.6
-0.52612 4.5
-0.52588 4.4
-0.52563 4.3
-0.52539 4.1
-0.52514 4.0
-0.5249 3.8
-0.52465 3.6
-0.52441 3.5
-0.52417 3.3
-0.52392 3.1
-0.52368 2.9
-0.52343 2.8
-0.52319 2.6
-0.52295 2.4
-0.5227 2.2
-0.52246 2.0
-0.52221 1.8
-0.52197 1.6
-0.52172 1.3
-0.52148 1.1
-0.52124 0.9
-0.52099 0.7
-0.52075 0.5
-0.5205 0.2
-0.52026 0.0
-0.52002 -0.2
-0.51977 -0.4
-0.51953 -0.6
-0.51928 -0.9
-0.51904 -1.1
-0.5188 -1.3
-0.51855 -1.5
-0.51831 -1.7
-0.51806 -1.9
-0.51782 -2.1
-0.51757 -2.3
-0.51733 -2.5
-0.51709 -2.7
-0.51684 -2.9
-0.5166 -3.1
-0.51635 -3.3
-0.51611 -3.5
-0.51587 -3.6
-0.51562 -3.8
-0.51538 -4.0
-0.51513 -4.1
-0.51489 -4.3
-0.51464 -4.4
-0.5144 -4.5
-0.51416 -4.6
-0.51391 -4.8
-0.51367 -4.9
-0.51342 -5.0
-0.51318 -5.1
-0.51294 -5.2
-0.51269 -5.2
-0.51245 -5.3
-0.5122 -5.4
-0.51196 -5.4
-0.51171 -5.5
-0.51147 -5.5
-0.51123 -5.5
-0.51098 -5.5
-0.51074 -5.5
-0.51049 -5.5
-0.51025 -5.5
-0.51001 -5.5
-0.50976 -5.5
-0.50952 -5.4
-0.50927 -5.4
-0.50903 -5.3
-0.50879 -5.3
-0.50854 -5.2
-0.5083 -5.1
-0.50805 -5.0
-0.50781 -4.9
-0.50756 -4.8
-0.50732 -4.7
-0.50708 -4.6
-0.50683 -4.5
-0.50659 -4.3
-0.50634 -4.2
-0.5061 -4.0
-0.50586 -3.9
-0.50561 -3.7
-0.50537 -3.6
-0.50512 -3.4
-0.50488 -3.2
-0.50463 -3.0
-0.50439 -2.8
-0.50415 -2.6
-0.5039 -2.4
-0.50366 -2.2
-0.50341 -2.0
-0.50317 -1.8
-0.50293 -1.6
-0.50268 -1.4
-0.50244 -1.2
-0.50219 -0.9
-0.50195 -0.7
-0.50171 -0.5
-0.50146 -0.3
-0.50122 0.0
-0.50097 0.2
-0.50073 0.4
-0.50048 0.6
-0.50024 0.9
-0.5 1.1
-0.49975 1.3
-0.49951 1.5
-0.49926 1.7
-0.49902 2.0
-0.49878 2.2
-0.49853 2.4
-0.49829 2.6
-0.49804 2.8
-0.4978 3.0
-0.49755 3.2
-0.49731 3.3
-0.49707 3.5
-0.49682 3.7
-0.49658 3.9
-0.49633 4.0
-0.49609 4.2
-0.49585 4.3
-0.4956 4.5
-0.49536 4.6
-0.49511 4.7
-0.49487 4.8
-0.49463 5.0
-0.49438 5.1
-0.49414 5.1
-0.49389 5.2
-0.49365 5.3
-0.4934 5.4
-0.49316 5.4
-0.49292 5.5
-0.49267 5.5
-0.49243 5.6
-0.49218 5.6
-0.49194 5.6
-0.4917 5.6
-0.49145 5.6
-0.49121 5.6
-0.49096 5.5
-0.49072 5.5
-0.49047 5.5
-0.49023 5.4
-0.48999 5.4
-0.48974 5.3
-0.4895 5.2
-0.48925 5.1
-0.48901 5.0
-0.48877 4.9
-0.48852 4.8
-0.48828 4.7
-0.48803 4.6
-0.48779 4.4
-0.48755 4.3
-0.4873 4.1
-0.48706 4.0
-0.48681 3.8
-0.48657 3.6
-0.48632 3.4
-0.48608 3.3
-0.48584 3.1
-0.48559 2.9
-0.48535 2.7
-0.4851 2.5
-0.48486 2.3
-0.48462 2.1
-0.48437 1.8
-0.48413 1.6
-0.48388 1.4
-0.48364 1.2
-0.48339 1.0
-0.48315 0.7
-0.48291 0.5
-0.48266 0.3
-0.48242 0.0
-0.48217 -0.2
-0.48193 -0.4
-0.48169 -0.7
-0.48144 -0.9
-0.4812 -1.1
-0.48095 -1.3
-0.48071 -1.6
-0.48046 -1.8
-0.48022 -2.0
-0.47998 -2.2
-0.47973 -2.4
-0.47949 -2.6
-0.47924 -2.8
-0.479 -3.0
-0.47876 -3.2
-0.47851 -3.4
-0.47827 -3.6
-0.47802 -3.8
-0.47778 -3.9
-0.47754 -4.1
-0.47729 -4.3
-0.47705 -4.4
-0.4768 -4.5
-0.47656 -4.7
-0.47631 -4.8
-0.47607 -4.9
-0.47583 -5.0
-0.47558 -5.1
-0.47534 -5.2
-0.47509 -5.3
-0.47485 -5.4
-0.47461 -5.4
-0.47436 -5.5
-0.47412 -5.5
-0.47387 -5.6
-0.47363 -5.6
-0.47338 -5.6
-0.47314 -5.6
-0.4729 -5.6
-0.47265 -5.6
-0.47241 -5.6
-0.47216 -5.6
-0.47192 -5.5
-0.47168 -5.5
-0.47143 -5.4
-0.47119 -5.4
-0.47094 -5.3
-0.4707 -5.2
-0.47046 -5.1
-0.47021 -5.0
-0.46997 -4.9
-0.46972 -4.8
-0.46948 -4.6
-0.46923 -4.5
-0.46899 -4.3
-0.46875 -4.2
-0.4685 -4.0
-0.46826 -3.9
-0.46801 -3.7
-0.46777 -3.5
-0.46753 -3.3
-0.46728 -3.1
-0.46704 -2.9
-0.46679 -2.7
-0.46655 -2.5
-0.4663 -2.3
-0.46606 -2.1
-0.46582 -1.9
-0.46557 -1.7
-0.46533 -1.4
-0.46508 -1.2
-0.46484 -1.0
-0.4646 -0.7
-0.46435 -0.5
-0.46411 -0.3
-0.46386 0.0
-0.46362 0.2
-0.46338 0.4
-0.46313 0.7
-0.46289 0.9
-0.46264 1.1
-0.4624 1.4
-0.46215 1.6
-0.46191 1.8
-0.46167 2.0
-0.46142 2.3
-0.46118 2.5
-0.46093 2.7
-0.46069 2.9
-0.46045 3.1
-0.4602 3.3
-0.45996 3.5
-0.45971 3.7
-0.45947 3.8
-0.45922 4.0
-0.45898 4.2
-0.45874 4.3
-0.45849 4.5
-0.45825 4.6
-0.458 4.8
-0.45776 4.9
-0.45752 5.0
-0.45727 5.1
-0.45703 5.2
-0.45678 5.3
-0.45654 5.4
-0.4563 5.5
-0.45605 5.5
-0.45581 5.6
-0.45556 5.6
-0.45532 5.6
-0.45507 5.7
-0.45483 5.7
-0.45459 5.7
-0.45434 5.7
-0.4541 5.7
-0.45385 5.6
-0.45361 5.6
-0.45337 5.6
-0.45312 5.5
-0.45288 5.4
-0.45263 5.4
-0.45239 5.3
-0.45214 5.2
-0.4519 5.1
-0.45166 5.0
-0.45141 4.8
-0.45117 4.7
-0.45092 4.6
-0.45068 4.4
-0.45044 4.3
-0.45019 4.1
-0.44995 3.9
-0.4497 3.8
-0.44946 3.6
-0.44921 3.4
-0.44897 3.2
-0.44873 3.0
-0.44848 2.8
-0.44824 2.6
-0.44799 2.4
-0.44775 2.1
-0.44751 1.9
-0.44726 1.7
-0.44702 1.5
-0.44677 1.2
-0.44653 1.0
-0.44629 0.7
-0.44604 0.5
-0.4458 0.3
-0.44555 0.0
-0.44531 -0.2
-0.44506 -0.5
-0.44482 -0.7
-0.44458 -0.9
-0.44433 -1.2
-0.44409 -1.4
-0.44384 -1.6
-0.4436 -1.9
-0.44336 -2.1
-0.44311 -2.3
-0.44287 -2.5
-0.44262 -2.8
-0.44238 -3.0
-0.44213 -3.2
-0.44189 -3.4
-0.44165 -3.6
-0.4414 -3.7
-0.44116 -3.9
-0.44091 -4.1
-0.44067 -4.3
-0.44043 -4.4
-0.44018 -4.6
-0.43994 -4.7
-0.43969 -4.9
-0.43945 -5.0
-0.43921 -5.1
-0.43896 -5.2
-0.43872 -5.3
-0.43847 -5.4
-0.43823 -5.5
-0.43798 -5.5
-0.43774 -5.6
-0.4375 -5.6
-0.43725 -5.7
-0.43701 -5.7
-0.43676 -5.7
-0.43652 -5.7
-0.43628 -5.7
-0.43603 -5.7
-0.43579 -5.7
-0.43554 -5.7
-0.4353 -5.6
-0.43505 -5.6
-0.43481 -5.5
-0.43457 -5.4
-0.43432 -5.3
-0.43408 -5.3
-0.43383 -5.2
-0.43359 -5.0
-0.43335 -4.9
-0.4331 -4.8
-0.43286 -4.6
-0.43261 -4.5
-0.43237 -4.3
-0.43213 -4.2
-0.43188 -4.0
-0.43164 -3.8
-0.43139 -3.6
-0.43115 -3.4
-0.4309 -3.3
-0.43066 -3.0
-0.43042 -2.8
-0.43017 -2.6
-0.42993 -2.4
-0.42968 -2.2
-0.42944 -1.9
-0.4292 -1.7
-0.42895 -1.5
-0.42871 -1.2
-0.42846 -1.0
-0.42822 -0.7
-0.42797 -0.5
-0.42773 -0.3
-0.42749 0.0
-0.42724 0.2
-0.427 0.5
-0.42675 0.7
-0.42651 1.0
-0.42627 1.2
-0.42602 1.5
-0.42578 1.7
-0.42553 1.9
-0.42529 2.2
-0.42505 2.4
-0.4248 2.6
-0.42456 2.8
-0.42431 3.0
-0.42407 3.3
-0.42382 3.5
-0.42358 3.7
-0.42334 3.8
-0.42309 4.0
-0.42285 4.2
-0.4226 4.4
-0.42236 4.5
-0.42212 4.7
-0.42187 4.8
-0.42163 5.0
-0.42138 5.1
-0.42114 5.2
-0.42089 5.3
-0.42065 5.4
-0.42041 5.5
-0.42016 5.6
-0.41992 5.6
-0.41967 5.7
-0.41943 5.7
-0.41919 5.8
-0.41894 5.8
-0.4187 5.8
-0.41845 5.8
-0.41821 5.8
-0.41796 5.8
-0.41772 5.7
-0.41748 5.7
-0.41723 5.6
-0.41699 5.6
-0.41674 5.5
-0.4165 5.4
-0.41626 5.3
-0.41601 5.2
-0.41577 5.1
-0.41552 5.0
-0.41528 4.9
-0.41504 4.7
-0.41479 4.6
-0.41455 4.4
-0.4143 4.2
-0.41406 4.1
-0.41381 3.9
-0.41357 3.7
-0.41333 3.5
-0.41308 3.3
-0.41284 3.1
-0.41259 2.9
-0.41235 2.6
-0.41211 2.4
-0.41186 2.2
-0.41162 2.0
-0.41137 1.7
-0.41113 1.5
-0.41088 1.2
-0.41064 1.0
-0.4104 0.7
-0.41015 0.5
-0.40991 0.2
-0.40966 0.0
-0.40942 -0.3
-0.40918 -0.5
-0.40893 -0.8
-0.40869 -1.0
-0.40844 -1.3
-0.4082 -1.5
-0.40796 -1.8
-0.40771 -2.0
-0.40747 -2.2
-0.40722 -2.5
-0.40698 -2.7
-0.40673 -2.9
-0.40649 -3.1
-0.40625 -3.4
-0.406 -3.6
-0.40576 -3.8
-0.40551 -4.0
-0.40527 -4.1
-0.40503 -4.3
-0.40478 -4.5
-0.40454 -4.6
-0.40429 -4.8
-0.40405 -4.9
-0.4038 -5.1
-0.40356 -5.2
-0.40332 -5.3
-0.40307 -5.4
-0.40283 -5.5
-0.40258 -5.6
-0.40234 -5.7
-0.4021 -5.7
-0.40185 -5.8
-0.40161 -5.8
-0.40136 -5.8
-0.40112 -5.8
-0.40088 -5.9
-0.40063 -5.8
-0.40039 -5.8
-0.40014 -5.8
-0.3999 -5.8
-0.39965 -5.7
-0.39941 -5.7
-0.39917 -5.6
-0.39892 -5.5
-0.39868 -5.4
-0.39843 -5.3
-0.39819 -5.2
-0.39795 -5.1
-0.3977 -4.9
-0.39746 -4.8
-0.39721 -4.6
-0.39697 -4.5
-0.39672 -4.3
-0.39648 -4.1
-0.39624 -3.9
-0.39599 -3.7
-0.39575 -3.5
-0.3955 -3.3
-0.39526 -3.1
-0.39502 -2.9
-0.39477 -2.7
-0.39453 -2.4
-0.39428 -2.2
-0.39404 -1.9
-0.3938 -1.7
-0.39355 -1.5
-0.39331 -1.2
-0.39306 -0.9
-0.39282 -0.7
-0.39257 -0.4
-0.39233 -0.2
-0.39209 0.0
-0.39184 0.3
-0.3916 0.6
-0.39135 0.9
-0.39111 1.1
-0.39087 1.4
-0.39062 1.6
-0.39038 1.9
-0.39013 2.1
-0.38989 2.4
-0.38964 2.6
-0.3894 2.8
-0.38916 3.1
-0.38891 3.3
-0.38867 3.5
-0.38842 3.7
-0.38818 3.9
-0.38794 4.1
-0.38769 4.3
-0.38745 4.4
-0.3872 4.6
-0.38696 4.8
-0.38671 4.9
-0.38647 5.1
-0.38623 5.2
-0.38598 5.3
-0.38574 5.4
-0.38549 5.5
-0.38525 5.6
-0.38501 5.7
-0.38476 5.8
-0.38452 5.8
-0.38427 5.9
-0.38403 5.9
-0.38379 5.9
-0.38354 5.9
-0.3833 5.9
-0.38305 5.9
-0.38281 5.9
-0.38256 5.8
-0.38232 5.8
-0.38208 5.7
-0.38183 5.6
-0.38159 5.6
-0.38134 5.5
-0.3811 5.4
-0.38086 5.2
-0.38061 5.1
-0.38037 5.0
-0.38012 4.8
-0.37988 4.7
-0.37963 4.5
-0.37939 4.3
-0.37915 4.2
-0.3789 4.0
-0.37866 3.8
-0.37841 3.6
-0.37817 3.3
-0.37793 3.1
-0.37768 2.9
-0.37744 2.7
-0.37719 2.4
-0.37695 2.2
-0.37671 1.9
-0.37646 1.7
-0.37622 1.4
-0.37597 1.2
-0.37573 0.9
-0.37548 0.6
-0.37524 0.4
-0.375 0.0
-0.37475 -0.2
-0.37451 -0.4
-0.37426 -0.7
-0.37402 -1.0
-0.37378 -1.2
-0.37353 -1.5
-0.37329 -1.7
-0.37304 -2.0
-0.3728 -2.2
-0.37255 -2.5
-0.37231 -2.7
-0.37207 -3.0
-0.37182 -3.2
-0.37158 -3.4
-0.37133 -3.6
-0.37109 -3.8
-0.37085 -4.0
-0.3706 -4.2
-0.37036 -4.4
-0.37011 -4.6
-0.36987 -4.8
-0.36963 -4.9
-0.36938 -5.1
-0.36914 -5.2
-0.36889 -5.3
-0.36865 -5.4
-0.3684 -5.6
-0.36816 -5.6
-0.36792 -5.7
-0.36767 -5.8
-0.36743 -5.9
-0.36718 -5.9
-0.36694 -5.9
-0.3667 -6.0
-0.36645 -6.0
-0.36621 -6.0
-0.36596 -6.0
-0.36572 -5.9
-0.36547 -5.9
-0.36523 -5.8
-0.36499 -5.8
-0.36474 -5.7
-0.3645 -5.6
-0.36425 -5.5
-0.36401 -5.4
-0.36377 -5.3
-0.36352 -5.2
-0.36328 -5.0
-0.36303 -4.9
-0.36279 -4.7
-0.36255 -4.5
-0.3623 -4.4
-0.36206 -4.2
-0.36181 -4.0
-0.36157 -3.8
-0.36132 -3.5
-0.36108 -3.3
-0.36084 -3.1
-0.36059 -2.9
-0.36035 -2.6
-0.3601 -2.4
-0.35986 -2.1
-0.35962 -1.9
-0.35937 -1.6
-0.35913 -1.3
-0.35888 -1.1
-0.35864 -0.8
-0.35839 -0.5
-0.35815 -0.3
-0.35791 0.0
-0.35766 0.3
-0.35742 0.6
-0.35717 0.8
-0.35693 1.1
-0.35669 1.4
-0.35644 1.6
-0.3562 1.9
-0.35595 2.2
-0.35571 2.4
-0.35546 2.7
-0.35522 2.9
-0.35498 3.1
-0.35473 3.4
-0.35449 3.6
-0.35424 3.8
-0.354 4.0
-0.35376 4.2
-0.35351 4.4
-0.35327 4.6
-0.35302 4.8
-0.35278 4.9
-0.35254 5.1
-0.35229 5.2
-0.35205 5.4
-0.3518 5.5
-0.35156 5.6
-0.35131 5.7
-0.35107 5.8
-0.35083 5.8
-0.35058 5.9
-0.35034 6.0
-0.35009 6.0
-0.34985 6.0
-0.34961 6.0
-0.34936 6.0
-0.34912 6.0
-0.34887 6.0
-0.34863 6.0
-0.34838 5.9
-0.34814 5.8
-0.3479 5.8
-0.34765 5.7
-0.34741 5.6
-0.34716 5.5
-0.34692 5.3
-0.34668 5.2
-0.34643 5.1
-0.34619 4.9
-0.34594 4.7
-0.3457 4.6
-0.34546 4.4
-0.34521 4.2
-0.34497 4.0
-0.34472 3.7
-0.34448 3.5
-0.34423 3.3
-0.34399 3.1
-0.34375 2.8
-0.3435 2.6
-0.34326 2.3
-0.34301 2.0
-0.34277 1.8
-0.34253 1.5
-0.34228 1.2
-0.34204 1.0
-0.34179 0.7
-0.34155 0.4
-0.3413 0.1
-0.34106 -0.2
-0.34082 -0.4
-0.34057 -0.7
-0.34033 -1.0
-0.34008 -1.3
-0.33984 -1.5
-0.3396 -1.8
-0.33935 -2.1
-0.33911 -2.3
-0.33886 -2.6
-0.33862 -2.8
-0.33838 -3.1
-0.33813 -3.3
-0.33789 -3.6
-0.33764 -3.8
-0.3374 -4.0
-0.33715 -4.2
-0.33691 -4.4
-0.33667 -4.6
-0.33642 -4.8
-0.33618 -5.0
-0.33593 -5.1
-0.33569 -5.3
-0.33545 -5.4
-0.3352 -5.5
-0.33496 -5.6
-0.33471 -5.7
-0.33447 -5.8
-0.33422 -5.9
-0.33398 -6.0
-0.33374 -6.0
-0.33349 -6.1
-0.33325 -6.1
-0.333 -6.1
-0.33276 -6.1
-0.33252 -6.1
-0.33227 -6.1
-0.33203 -6.0
-0.33178 -6.0
-0.33154 -5.9
-0.3313 -5.8
-0.33105 -5.7
-0.33081 -5.6
-0.33056 -5.5
-0.33032 -5.4
-0.33007 -5.2
-0.32983 -5.1
-0.32959 -4.9
-0.32934 -4.7
-0.3291 -4.5
-0.32885 -4.3
-0.32861 -4.1
-0.32837 -3.9
-0.32812 -3.7
-0.32788 -3.5
-0.32763 -3.2
-0.32739 -3.0
-0.32714 -2.7
-0.3269 -2.5
-0.32666 -2.2
-0.32641 -1.9
-0.32617 -1.7
-0.32592 -1.4
-0.32568 -1.1
-0.32544 -0.8
-0.32519 -0.5
-0.32495 -0.2
-0.3247 0.0
-0.32446 0.3
-0.32421 0.6
-0.32397 0.9
-0.32373 1.2
-0.32348 1.5
-0.32324 1.8
-0.32299 2.0
-0.32275 2.3
-0.32251 2.6
-0.32226 2.8
-0.32202 3.1
-0.32177 3.3
-0.32153 3.6
-0.32129 3.8
-0.32104 4.0
-0.3208 4.2
-0.32055 4.5
-0.32031 4.7
-0.32006 4.8
-0.31982 5.0
-0.31958 5.2
-0.31933 5.3
-0.31909 5.5
-0.31884 5.6
-0.3186 5.7
-0.31836 5.8
-0.31811 5.9
-0.31787 6.0
-0.31762 6.1
-0.31738 6.1
-0.31713 6.1
-0.31689 6.2
-0.31665 6.2
-0.3164 6.2
-0.31616 6.1
-0.31591 6.1
-0.31567 6.1
-0.31543 6.0
-0.31518 5.9
-0.31494 5.8
-0.31469 5.7
-0.31445 5.6
-0.31421 5.5
-0.31396 5.4
-0.31372 5.2
-0.31347 5.1
-0.31323 4.9
-0.31298 4.7
-0.31274 4.5
-0.3125 4.3
-0.31225 4.1
-0.31201 3.8
-0.31176 3.6
-0.31152 3.4
-0.31128 3.1
-0.31103 2.9
-0.31079 2.6
-0.31054 2.3
-0.3103 2.0
-0.31005 1.8
-0.30981 1.5
-0.30957 1.2
-0.30932 0.9
-0.30908 0.6
-0.30883 0.3
-0.30859 0.0
-0.30835 -0.3
-0.3081 -0.6
-0.30786 -0.9
-0.30761 -1.2
-0.30737 -1.5
-0.30713 -1.8
-0.30688 -2.0
-0.30664 -2.3
-0.30639 -2.6
-0.30615 -2.9
-0.3059 -3.1
-0.30566 -3.4
-0.30542 -3.6
-0.30517 -3.9
-0.30493 -4.1
-0.30468 -4.3
-0.30444 -4.5
-0.3042 -4.7
-0.30395 -4.9
-0.30371 -5.1
-0.30346 -5.3
-0.30322 -5.4
-0.30297 -5.6
-0.30273 -5.7
-0.30249 -5.8
-0.30224 -5.9
-0.302 -6.0
-0.30175 -6.1
-0.30151 -6.1
-0.30127 -6.2
-0.30102 -6.2
-0.30078 -6.2
-0.30053 -6.2
-0.30029 -6.2
-0.30005 -6.2
-0.2998 -6.2
-0.29956 -6.1
-0.29931 -6.0
-0.29907 -6.0
-0.29882 -5.9
-0.29858 -5.8
-0.29834 -5.6
-0.29809 -5.5
-0.29785 -5.3
-0.2976 -5.2
-0.29736 -5.0
-0.29712 -4.8
-0.29687 -4.6
-0.29663 -4.4
-0.29638 -4.2
-0.29614 -4.0
-0.29589 -3.7
-0.29565 -3.5
-0.29541 -3.2
-0.29516 -3.0
-0.29492 -2.7
-0.29467 -2.4
-0.29443 -2.1
-0.29419 -1.8
-0.29394 -1.5
-0.2937 -1.2
-0.29345 -0.9
-0.29321 -0.6
-0.29296 -0.3
-0.29272 0.0
-0.29248 0.3
-0.29223 0.6
-0.29199 0.9
-0.29174 1.2
-0.2915 1.5
-0.29126 1.8
-0.29101 2.1
-0.29077 2.4
-0.29052 2.7
-0.29028 2.9
-0.29004 3.2
-0.28979 3.5
-0.28955 3.7
-0.2893 4.0
-0.28906 4.2
-0.28881 4.4
-0.28857 4.6
-0.28833 4.8
-0.28808 5.0
-0.28784 5.2
-0.28759 5.4
-0.28735 5.5
-0.28711 5.7
-0.28686 5.8
-0.28662 5.9
-0.28637 6.0
-0.28613 6.1
-0.28588 6.2
-0.28564 6.2
-0.2854 6.3
-0.28515 6.3
-0.28491 6.3
-0.28466 6.3
-0.28442 6.3
-0.28418 6.3
-0.28393 6.2
-0.28369 6.1
-0.28344 6.1
-0.2832 6.0
-0.28296 5.9
-0.28271 5.7
-0.28247 5.6
-0.28222 5.4
-0.28198 5.3
-0.28173 5.1
-0.28149 4.9
-0.28125 4.7
-0.281 4.5
-0.28076 4.3
-0.28051 4.0
-0.28027 3.8
-0.28003 3.5
-0.27978 3.3
-0.27954 3.0
-0.27929 2.7
-0.27905 2.4
-0.2788 2.1
-0.27856 1.8
-0.27832 1.5
-0.27807 1.2
-0.27783 0.9
-0.27758 0.6
-0.27734 0.3
-0.2771 0.0
-0.27685 -0.3
-0.27661 -0.7
-0.27636 -1.0
-0.27612 -1.3
-0.27588 -1.6
-0.27563 -1.9
-0.27539 -2.2
-0.27514 -2.5
-0.2749 -2.8
-0.27465 -3.1
-0.27441 -3.3
-0.27417 -3.6
-0.27392 -3.9
-0.27368 -4.1
-0.27343 -4.3
-0.27319 -4.6
-0.27295 -4.8
-0.2727 -5.0
-0.27246 -5.2
-0.27221 -5.4
-0.27197 -5.5
-0.27172 -5.7
-0.27148 -5.8
-0.27124 -6.0
-0.27099 -6.1
-0.27075 -6.2
-0.2705 -6.2
-0.27026 -6.3
-0.27002 -6.3
-0.26977 -6.4
-0.26953 -6.4
-0.26928 -6.4
-0.26904 -6.4
-0.2688 -6.3
-0.26855 -6.3
-0.26831 -6.2
-0.26806 -6.2
-0.26782 -6.1
-0.26757 -5.9
-0.26733 -5.8
-0.26709 -5.7
-0.26684 -5.5
-0.2666 -5.4
-0.26635 -5.2
-0.26611 -5.0
-0.26587 -4.8
-0.26562 -4.5
-0.26538 -4.3
-0.26513 -4.1
-0.26489 -3.8
-0.26464 -3.6
-0.2644 -3.3
-0.26416 -3.0
-0.26391 -2.7
-0.26367 -2.4
-0.26342 -2.1
-0.26318 -1.8
-0.26294 -1.5
-0.26269 -1.2
-0.26245 -0.8
-0.2622 -0.5
-0.26196 -0.2
-0.26171 0.1
-0.26147 0.5
-0.26123 0.8
-0.26098 1.1
-0.26074 1.4
-0.26049 1.7
-0.26025 2.1
-0.26001 2.4
-0.25976 2.7
-0.25952 3.0
-0.25927 3.3
-0.25903 3.5
-0.25879 3.8
-0.25854 4.1
-0.2583 4.3
-0.25805 4.6
-0.25781 4.8
-0.25756 5.0
-0.25732 5.2
-0.25708 5.4
-0.25683 5.6
-0.25659 5.7
-0.25634 5.9
-0.2561 6.0
-0.25586 6.1
-0.25561 6.2
-0.25537 6.3
-0.25512 6.4
-0.25488 6.4
-0.25463 6.5
-0.25439 6.5
-0.25415 6.5
-0.2539 6.5
-0.25366 6.4
-0.25341 6.4
-0.25317 6.3
-0.25293 6.2
-0.25268 6.1
-0.25244 6.0
-0.25219 5.9
-0.25195 5.7
-0.25171 5.6
-0.25146 5.4
-0.25122 5.2
-0.25097 5.0
-0.25073 4.8
-0.25048 4.5
-0.25024 4.3
-0.25 4.0
-0.24975 3.8
-0.24951 3.5
-0.24926 3.2
-0.24902 2.9
-0.24878 2.6
-0.24853 2.3
-0.24829 2.0
-0.24804 1.7
-0.2478 1.3
-0.24755 1.0
-0.24731 0.7
-0.24707 0.3
-0.24682 0.0
-0.24658 -0.3
-0.24633 -0.7
-0.24609 -1.0
-0.24585 -1.3
-0.2456 -1.7
-0.24536 -2.0
-0.24511 -2.3
-0.24487 -2.6
-0.24463 -2.9
-0.24438 -3.2
-0.24414 -3.5
-0.24389 -3.8
-0.24365 -4.1
-0.2434 -4.3
-0.24316 -4.6
-0.24292 -4.8
-0.24267 -5.0
-0.24243 -5.3
-0.24218 -5.5
-0.24194 -5.6
-0.2417 -5.8
-0.24145 -6.0
-0.24121 -6.1
-0.24096 -6.2
-0.24072 -6.3
-0.24047 -6.4
-0.24023 -6.5
-0.23999 -6.5
-0.23974 -6.6
-0.2395 -6.6
-0.23925 -6.6
-0.23901 -6.5
-0.23877 -6.5
-0.23852 -6.5
-0.23828 -6.4
-0.23803 -6.3
-0.23779 -6.2
-0.23755 -6.1
-0.2373 -5.9
-0.23706 -5.8
-0.23681 -5.6
-0.23657 -5.4
-0.23632 -5.2
-0.23608 -5.0
-0.23584 -4.7
-0.23559 -4.5
-0.23535 -4.2
-0.2351 -4.0
-0.23486 -3.7
-0.23462 -3.4
-0.23437 -3.1
-0.23413 -2.8
-0.23388 -2.5
-0.23364 -2.1
-0.23339 -1.8
-0.23315 -1.5
-0.23291 -1.1
-0.23266 -0.8
-0.23242 -0.4
-0.23217 0.0
-0.23193 0.3
-0.23169 0.6
-0.23144 1.0
-0.2312 1.3
-0.23095 1.7
-0.23071 2.0
-0.23046 2.3
-0.23022 2.6
-0.22998 3.0
-0.22973 3.3
-0.22949 3.6
-0.22924 3.9
-0.229 4.1
-0.22876 4.4
-0.22851 4.7
-0.22827 4.9
-0.22802 5.2
-0.22778 5.4
-0.22754 5.6
-0.22729 5.8
-0.22705 5.9
-0.2268 6.1
-0.22656 6.2
-0.22631 6.3
-0.22607 6.4
-0.22583 6.5
-0.22558 6.6
-0.22534 6.6
-0.22509 6.7
-0.22485 6.7
-0.22461 6.7
-0.22436 6.6
-0.22412 6.6
-0.22387 6.5
-0.22363 6.4
-0.22338 6.3
-0.22314 6.2
-0.2229 6.1
-0.22265 5.9
-0.22241 5.7
-0.22216 5.5
-0.22192 5.3
-0.22168 5.1
-0.22143 4.9
-0.22119 4.6
-0.22094 4.3
-0.2207 4.1
-0.22046 3.8
-0.22021 3.5
-0.21997 3.2
-0.21972 2.8
-0.21948 2.5
-0.21923 2.2
-0.21899 1.8
-0.21875 1.5
-0.2185 1.1
-0.21826 0.8
-0.21801 0.4
-0.21777 0.0
-0.21753 -0.3
-0.21728 -0.7
-0.21704 -1.0
-0.21679 -1.4
-0.21655 -1.7
-0.2163 -2.1
-0.21606 -2.4
-0.21582 -2.8
-0.21557 -3.1
-0.21533 -3.4
-0.21508 -3.7
-0.21484 -4.0
-0.2146 -4.3
-0.21435 -4.6
-0.21411 -4.8
-0.21386 -5.1
-0.21362 -5.3
-0.21338 -5.5
-0.21313 -5.7
-0.21289 -5.9
-0.21264 -6.1
-0.2124 -6.2
-0.21215 -6.4
-0.21191 -6.5
-0.21167 -6.6
-0.21142 -6.7
-0.21118 -6.7
-0.21093 -6.7
-0.21069 -6.8
-0.21045 -6.8
-0.2102 -6.7
-0.20996 -6.7
-0.20971 -6.6
-0.20947 -6.5
-0.20922 -6.4
-0.20898 -6.3
-0.20874 -6.2
-0.20849 -6.0
-0.20825 -5.8
-0.208 -5.6
-0.20776 -5.4
-0.20752 -5.2
-0.20727 -4.9
-0.20703 -4.7
-0.20678 -4.4
-0.20654 -4.1
-0.2063 -3.8
-0.20605 -3.5
-0.20581 -3.2
-0.20556 -2.8
-0.20532 -2.5
-0.20507 -2.1
-0.20483 -1.8
-0.20459 -1.4
-0.20434 -1.0
-0.2041 -0.7
-0.20385 -0.3
-0.20361 0.0
-0.20337 0.5
-0.20312 0.8
-0.20288 1.2
-0.20263 1.6
-0.20239 1.9
-0.20214 2.3
-0.2019 2.7
-0.20166 3.0
-0.20141 3.3
-0.20117 3.7
-0.20092 4.0
-0.20068 4.3
-0.20044 4.6
-0.20019 4.8
-0.19995 5.1
-0.1997 5.4
-0.19946 5.6
-0.19921 5.8
-0.19897 6.0
-0.19873 6.2
-0.19848 6.3
-0.19824 6.5
-0.19799 6.6
-0.19775 6.7
-0.19751 6.8
-0.19726 6.8
-0.19702 6.9
-0.19677 6.9
-0.19653 6.9
-0.19629 6.8
-0.19604 6.8
-0.1958 6.7
-0.19555 6.6
-0.19531 6.5
-0.19506 6.4
-0.19482 6.2
-0.19458 6.0
-0.19433 5.9
-0.19409 5.6
-0.19384 5.4
-0.1936 5.2
-0.19336 4.9
-0.19311 4.6
-0.19287 4.3
-0.19262 4.0
-0.19238 3.7
-0.19213 3.4
-0.19189 3.0
-0.19165 2.7
-0.1914 2.3
-0.19116 1.9
-0.19091 1.6
-0.19067 1.2
-0.19043 0.8
-0.19018 0.4
-0.18994 0.0
-0.18969 -0.4
-0.18945 -0.8
-0.18921 -1.1
-0.18896 -1.5
-0.18872 -1.9
-0.18847 -2.3
-0.18823 -2.6
-0.18798 -3.0
-0.18774 -3.4
-0.1875 -3.7
-0.18725 -4.0
-0.18701 -4.3
-0.18676 -4.6
-0.18652 -4.9
-0.18628 -5.2
-0.18603 -5.5
-0.18579 -5.7
-0.18554 -5.9
-0.1853 -6.1
-0.18505 -6.3
-0.18481 -6.5
-0.18457 -6.6
-0.18432 -6.7
-0.18408 -6.8
-0.18383 -6.9
-0.18359 -6.9
-0.18335 -7.0
-0.1831 -7.0
-0.18286 -7.0
-0.18261 -6.9
-0.18237 -6.9
-0.18213 -6.8
-0.18188 -6.7
-0.18164 -6.5
-0.18139 -6.4
-0.18115 -6.2
-0.1809 -6.0
-0.18066 -5.8
-0.18042 -5.6
-0.18017 -5.3
-0.17993 -5.1
-0.17968 -4.8
-0.17944 -4.5
-0.1792 -4.2
-0.17895 -3.8
-0.17871 -3.5
-0.17846 -3.1
-0.17822 -2.8
-0.17797 -2.4
-0.17773 -2.0
-0.17749 -1.6
-0.17724 -1.2
-0.177 -0.8
-0.17675 -0.4
-0.17651 0.0
-0.17627 0.4
-0.17602 0.8
-0.17578 1.2
-0.17553 1.6
-0.17529 2.0
-0.17505 2.4
-0.1748 2.8
-0.17456 3.1
-0.17431 3.5
-0.17407 3.9
-0.17382 4.2
-0.17358 4.5
-0.17334 4.8
-0.17309 5.1
-0.17285 5.4
-0.1726 5.7
-0.17236 5.9
-0.17212 6.1
-0.17187 6.3
-0.17163 6.5
-0.17138 6.6
-0.17114 6.8
-0.17089 6.9
-0.17065 7.0
-0.17041 7.0
-0.17016 7.1
-0.16992 7.1
-0.16967 7.1
-0.16943 7.1
-0.16919 7.0
-0.16894 6.9
-0.1687 6.8
-0.16845 6.7
-0.16821 6.5
-0.16796 6.3
-0.16772 6.1
-0.16748 5.9
-0.16723 5.7
-0.16699 5.4
-0.16674 5.1
-0.1665 4.8
-0.16626 4.5
-0.16601 4.2
-0.16577 3.8
-0.16552 3.5
-0.16528 3.1
-0.16504 2.7
-0.16479 2.3
-0.16455 1.9
-0.1643 1.5
-0.16406 1.1
-0.16381 0.7
-0.16357 0.3
-0.16333 -0.2
-0.16308 -0.6
-0.16284 -1.0
-0.16259 -1.4
-0.16235 -1.9
-0.16211 -2.3
-0.16186 -2.7
-0.16162 -3.1
-0.16137 -3.4
-0.16113 -3.8
-0.16088 -4.2
-0.16064 -4.5
-0.1604 -4.8
-0.16015 -5.2
-0.15991 -5.4
-0.15966 -5.7
-0.15942 -6.0
-0.15918 -6.2
-0.15893 -6.4
-0.15869 -6.6
-0.15844 -6.8
-0.1582 -6.9
-0.15796 -7.0
-0.15771 -7.1
-0.15747 -7.2
-0.15722 -7.2
-0.15698 -7.2
-0.15673 -7.2
-0.15649 -7.2
-0.15625 -7.1
-0.156 -7.0
-0.15576 -6.9
-0.15551 -6.7
-0.15527 -6.6
-0.15503 -6.4
-0.15478 -6.2
-0.15454 -5.9
-0.15429 -5.7
-0.15405 -5.4
-0.1538 -5.1
-0.15356 -4.8
-0.15332 -4.4
-0.15307 -4.1
-0.15283 -3.7
-0.15258 -3.3
-0.15234 -2.9
-0.1521 -2.5
-0.15185 -2.1
-0.15161 -1.7
-0.15136 -1.2
-0.15112 -0.8
-0.15088 -0.3
-0.15063 0.1
-0.15039 0.5
-0.15014 1.0
-0.1499 1.4
-0.14965 1.9
-0.14941 2.3
-0.14917 2.7
-0.14892 3.1
-0.14868 3.5
-0.14843 3.9
-0.14819 4.3
-0.14795 4.7
-0.1477 5.0
-0.14746 5.3
-0.14721 5.6
-0.14697 5.9
-0.14672 6.2
-0.14648 6.4
-0.14624 6.6
-0.14599 6.8
-0.14575 7.0
-0.1455 7.1
-0.14526 7.2
-0.14502 7.3
-0.14477 7.3
-0.14453 7.4
-0.14428 7.4
-0.14404 7.3
-0.1438 7.3
-0.14355 7.2
-0.14331 7.1
-0.14306 6.9
-0.14282 6.7
-0.14257 6.6
-0.14233 6.3
-0.14209 6.1
-0.14184 5.8
-0.1416 5.5
-0.14135 5.2
-0.14111 4.9
-0.14087 4.5
-0.14062 4.1
-0.14038 3.8
-0.14013 3.3
-0.13989 2.9
-0.13964 2.5
-0.1394 2.1
-0.13916 1.6
-0.13891 1.1
-0.13867 0.7
-0.13842 0.2
-0.13818 -0.3
-0.13794 -0.7
-0.13769 -1.2
-0.13745 -1.6
-0.1372 -2.1
-0.13696 -2.5
-0.13671 -3.0
-0.13647 -3.4
-0.13623 -3.8
-0.13598 -4.2
-0.13574 -4.6
-0.13549 -5.0
-0.13525 -5.3
-0.13501 -5.6
-0.13476 -5.9
-0.13452 -6.2
-0.13427 -6.5
-0.13403 -6.7
-0.13379 -6.9
-0.13354 -7.1
-0.1333 -7.2
-0.13305 -7.3
-0.13281 -7.4
-0.13256 -7.5
-0.13232 -7.5
-0.13208 -7.5
-0.13183 -7.5
-0.13159 -7.4
-0.13134 -7.3
-0.1311 -7.2
-0.13086 -7.0
-0.13061 -6.8
-0.13037 -6.6
-0.13012 -6.4
-0.12988 -6.1
-0.12963 -5.8
-0.12939 -5.5
-0.12915 -5.2
-0.1289 -4.8
-0.12866 -4.4
-0.12841 -4.0
-0.12817 -3.6
-0.12793 -3.2
-0.12768 -2.7
-0.12744 -2.3
-0.12719 -1.8
-0.12695 -1.3
-0.12671 -0.8
-0.12646 -0.3
-0.12622 0.2
-0.12597 0.7
-0.12573 1.1
-0.12548 1.6
-0.12524 2.1
-0.125 2.6
-0.12475 3.0
-0.12451 3.5
-0.12426 3.9
-0.12402 4.3
-0.12378 4.7
-0.12353 5.1
-0.12329 5.5
-0.12304 5.8
-0.1228 6.1
-0.12255 6.4
-0.12231 6.7
-0.12207 6.9
-0.12182 7.1
-0.12158 7.3
-0.12133 7.4
-0.12109 7.5
-0.12085 7.6
-0.1206 7.7
-0.12036 7.7
-0.12011 7.6
-0.11987 7.6
-0.11963 7.5
-0.11938 7.4
-0.11914 7.2
-0.11889 7.0
-0.11865 6.8
-0.1184 6.6
-0.11816 6.3
-0.11792 6.0
-0.11767 5.6
-0.11743 5.3
-0.11718 4.9
-0.11694 4.5
-0.1167 4.1
-0.11645 3.6
-0.11621 3.2
-0.11596 2.7
-0.11572 2.2
-0.11547 1.7
-0.11523 1.2
-0.11499 0.7
-0.11474 0.2
-0.1145 -0.3
-0.11425 -0.9
-0.11401 -1.4
-0.11377 -1.9
-0.11352 -2.4
-0.11328 -2.9
-0.11303 -3.4
-0.11279 -3.8
-0.11255 -4.3
-0.1123 -4.7
-0.11206 -5.1
-0.11181 -5.5
-0.11157 -5.9
-0.11132 -6.2
-0.11108 -6.5
-0.11084 -6.8
-0.11059 -7.0
-0.11035 -7.3
-0.1101 -7.4
-0.10986 -7.6
-0.10962 -7.7
-0.10937 -7.8
-0.10913 -7.8
-0.10888 -7.8
-0.10864 -7.8
-0.10839 -7.7
-0.10815 -7.6
-0.10791 -7.5
-0.10766 -7.3
-0.10742 -7.1
-0.10717 -6.9
-0.10693 -6.6
-0.10669 -6.3
-0.10644 -6.0
-0.1062 -5.6
-0.10595 -5.2
-0.10571 -4.8
-0.10546 -4.3
-0.10522 -3.9
-0.10498 -3.4
-0.10473 -2.9
-0.10449 -2.4
-0.10424 -1.9
-0.104 -1.3
-0.10376 -0.8
-0.10351 -0.2
-0.10327 0.3
-0.10302 0.9
-0.10278 1.4
-0.10254 2.0
-0.10229 2.5
-0.10205 3.0
-0.1018 3.5
-0.10156 4.0
-0.10131 4.5
-0.10107 4.9
-0.10083 5.4
-0.10058 5.8
-0.10034 6.1
-0.10009 6.5
-0.09985 6.8
-0.09961 7.1
-0.09936 7.3
-0.09912 7.5
-0.09887 7.7
-0.09863 7.9
-0.09838 8.0
-0.09814 8.0
-0.0979 8.0
-0.09765 8.0
-0.09741 7.9
-0.09716 7.8
-0.09692 7.7
-0.09668 7.5
-0.09643 7.3
-0.09619 7.0
-0.09594 6.8
-0.0957 6.4
-0.09546 6.1
-0.09521 5.7
-0.09497 5.3
-0.09472 4.8
-0.09448 4.3
-0.09423 3.8
-0.09399 3.3
-0.09375 2.8
-0.0935 2.2
-0.09326 1.7
-0.09301 1.1
-0.09277 0.5
-0.09253 0.0
-0.09228 -0.7
-0.09204 -1.3
-0.09179 -1.8
-0.09155 -2.4
-0.0913 -3.0
-0.09106 -3.5
-0.09082 -4.0
-0.09057 -4.5
-0.09033 -5.0
-0.09008 -5.5
-0.08984 -5.9
-0.0896 -6.3
-0.08935 -6.7
-0.08911 -7.0
-0.08886 -7.3
-0.08862 -7.6
-0.08838 -7.8
-0.08813 -8.0
-0.08789 -8.1
-0.08764 -8.2
-0.0874 -8.2
-0.08715 -8.2
-0.08691 -8.2
-0.08667 -8.1
-0.08642 -8.0
-0.08618 -7.8
-0.08593 -7.6
-0.08569 -7.3
-0.08545 -7.0
-0.0852 -6.7
-0.08496 -6.3
-0.08471 -5.9
-0.08447 -5.4
-0.08422 -5.0
-0.08398 -4.5
-0.08374 -3.9
-0.08349 -3.4
-0.08325 -2.8
-0.083 -2.2
-0.08276 -1.6
-0.08252 -1.0
-0.08227 -0.4
-0.08203 0.3
-0.08178 0.9
-0.08154 1.5
-0.0813 2.1
-0.08105 2.7
-0.08081 3.3
-0.08056 3.9
-0.08032 4.5
-0.08007 5.0
-0.07983 5.5
-0.07959 6.0
-0.07934 6.4
-0.0791 6.8
-0.07885 7.2
-0.07861 7.5
-0.07837 7.8
-0.07812 8.0
-0.07788 8.2
-0.07763 8.3
-0.07739 8.4
-0.07714 8.5
-0.0769 8.5
-0.07666 8.4
-0.07641 8.3
-0.07617 8.2
-0.07592 8.0
-0.07568 7.7
-0.07544 7.4
-0.07519 7.1
-0.07495 6.7
-0.0747 6.2
-0.07446 5.8
-0.07421 5.3
-0.07397 4.7
-0.07373 4.2
-0.07348 3.6
-0.07324 3.0
-0.07299 2.3
-0.07275 1.7
-0.07251 1.0
-0.07226 0.3
-0.07202 -0.3
-0.07177 -1.0
-0.07153 -1.7
-0.07129 -2.3
-0.07104 -3.0
-0.0708 -3.6
-0.07055 -4.2
-0.07031 -4.8
-0.07006 -5.4
-0.06982 -5.9
-0.06958 -6.4
-0.06933 -6.9
-0.06909 -7.3
-0.06884 -7.6
-0.0686 -7.9
-0.06836 -8.2
-0.06811 -8.4
-0.06787 -8.6
-0.06762 -8.7
-0.06738 -8.7
-0.06713 -8.7
-0.06689 -8.7
-0.06665 -8.6
-0.0664 -8.4
-0.06616 -8.2
-0.06591 -7.9
-0.06567 -7.5
-0.06543 -7.2
-0.06518 -6.7
-0.06494 -6.2
-0.06469 -5.7
-0.06445 -5.2
-0.06421 -4.6
-0.06396 -3.9
-0.06372 -3.3
-0.06347 -2.6
-0.06323 -1.9
-0.06298 -1.2
-0.06274 -0.4
-0.0625 0.3
-0.06225 1.0
-0.06201 1.8
-0.06176 2.5
-0.06152 3.2
-0.06128 3.9
-0.06103 4.5
-0.06079 5.2
-0.06054 5.8
-0.0603 6.3
-0.06005 6.8
-0.05981 7.3
-0.05957 7.7
-0.05932 8.1
-0.05908 8.4
-0.05883 8.7
-0.05859 8.9
-0.05835 9.0
-0.0581 9.1
-0.05786 9.1
-0.05761 9.0
-0.05737 8.9
-0.05713 8.7
-0.05688 8.4
-0.05664 8.1
-0.05639 7.7
-0.05615 7.3
-0.0559 6.8
-0.05566 6.2
-0.05542 5.7
-0.05517 5.0
-0.05493 4.3
-0.05468 3.6
-0.05444 2.9
-0.0542 2.1
-0.05395 1.4
-0.05371 0.6
-0.05346 -0.2
-0.05322 -1.0
-0.05297 -1.8
-0.05273 -2.6
-0.05249 -3.4
-0.05224 -4.1
-0.052 -4.9
-0.05175 -5.5
-0.05151 -6.2
-0.05127 -6.8
-0.05102 -7.3
-0.05078 -7.8
-0.05053 -8.3
-0.05029 -8.6
-0.05005 -8.9
-0.0498 -9.2
-0.04956 -9.3
-0.04931 -9.4
-0.04907 -9.4
-0.04882 -9.3
-0.04858 -9.2
-0.04834 -9.0
-0.04809 -8.7
-0.04785 -8.3
-0.0476 -7.9
-0.04736 -7.4
-0.04712 -6.8
-0.04687 -6.2
-0.04663 -5.5
-0.04638 -4.8
-0.04614 -4.0
-0.04589 -3.2
-0.04565 -2.4
-0.04541 -1.5
-0.04516 -0.7
-0.04492 0.2
-0.04467 1.1
-0.04443 2.0
-0.04419 2.9
-0.04394 3.7
-0.0437 4.5
-0.04345 5.3
-0.04321 6.1
-0.04296 6.8
-0.04272 7.4
-0.04248 8.0
-0.04223 8.5
-0.04199 8.9
-0.04174 9.3
-0.0415 9.5
-0.04126 9.7
-0.04101 9.8
-0.04077 9.8
-0.04052 9.7
-0.04028 9.6
-0.04004 9.3
-0.03979 9.0
-0.03955 8.5
-0.0393 8.0
-0.03906 7.4
-0.03881 6.8
-0.03857 6.0
-0.03833 5.2
-0.03808 4.4
-0.03784 3.5
-0.03759 2.5
-0.03735 1.6
-0.03711 0.6
-0.03686 -0.4
-0.03662 -1.4
-0.03637 -2.4
-0.03613 -3.4
-0.03588 -4.3
-0.03564 -5.2
-0.0354 -6.1
-0.03515 -6.9
-0.03491 -7.6
-0.03466 -8.3
-0.03442 -8.9
-0.03418 -9.3
-0.03393 -9.7
-0.03369 -10.0
-0.03344 -10.2
-0.0332 -10.3
-0.03296 -10.3
-0.03271 -10.2
-0.03247 -9.9
-0.03222 -9.6
-0.03198 -9.1
-0.03173 -8.6
-0.03149 -7.9
-0.03125 -7.2
-0.031 -6.3
-0.03076 -5.4
-0.03051 -4.4
-0.03027 -3.4
-0.03003 -2.3
-0.02978 -1.2
-0.02954 0.0
-0.02929 1.1
-0.02905 2.2
-0.0288 3.3
-0.02856 4.4
-0.02832 5.4
-0.02807 6.4
-0.02783 7.4
-0.02758 8.2
-0.02734 8.9
-0.0271 9.6
-0.02685 10.1
-0.02661 10.5
-0.02636 10.8
-0.02612 10.9
-0.02588 10.9
-0.02563 10.8
-0.02539 10.5
-0.02514 10.1
-0.0249 9.6
-0.02465 8.9
-0.02441 8.1
-0.02417 7.2
-0.02392 6.2
-0.02368 5.1
-0.02343 3.9
-0.02319 2.6
-0.02295 1.3
-0.0227 0.0
-0.02246 -1.3
-0.02221 -2.7
-0.02197 -4.0
-0.02172 -5.2
-0.02148 -6.4
-0.02124 -7.6
-0.02099 -8.6
-0.02075 -9.5
-0.0205 -10.2
-0.02026 -10.9
-0.02002 -11.3
-0.01977 -11.6
-0.01953 -11.7
-0.01928 -11.7
-0.01904 -11.4
-0.0188 -11.0
-0.01855 -10.4
-0.01831 -9.6
-0.01806 -8.6
-0.01782 -7.5
-0.01757 -6.2
-0.01733 -4.9
-0.01709 -3.4
-0.01684 -1.9
-0.0166 -0.3
-0.01635 1.4
-0.01611 3.0
-0.01587 4.6
-0.01562 6.1
-0.01538 7.5
-0.01513 8.8
-0.01489 10.0
-0.01464 11.0
-0.0144 11.8
-0.01416 12.3
-0.01391 12.7
-0.01367 12.8
-0.01342 12.6
-0.01318 12.1
-0.01294 11.4
-0.01269 10.5
-0.01245 9.3
-0.0122 7.9
-0.01196 6.2
-0.01171 4.5
-0.01147 2.5
-0.01123 0.5
-0.01098 -1.5
-0.01074 -3.6
-0.01049 -5.6
-0.01025 -7.5
-0.01001 -9.3
-0.00976 -10.8
-0.00952 -12.1
-0.00927 -13.2
-0.00903 -13.8
-0.00879 -14.1
-0.00854 -14.0
-0.0083 -13.5
-0.00805 -12.6
-0.00781 -11.3
-0.00756 -9.7
-0.00732 -7.6
-0.00708 -5.3
-0.00683 -2.7
-0.00659 0.0
-0.00634 2.8
-0.0061 5.6
-0.00586 8.2
-0.00561 10.6
-0.00537 12.7
-0.00512 14.4
-0.00488 15.5
-0.00463 16.0
-0.00439 15.8
-0.00415 15.0
-0.0039 13.3
-0.00366 11.0
-0.00341 8.1
-0.00317 4.6
-0.00293 0.8
-0.00268 -3.3
-0.00244 -7.4
-0.00219 -11.1
-0.00195 -14.4
-0.00171 -16.8
-0.00146 -18.2
-0.00122 -18.2
-0.00097 -16.8
-0.00073 -13.9
-0.00048 -9.5
-0.00024 -3.9
0.0 2.4
0.00025 8.6
0.00049 14.0
0.00074 17.5
0.00098 18.5
0.00122 16.6
0.00147 12.1
0.00171 5.7
0.00196 -1.5
0.0022 -8.0
0.00245 -12.6
0.00269 -14.3
0.00293 -13.0
0.00318 -9.1
0.00342 -3.8
0.00367 1.8
0.00391 6.3
0.00415 8.8
0.0044 9.1
0.00464 7.2
0.00489 4.0
0.00513 0.3
0.00537 -3.0
0.00562 -5.0
0.00586 -5.6
0.00611 -4.7
0.00635 -2.9
0.0066 -0.6
0.00684 1.5
0.00708 2.9
0.00733 3.4
0.00757 2.9
0.00782 1.8
0.00806 0.5
0.0083 -0.8
0.00855 -1.7
0.00879 -2.0
0.00904 -1.8
0.00928 -1.2
0.00953 -0.3
0.00977 0.5
0.01001 1.0
0.01026 1.2
0.0105 1.1
0.01075 0.7
0.01099 0.2
0.01123 -0.3
0.01148 -0.6
0.01172 -0.8
0.01197 -0.7
0.01221 -0.4
0.01245 -0.1
0.0127 0.2
0.01294 0.4
0.01319 0.5
0.01343 0.4
0.01368 0.3
0.01392 0.0
0.01416 0.0
0.01441 -0.2
0.01465 -0.3
0.0149 -0.3
0.01514 -0.2
0.01538 0.0
0.01563 0.0
0.01587 0.1
0.01612 0.2
0.01636 0.2
0.01661 0.1
0.01685 0.0
0.01709 0.0
0.01734 0.0
0.01758 -0.1
0.01783 0.0
0.01807 0.0
0.01831 0.0
0.01856 0.0
0.0188 0.0
0.01905 0.0
0.01929 0.0
0.01954 0.0
0.01978 0.0
0.02002 0.0
0.02027 0.0
0.02051 0.0
0.02076 0.0
0.021 0.0
0.02124 0.0
0.02149 0.0
0.02173 0.0
0.02198 0.0
0.02222 0.0
0.02246 0.0
0.02271 0.0
0.02295 0.0
0.0232 0.0
0.02344 0.0
0.02369 0.0
0.02393 0.0
0.02417 0.0
0.02442 0.0
0.02466 0.0
0.02491 0.0
0.02515 0.0
0.02539 0.0
0.02564 0.0
0.02588 0.0
0.02613 0.0
0.02637 0.0
0.02662 0.0
0.02686 0.0
0.0271 0.0
0.02735 0.0
0.02759 0.0
0.02784 0.0
0.02808 0.0
0.02832 0.0
0.02857 0.0
0.02881 0.0
0.02906 0.0
0.0293 0.0
0.02954 0.0
0.02979 0.0
0.03003 0.0
0.03028 0.0
0.03052 0.0
0.03077 0.0
0.03101 0.0
0.03125 0.0
0.0315 0.0
0.03174 0.0
0.03199 0.0
0.03223 0.0
0.03247 0.0
0.03272 0.0
0.03296 0.0
0.03321 0.0
0.03345 0.0
0.0337 0.0
0.03394 0.0
0.03418 0.0
0.03443 0.0
0.03467 0.0
0.03492 0.0
0.03516 0.0
0.0354 0.0
0.03565 0.0
0.03589 0.0
0.03614 0.0
0.03638 0.0
0.03662 0.0
0.03687 0.0
0.03711 0.0
0.03736 0.0
0.0376 0.0
0.03785 0.0
0.03809 0.0
0.03833 0.0
0.03858 0.0
0.03882 0.0
0.03907 0.0
0.03931 0.0
0.03955 0.0
0.0398 0.0
0.04004 0.0
0.04029 0.0
0.04053 0.0
0.04078 0.0
0.04102 0.0
0.04126 0.0
0.04151 0.0
0.04175 0.0
0.042 0.0
0.04224 0.0
0.04248 0.0
0.04273 0.0
0.04297 0.0
0.04322 0.0
0.04346 0.0
0.0437 0.0
0.04395 0.0
0.04419 0.0
0.04444 0.0
0.04468 0.0
0.04493 0.0
0.04517 0.0
0.04541 0.0
0.04566 0.0
0.0459 0.0
0.04615 0.0
0.04639 0.0
0.04663 0.0
0.04688 0.0
0.04712 0.0
0.04737 0.0
0.04761 0.0
0.04786 0.0
0.0481 0.0
0.04834 0.0
0.04859 0.0
0.04883 0.0
0.04908 0.0
0.04932 0.0
0.04956 0.0
0.04981 0.0
0.05005 0.0
0.0503 0.0
0.05054 0.0
0.05079 0.0
0.05103 0.0
0.05127 0.0
0.05152 0.0
0.05176 0.0
0.05201 0.0
0.05225 0.0
0.05249 0.0
0.05274 0.0
0.05298 0.0
0.05323 0.0
0.05347 0.0
0.05371 0.0
0.05396 0.0
0.0542 0.0
0.05445 0.0
0.05469 0.0
0.05494 0.0
0.05518 0.0
0.05542 0.0
0.05567 0.0
0.05591 0.0
0.05616 0.0
0.0564 0.0
0.05664 0.0
0.05689 0.0
0.05713 0.0
0.05738 0.0
0.05762 0.0
0.05787 0.0
0.05811 0.0
0.05835 0.0
0.0586 0.0
0.05884 0.0
0.05909 0.0
0.05933 0.0
0.05957 0.0
0.05982 0.0
0.06006 0.0
0.06031 0.0
0.06055 0.0
0.06079 0.0
0.06104 0.0
0.06128 0.0
0.06153 0.0
0.06177 0.0
0.06202 0.0
0.06226 0.0
0.0625 0.0
0.06275 0.0
0.06299 0.0
0.06324 0.0
0.06348 0.0
0.06372 0.0
0.06397 0.0
0.06421 0.0
0.06446 0.0
0.0647 0.0
0.06495 0.0
0.06519 0.0
0.06543 0.0
0.06568 0.0
0.06592 0.0
0.06617 0.0
0.06641 0.0
0.06665 0.0
0.0669 0.0
0.06714 0.0
0.06739 0.0
0.06763 0.0
0.06787 0.0
0.06812 0.0
0.06836 0.0
0.06861 0.0
0.06885 0.0
0.0691 0.0
0.06934 0.0
0.06958 0.0
0.06983 0.0
0.07007 0.0
0.07032 0.0
0.07056 0.0
0.0708 0.0
0.07105 0.0
0.07129 0.0
0.07154 0.0
0.07178 0.0
0.07203 0.0
0.07227 0.0
0.07251 0.0
0.07276 0.0
0.073 0.0
0.07325 0.0
0.07349 0.0
0.07373 0.0
0.07398 0.0
0.07422 0.0
0.07447 0.0
0.07471 0.0
0.07495 0.0
0.0752 0.0
0.07544 0.0
0.07569 0.0
0.07593 0.0
0.07618 0.0
0.07642 0.0
0.07666 0.0
0.07691 0.0
0.07715 0.0
0.0774 0.0
0.07764 0.0
0.07788 0.0
0.07813 0.0
0.07837 0.0
0.07862 0.0
0.07886 0.0
0.07911 0.0
0.07935 0.0
0.07959 0.0
0.07984 0.0
0.08008 0.0
0.08033 0.0
0.08057 0.0
0.08081 0.0
0.08106 0.0
0.0813 0.0
0.08155 0.0
0.08179 0.0
0.08204 0.0
0.08228 0.0
0.08252 0.0
0.08277 0.0
0.08301 0.0
0.08326 0.0
0.0835 0.0
0.08374 0.0
0.08399 0.0
0.08423 0.0
0.08448 0.0
0.08472 0.0
0.08496 0.0
0.08521 0.0
0.08545 0.0
0.0857 0.0
0.08594 0.0
0.08619 0.0
0.08643 0.0
0.08667 0.0
0.08692 0.0
0.08716 0.0
0.08741 0.0
0.08765 0.0
0.08789 0.0
0.08814 0.0
0.08838 0.0
0.08863 0.0
0.08887 0.0
0.08912 0.0
0.08936 0.0
0.0896 0.0
0.08985 0.0
0.09009 0.0
0.09034 0.0
0.09058 0.0
0.09082 0.0
0.09107 0.0
0.09131 0.0
0.09156 0.0
0.0918 0.0
0.09204 0.0
0.09229 0.0
0.09253 0.0
0.09278 0.0
0.09302 0.0
0.09327 0.0
0.09351 0.0
0.09375 0.0
0.094 0.0
0.09424 0.0
0.09449 0.0
0.09473 0.0
0.09497 0.0
0.09522 0.0
0.09546 0.0
0.09571 0.0
0.09595 0.0
0.0962 0.0
0.09644 0.0
0.09668 0.0
0.09693 0.0
0.09717 0.0
0.09742 0.0
0.09766 0.0
0.0979 0.0
0.09815 0.0
0.09839 0.0
0.09864 0.0
0.09888 0.0
0.09912 0.0
0.09937 0.0
0.09961 0.0
0.09986 0.0
0.1001 0.0
0.10035 0.0
0.10059 0.0
0.10083 0.0
0.10108 0.0
0.10132 0.0
0.10157 0.0
0.10181 0.0
0.10205 0.0
0.1023 0.0
0.10254 0.0
0.10279 0.0
0.10303 0.0
0.10328 0.0
0.10352 0.0
0.10376 0.0
0.10401 0.0
0.10425 0.0
0.1045 0.0
0.10474 0.0
0.10498 0.0
0.10523 0.0
0.10547 0.0
0.10572 0.0
0.10596 0.0
0.1062 0.0
0.10645 0.0
0.10669 0.0
0.10694 0.0
0.10718 0.0
0.10743 0.0
0.10767 0.0
0.10791 0.0
0.10816 0.0
0.1084 0.0
0.10865 0.0
0.10889 0.0
0.10913 0.0
0.10938 0.0
0.10962 0.0
0.10987 0.0
0.11011 0.0
0.11036 0.0
0.1106 0.0
0.11084 0.0
0.11109 0.0
0.11133 0.0
0.11158 0.0
0.11182 0.0
0.11206 0.0
0.11231 0.0
0.11255 0.0
0.1128 0.0
0.11304 0.0
0.11329 0.0
0.11353 0.0
0.11377 0.0
0.11402 0.0
0.11426 0.0
0.11451 0.0
0.11475 0.0
0.11499 0.0
0.11524 0.0
0.11548 0.0
0.11573 0.0
0.11597 0.0
0.11621 0.0
0.11646 0.0
0.1167 0.0
0.11695 0.0
0.11719 0.0
0.11744 0.0
0.11768 0.0
0.11792 0.0
0.11817 0.0
0.11841 0.0
0.11866 0.0
0.1189 0.0
0.11914 0.0
0.11939 0.0
0.11963 0.0
0.11988 0.0
0.12012 0.0
0.12037 0.0
