t strain*1e23
-0.50553 -6.8
-0.50529 -6.7
-0.50504 -6.6
-0.5048 -6.6
-0.50455 -6.5
-0.50431 -6.4
-0.50407 -6.2
-0.50382 -6.1
-0.50358 -6.0
-0.50333 -5.8
-0.50309 -5.7
-0.50285 -5.5
-0.5026 -5.4
-0.50236 -5.2
-0.50211 -5.0
-0.50187 -4.8
-0.50163 -4.6
-0.50138 -4.4
-0.50114 -4.2
-0.50089 -4.0
-0.50065 -3.8
-0.5004 -3.5
-0.50016 -3.3
-0.49992 -3.1
-0.49967 -2.8
-0.49943 -2.6
-0.49918 -2.3
-0.49894 -2.1
-0.4987 -1.8
-0.49845 -1.5
-0.49821 -1.3
-0.49796 -1.0
-0.49772 -0.7
-0.49747 -0.5
-0.49723 -0.2
-0.49699 0.0
-0.49674 0.3
-0.4965 0.6
-0.49625 0.9
-0.49601 1.1
-0.49577 1.4
-0.49552 1.7
-0.49528 1.9
-0.49503 2.2
-0.49479 2.5
-0.49454 2.7
-0.4943 3.0
-0.49406 3.2
-0.49381 3.4
-0.49357 3.7
-0.49332 3.9
-0.49308 4.1
-0.49284 4.3
-0.49259 4.6
-0.49235 4.8
-0.4921 5.0
-0.49186 5.1
-0.49162 5.3
-0.49137 5.5
-0.49113 5.7
-0.49088 5.8
-0.49064 6.0
-0.49039 6.1
-0.49015 6.2
-0.48991 6.4
-0.48966 6.5
-0.48942 6.6
-0.48917 6.7
-0.48893 6.7
-0.48869 6.8
-0.48844 6.9
-0.4882 6.9
-0.48795 7.0
-0.48771 7.0
-0.48746 7.0
-0.48722 7.0
-0.48698 7.0
-0.48673 7.0
-0.48649 7.0
-0.48624 7.0
-0.486 6.9
-0.48576 6.9
-0.48551 6.8
-0.48527 6.7
-0.48502 6.6
-0.48478 6.5
-0.48454 6.4
-0.48429 6.3
-0.48405 6.2
-0.4838 6.1
-0.48356 5.9
-0.48331 5.8
-0.48307 5.6
-0.48283 5.4
-0.48258 5.3
-0.48234 5.1
-0.48209 4.9
-0.48185 4.7
-0.48161 4.5
-0.48136 4.3
-0.48112 4.0
-0.48087 3.8
-0.48063 3.6
-0.48038 3.3
-0.48014 3.1
-0.4799 2.8
-0.47965 2.6
-0.47941 2.3
-0.47916 2.1
-0.47892 1.8
-0.47868 1.5
-0.47843 1.3
-0.47819 1.0
-0.47794 0.7
-0.4777 0.4
-0.47746 0.2
-0.47721 -0.1
-0.47697 -0.4
-0.47672 -0.7
-0.47648 -0.9
-0.47623 -1.2
-0.47599 -1.5
-0.47575 -1.8
-0.4755 -2.0
-0.47526 -2.3
-0.47501 -2.6
-0.47477 -2.8
-0.47453 -3.1
-0.47428 -3.3
-0.47404 -3.6
-0.47379 -3.8
-0.47355 -4.0
-0.4733 -4.2
-0.47306 -4.5
-0.47282 -4.7
-0.47257 -4.9
-0.47233 -5.1
-0.47208 -5.3
-0.47184 -5.5
-0.4716 -5.6
-0.47135 -5.8
-0.47111 -6.0
-0.47086 -6.1
-0.47062 -6.2
-0.47038 -6.4
-0.47013 -6.5
-0.46989 -6.6
-0.46964 -6.7
-0.4694 -6.8
-0.46915 -6.9
-0.46891 -6.9
-0.46867 -7.0
-0.46842 -7.0
-0.46818 -7.1
-0.46793 -7.1
-0.46769 -7.1
-0.46745 -7.1
-0.4672 -7.1
-0.46696 -7.1
-0.46671 -7.0
-0.46647 -7.0
-0.46622 -6.9
-0.46598 -6.9
-0.46574 -6.8
-0.46549 -6.7
-0.46525 -6.6
-0.465 -6.5
-0.46476 -6.4
-0.46452 -6.3
-0.46427 -6.1
-0.46403 -6.0
-0.46378 -5.8
-0.46354 -5.7
-0.46329 -5.5
-0.46305 -5.3
-0.46281 -5.1
-0.46256 -4.9
-0.46232 -4.7
-0.46207 -4.5
-0.46183 -4.3
-0.46159 -4.1
-0.46134 -3.8
-0.4611 -3.6
-0.46085 -3.3
-0.46061 -3.1
-0.46037 -2.8
-0.46012 -2.6
-0.45988 -2.3
-0.45963 -2.0
-0.45939 -1.8
-0.45914 -1.5
-0.4589 -1.2
-0.45866 -0.9
-0.45841 -0.7
-0.45817 -0.4
-0.45792 0.0
-0.45768 0.2
-0.45744 0.5
-0.45719 0.8
-0.45695 1.0
-0.4567 1.3
-0.45646 1.6
-0.45621 1.9
-0.45597 2.1
-0.45573 2.4
-0.45548 2.7
-0.45524 2.9
-0.45499 3.2
-0.45475 3.4
-0.45451 3.7
-0.45426 3.9
-0.45402 4.2
-0.45377 4.4
-0.45353 4.6
-0.45329 4.8
-0.45304 5.0
-0.4528 5.2
-0.45255 5.4
-0.45231 5.6
-0.45206 5.8
-0.45182 5.9
-0.45158 6.1
-0.45133 6.2
-0.45109 6.4
-0.45084 6.5
-0.4506 6.6
-0.45036 6.7
-0.45011 6.8
-0.44987 6.9
-0.44962 7.0
-0.44938 7.0
-0.44913 7.1
-0.44889 7.1
-0.44865 7.1
-0.4484 7.2
-0.44816 7.2
-0.44791 7.2
-0.44767 7.1
-0.44743 7.1
-0.44718 7.1
-0.44694 7.0
-0.44669 6.9
-0.44645 6.9
-0.44621 6.8
-0.44596 6.7
-0.44572 6.6
-0.44547 6.5
-0.44523 6.3
-0.44498 6.2
-0.44474 6.0
-0.4445 5.9
-0.44425 5.7
-0.44401 5.5
-0.44376 5.4
-0.44352 5.2
-0.44328 5.0
-0.44303 4.7
-0.44279 4.5
-0.44254 4.3
-0.4423 4.1
-0.44205 3.8
-0.44181 3.6
-0.44157 3.3
-0.44132 3.1
-0.44108 2.8
-0.44083 2.5
-0.44059 2.3
-0.44035 2.0
-0.4401 1.7
-0.43986 1.4
-0.43961 1.1
-0.43937 0.8
-0.43913 0.6
-0.43888 0.3
-0.43864 0.0
-0.43839 -0.3
-0.43815 -0.6
-0.4379 -0.9
-0.43766 -1.2
-0.43742 -1.5
-0.43717 -1.7
-0.43693 -2.0
-0.43668 -2.3
-0.43644 -2.6
-0.4362 -2.8
-0.43595 -3.1
-0.43571 -3.4
-0.43546 -3.6
-0.43522 -3.9
-0.43497 -4.1
-0.43473 -4.4
-0.43449 -4.6
-0.43424 -4.8
-0.434 -5.0
-0.43375 -5.2
-0.43351 -5.4
-0.43327 -5.6
-0.43302 -5.8
-0.43278 -6.0
-0.43253 -6.1
-0.43229 -6.3
-0.43204 -6.4
-0.4318 -6.5
-0.43156 -6.7
-0.43131 -6.8
-0.43107 -6.9
-0.43082 -7.0
-0.43058 -7.0
-0.43034 -7.1
-0.43009 -7.1
-0.42985 -7.2
-0.4296 -7.2
-0.42936 -7.2
-0.42912 -7.2
-0.42887 -7.2
-0.42863 -7.2
-0.42838 -7.2
-0.42814 -7.1
-0.42789 -7.1
-0.42765 -7.0
-0.42741 -6.9
-0.42716 -6.8
-0.42692 -6.7
-0.42667 -6.6
-0.42643 -6.5
-0.42619 -6.4
-0.42594 -6.2
-0.4257 -6.1
-0.42545 -5.9
-0.42521 -5.7
-0.42496 -5.5
-0.42472 -5.4
-0.42448 -5.2
-0.42423 -4.9
-0.42399 -4.7
-0.42374 -4.5
-0.4235 -4.3
-0.42326 -4.0
-0.42301 -3.8
-0.42277 -3.5
-0.42252 -3.2
-0.42228 -3.0
-0.42204 -2.7
-0.42179 -2.4
-0.42155 -2.1
-0.4213 -1.9
-0.42106 -1.6
-0.42081 -1.3
-0.42057 -1.0
-0.42033 -0.7
-0.42008 -0.4
-0.41984 -0.1
-0.41959 0.2
-0.41935 0.5
-0.41911 0.8
-0.41886 1.1
-0.41862 1.4
-0.41837 1.7
-0.41813 2.0
-0.41788 2.2
-0.41764 2.5
-0.4174 2.8
-0.41715 3.1
-0.41691 3.3
-0.41666 3.6
-0.41642 3.9
-0.41618 4.1
-0.41593 4.4
-0.41569 4.6
-0.41544 4.8
-0.4152 5.0
-0.41496 5.3
-0.41471 5.5
-0.41447 5.7
-0.41422 5.8
-0.41398 6.0
-0.41373 6.2
-0.41349 6.3
-0.41325 6.5
-0.413 6.6
-0.41276 6.7
-0.41251 6.8
-0.41227 6.9
-0.41203 7.0
-0.41178 7.1
-0.41154 7.2
-0.41129 7.2
-0.41105 7.3
-0.4108 7.3
-0.41056 7.3
-0.41032 7.3
-0.41007 7.3
-0.40983 7.3
-0.40958 7.2
-0.40934 7.2
-0.4091 7.1
-0.40885 7.1
-0.40861 7.0
-0.40836 6.9
-0.40812 6.8
-0.40788 6.7
-0.40763 6.5
-0.40739 6.4
-0.40714 6.2
-0.4069 6.1
-0.40665 5.9
-0.40641 5.7
-0.40617 5.5
-0.40592 5.3
-0.40568 5.1
-0.40543 4.9
-0.40519 4.7
-0.40495 4.4
-0.4047 4.2
-0.40446 3.9
-0.40421 3.7
-0.40397 3.4
-0.40372 3.1
-0.40348 2.8
-0.40324 2.6
-0.40299 2.3
-0.40275 2.0
-0.4025 1.7
-0.40226 1.4
-0.40202 1.1
-0.40177 0.8
-0.40153 0.5
-0.40128 0.2
-0.40104 -0.1
-0.40079 -0.4
-0.40055 -0.7
-0.40031 -1.0
-0.40006 -1.3
-0.39982 -1.6
-0.39957 -1.9
-0.39933 -2.2
-0.39909 -2.5
-0.39884 -2.8
-0.3986 -3.1
-0.39835 -3.4
-0.39811 -3.6
-0.39787 -3.9
-0.39762 -4.2
-0.39738 -4.4
-0.39713 -4.7
-0.39689 -4.9
-0.39664 -5.1
-0.3964 -5.3
-0.39616 -5.5
-0.39591 -5.7
-0.39567 -5.9
-0.39542 -6.1
-0.39518 -6.3
-0.39494 -6.4
-0.39469 -6.6
-0.39445 -6.7
-0.3942 -6.8
-0.39396 -6.9
-0.39371 -7.0
-0.39347 -7.1
-0.39323 -7.2
-0.39298 -7.3
-0.39274 -7.3
-0.39249 -7.4
-0.39225 -7.4
-0.39201 -7.4
-0.39176 -7.4
-0.39152 -7.4
-0.39127 -7.3
-0.39103 -7.3
-0.39079 -7.2
-0.39054 -7.2
-0.3903 -7.1
-0.39005 -7.0
-0.38981 -6.9
-0.38956 -6.8
-0.38932 -6.7
-0.38908 -6.5
-0.38883 -6.4
-0.38859 -6.2
-0.38834 -6.0
-0.3881 -5.8
-0.38786 -5.6
-0.38761 -5.4
-0.38737 -5.2
-0.38712 -5.0
-0.38688 -4.8
-0.38663 -4.5
-0.38639 -4.3
-0.38615 -4.0
-0.3859 -3.8
-0.38566 -3.5
-0.38541 -3.2
-0.38517 -2.9
-0.38493 -2.6
-0.38468 -2.3
-0.38444 -2.0
-0.38419 -1.7
-0.38395 -1.4
-0.38371 -1.1
-0.38346 -0.8
-0.38322 -0.5
-0.38297 -0.2
-0.38273 0.1
-0.38248 0.4
-0.38224 0.8
-0.382 1.1
-0.38175 1.4
-0.38151 1.7
-0.38126 2.0
-0.38102 2.3
-0.38078 2.6
-0.38053 2.9
-0.38029 3.2
-0.38004 3.4
-0.3798 3.7
-0.37955 4.0
-0.37931 4.3
-0.37907 4.5
-0.37882 4.8
-0.37858 5.0
-0.37833 5.2
-0.37809 5.4
-0.37785 5.7
-0.3776 5.9
-0.37736 6.0
-0.37711 6.2
-0.37687 6.4
-0.37663 6.6
-0.37638 6.7
-0.37614 6.8
-0.37589 7.0
-0.37565 7.1
-0.3754 7.2
-0.37516 7.2
-0.37492 7.3
-0.37467 7.4
-0.37443 7.4
-0.37418 7.4
-0.37394 7.5
-0.3737 7.5
-0.37345 7.5
-0.37321 7.4
-0.37296 7.4
-0.37272 7.3
-0.37247 7.3
-0.37223 7.2
-0.37199 7.1
-0.37174 7.0
-0.3715 6.9
-0.37125 6.8
-0.37101 6.6
-0.37077 6.5
-0.37052 6.3
-0.37028 6.1
-0.37003 5.9
-0.36979 5.7
-0.36954 5.5
-0.3693 5.3
-0.36906 5.1
-0.36881 4.8
-0.36857 4.6
-0.36832 4.3
-0.36808 4.1
-0.36784 3.8
-0.36759 3.5
-0.36735 3.2
-0.3671 3.0
-0.36686 2.7
-0.36662 2.4
-0.36637 2.0
-0.36613 1.7
-0.36588 1.4
-0.36564 1.1
-0.36539 0.8
-0.36515 0.5
-0.36491 0.1
-0.36466 -0.2
-0.36442 -0.5
-0.36417 -0.8
-0.36393 -1.1
-0.36369 -1.5
-0.36344 -1.8
-0.3632 -2.1
-0.36295 -2.4
-0.36271 -2.7
-0.36246 -3.0
-0.36222 -3.3
-0.36198 -3.6
-0.36173 -3.9
-0.36149 -4.1
-0.36124 -4.4
-0.361 -4.7
-0.36076 -4.9
-0.36051 -5.2
-0.36027 -5.4
-0.36002 -5.6
-0.35978 -5.8
-0.35954 -6.0
-0.35929 -6.2
-0.35905 -6.4
-0.3588 -6.6
-0.35856 -6.7
-0.35831 -6.9
-0.35807 -7.0
-0.35783 -7.1
-0.35758 -7.2
-0.35734 -7.3
-0.35709 -7.4
-0.35685 -7.4
-0.35661 -7.5
-0.35636 -7.5
-0.35612 -7.5
-0.35587 -7.5
-0.35563 -7.5
-0.35538 -7.5
-0.35514 -7.5
-0.3549 -7.4
-0.35465 -7.4
-0.35441 -7.3
-0.35416 -7.2
-0.35392 -7.1
-0.35368 -7.0
-0.35343 -6.8
-0.35319 -6.7
-0.35294 -6.5
-0.3527 -6.4
-0.35246 -6.2
-0.35221 -6.0
-0.35197 -5.8
-0.35172 -5.6
-0.35148 -5.4
-0.35123 -5.1
-0.35099 -4.9
-0.35075 -4.6
-0.3505 -4.4
-0.35026 -4.1
-0.35001 -3.8
-0.34977 -3.5
-0.34953 -3.2
-0.34928 -2.9
-0.34904 -2.6
-0.34879 -2.3
-0.34855 -2.0
-0.3483 -1.7
-0.34806 -1.3
-0.34782 -1.0
-0.34757 -0.7
-0.34733 -0.4
-0.34708 0.0
-0.34684 0.3
-0.3466 0.6
-0.34635 1.0
-0.34611 1.3
-0.34586 1.6
-0.34562 1.9
-0.34538 2.3
-0.34513 2.6
-0.34489 2.9
-0.34464 3.2
-0.3444 3.5
-0.34415 3.8
-0.34391 4.1
-0.34367 4.3
-0.34342 4.6
-0.34318 4.9
-0.34293 5.1
-0.34269 5.4
-0.34245 5.6
-0.3422 5.8
-0.34196 6.0
-0.34171 6.2
-0.34147 6.4
-0.34122 6.6
-0.34098 6.8
-0.34074 6.9
-0.34049 7.0
-0.34025 7.2
-0.34 7.3
-0.33976 7.4
-0.33952 7.4
-0.33927 7.5
-0.33903 7.6
-0.33878 7.6
-0.33854 7.6
-0.33829 7.6
-0.33805 7.6
-0.33781 7.6
-0.33756 7.6
-0.33732 7.5
-0.33707 7.4
-0.33683 7.4
-0.33659 7.3
-0.33634 7.2
-0.3361 7.0
-0.33585 6.9
-0.33561 6.8
-0.33537 6.6
-0.33512 6.4
-0.33488 6.2
-0.33463 6.0
-0.33439 5.8
-0.33414 5.6
-0.3339 5.3
-0.33366 5.1
-0.33341 4.8
-0.33317 4.6
-0.33292 4.3
-0.33268 4.0
-0.33244 3.7
-0.33219 3.4
-0.33195 3.1
-0.3317 2.8
-0.33146 2.5
-0.33121 2.2
-0.33097 1.8
-0.33073 1.5
-0.33048 1.2
-0.33024 0.8
-0.32999 0.5
-0.32975 0.2
-0.32951 -0.2
-0.32926 -0.5
-0.32902 -0.9
-0.32877 -1.2
-0.32853 -1.5
-0.32829 -1.9
-0.32804 -2.2
-0.3278 -2.5
-0.32755 -2.9
-0.32731 -3.2
-0.32706 -3.5
-0.32682 -3.8
-0.32658 -4.1
-0.32633 -4.4
-0.32609 -4.6
-0.32584 -4.9
-0.3256 -5.2
-0.32536 -5.4
-0.32511 -5.7
-0.32487 -5.9
-0.32462 -6.1
-0.32438 -6.3
-0.32413 -6.5
-0.32389 -6.7
-0.32365 -6.8
-0.3234 -7.0
-0.32316 -7.1
-0.32291 -7.3
-0.32267 -7.4
-0.32243 -7.5
-0.32218 -7.6
-0.32194 -7.6
-0.32169 -7.7
-0.32145 -7.7
-0.32121 -7.7
-0.32096 -7.7
-0.32072 -7.7
-0.32047 -7.7
-0.32023 -7.6
-0.31998 -7.6
-0.31974 -7.5
-0.3195 -7.4
-0.31925 -7.3
-0.31901 -7.2
-0.31876 -7.1
-0.31852 -6.9
-0.31828 -6.8
-0.31803 -6.6
-0.31779 -6.4
-0.31754 -6.2
-0.3173 -6.0
-0.31705 -5.8
-0.31681 -5.5
-0.31657 -5.3
-0.31632 -5.0
-0.31608 -4.7
-0.31583 -4.5
-0.31559 -4.2
-0.31535 -3.9
-0.3151 -3.6
-0.31486 -3.2
-0.31461 -2.9
-0.31437 -2.6
-0.31413 -2.3
-0.31388 -1.9
-0.31364 -1.6
-0.31339 -1.2
-0.31315 -0.9
-0.3129 -0.5
-0.31266 -0.2
-0.31242 0.2
-0.31217 0.5
-0.31193 0.9
-0.31168 1.2
-0.31144 1.6
-0.3112 1.9
-0.31095 2.2
-0.31071 2.6
-0.31046 2.9
-0.31022 3.2
-0.30997 3.5
-0.30973 3.9
-0.30949 4.2
-0.30924 4.5
-0.309 4.7
-0.30875 5.0
-0.30851 5.3
-0.30827 5.5
-0.30802 5.8
-0.30778 6.0
-0.30753 6.2
-0.30729 6.4
-0.30704 6.6
-0.3068 6.8
-0.30656 7.0
-0.30631 7.1
-0.30607 7.3
-0.30582 7.4
-0.30558 7.5
-0.30534 7.6
-0.30509 7.7
-0.30485 7.7
-0.3046 7.8
-0.30436 7.8
-0.30412 7.8
-0.30387 7.8
-0.30363 7.8
-0.30338 7.8
-0.30314 7.7
-0.30289 7.6
-0.30265 7.5
-0.30241 7.4
-0.30216 7.3
-0.30192 7.2
-0.30167 7.0
-0.30143 6.9
-0.30119 6.7
-0.30094 6.5
-0.3007 6.3
-0.30045 6.1
-0.30021 5.9
-0.29996 5.6
-0.29972 5.4
-0.29948 5.1
-0.29923 4.8
-0.29899 4.5
-0.29874 4.2
-0.2985 3.9
-0.29826 3.6
-0.29801 3.3
-0.29777 2.9
-0.29752 2.6
-0.29728 2.3
-0.29704 1.9
-0.29679 1.6
-0.29655 1.2
-0.2963 0.9
-0.29606 0.5
-0.29581 0.1
-0.29557 -0.2
-0.29533 -0.6
-0.29508 -1.0
-0.29484 -1.3
-0.29459 -1.7
-0.29435 -2.0
-0.29411 -2.4
-0.29386 -2.7
-0.29362 -3.1
-0.29337 -3.4
-0.29313 -3.7
-0.29288 -4.0
-0.29264 -4.3
-0.2924 -4.6
-0.29215 -4.9
-0.29191 -5.2
-0.29166 -5.5
-0.29142 -5.7
-0.29118 -6.0
-0.29093 -6.2
-0.29069 -6.4
-0.29044 -6.7
-0.2902 -6.8
-0.28996 -7.0
-0.28971 -7.2
-0.28947 -7.3
-0.28922 -7.5
-0.28898 -7.6
-0.28873 -7.7
-0.28849 -7.8
-0.28825 -7.8
-0.288 -7.9
-0.28776 -7.9
-0.28751 -7.9
-0.28727 -7.9
-0.28703 -7.9
-0.28678 -7.9
-0.28654 -7.8
-0.28629 -7.7
-0.28605 -7.6
-0.2858 -7.5
-0.28556 -7.4
-0.28532 -7.3
-0.28507 -7.1
-0.28483 -7.0
-0.28458 -6.8
-0.28434 -6.6
-0.2841 -6.4
-0.28385 -6.1
-0.28361 -5.9
-0.28336 -5.6
-0.28312 -5.4
-0.28288 -5.1
-0.28263 -4.8
-0.28239 -4.5
-0.28214 -4.2
-0.2819 -3.9
-0.28165 -3.5
-0.28141 -3.2
-0.28117 -2.9
-0.28092 -2.5
-0.28068 -2.2
-0.28043 -1.8
-0.28019 -1.4
-0.27995 -1.1
-0.2797 -0.7
-0.27946 -0.3
-0.27921 0.0
-0.27897 0.4
-0.27872 0.8
-0.27848 1.2
-0.27824 1.5
-0.27799 1.9
-0.27775 2.3
-0.2775 2.6
-0.27726 3.0
-0.27702 3.3
-0.27677 3.7
-0.27653 4.0
-0.27628 4.3
-0.27604 4.6
-0.27579 4.9
-0.27555 5.2
-0.27531 5.5
-0.27506 5.8
-0.27482 6.0
-0.27457 6.3
-0.27433 6.5
-0.27409 6.7
-0.27384 6.9
-0.2736 7.1
-0.27335 7.3
-0.27311 7.4
-0.27287 7.6
-0.27262 7.7
-0.27238 7.8
-0.27213 7.9
-0.27189 7.9
-0.27164 8.0
-0.2714 8.0
-0.27116 8.0
-0.27091 8.0
-0.27067 8.0
-0.27042 8.0
-0.27018 7.9
-0.26994 7.8
-0.26969 7.7
-0.26945 7.6
-0.2692 7.5
-0.26896 7.3
-0.26871 7.2
-0.26847 7.0
-0.26823 6.8
-0.26798 6.6
-0.26774 6.4
-0.26749 6.1
-0.26725 5.9
-0.26701 5.6
-0.26676 5.3
-0.26652 5.0
-0.26627 4.7
-0.26603 4.4
-0.26579 4.1
-0.26554 3.7
-0.2653 3.4
-0.26505 3.0
-0.26481 2.7
-0.26456 2.3
-0.26432 1.9
-0.26408 1.6
-0.26383 1.2
-0.26359 0.8
-0.26334 0.4
-0.2631 0.0
-0.26286 -0.4
-0.26261 -0.8
-0.26237 -1.1
-0.26212 -1.5
-0.26188 -1.9
-0.26163 -2.3
-0.26139 -2.6
-0.26115 -3.0
-0.2609 -3.4
-0.26066 -3.7
-0.26041 -4.1
-0.26017 -4.4
-0.25993 -4.7
-0.25968 -5.0
-0.25944 -5.3
-0.25919 -5.6
-0.25895 -5.9
-0.25871 -6.2
-0.25846 -6.4
-0.25822 -6.6
-0.25797 -6.9
-0.25773 -7.1
-0.25748 -7.2
-0.25724 -7.4
-0.257 -7.6
-0.25675 -7.7
-0.25651 -7.8
-0.25626 -7.9
-0.25602 -8.0
-0.25578 -8.1
-0.25553 -8.1
-0.25529 -8.1
-0.25504 -8.1
-0.2548 -8.1
-0.25455 -8.1
-0.25431 -8.0
-0.25407 -8.0
-0.25382 -7.9
-0.25358 -7.8
-0.25333 -7.6
-0.25309 -7.5
-0.25285 -7.3
-0.2526 -7.1
-0.25236 -6.9
-0.25211 -6.7
-0.25187 -6.5
-0.25163 -6.3
-0.25138 -6.0
-0.25114 -5.7
-0.25089 -5.4
-0.25065 -5.1
-0.2504 -4.8
-0.25016 -4.5
-0.24992 -4.1
-0.24967 -3.8
-0.24943 -3.4
-0.24918 -3.1
-0.24894 -2.7
-0.2487 -2.3
-0.24845 -1.9
-0.24821 -1.6
-0.24796 -1.2
-0.24772 -0.8
-0.24747 -0.4
-0.24723 0.0
-0.24699 0.4
-0.24674 0.8
-0.2465 1.2
-0.24625 1.6
-0.24601 2.0
-0.24577 2.4
-0.24552 2.8
-0.24528 3.2
-0.24503 3.5
-0.24479 3.9
-0.24454 4.3
-0.2443 4.6
-0.24406 4.9
-0.24381 5.2
-0.24357 5.5
-0.24332 5.8
-0.24308 6.1
-0.24284 6.4
-0.24259 6.6
-0.24235 6.9
-0.2421 7.1
-0.24186 7.3
-0.24162 7.5
-0.24137 7.6
-0.24113 7.8
-0.24088 7.9
-0.24064 8.0
-0.24039 8.1
-0.24015 8.2
-0.23991 8.2
-0.23966 8.2
-0.23942 8.2
-0.23917 8.2
-0.23893 8.2
-0.23869 8.2
-0.23844 8.1
-0.2382 8.0
-0.23795 7.9
-0.23771 7.7
-0.23746 7.6
-0.23722 7.4
-0.23698 7.2
-0.23673 7.0
-0.23649 6.8
-0.23624 6.6
-0.236 6.3
-0.23576 6.0
-0.23551 5.7
-0.23527 5.4
-0.23502 5.1
-0.23478 4.8
-0.23454 4.5
-0.23429 4.1
-0.23405 3.7
-0.2338 3.4
-0.23356 3.0
-0.23331 2.6
-0.23307 2.2
-0.23283 1.8
-0.23258 1.4
-0.23234 1.0
-0.23209 0.6
-0.23185 0.1
-0.23161 -0.3
-0.23136 -0.7
-0.23112 -1.1
-0.23087 -1.5
-0.23063 -1.9
-0.23038 -2.3
-0.23014 -2.7
-0.2299 -3.1
-0.22965 -3.5
-0.22941 -3.9
-0.22916 -4.2
-0.22892 -4.6
-0.22868 -4.9
-0.22843 -5.3
-0.22819 -5.6
-0.22794 -5.9
-0.2277 -6.2
-0.22746 -6.5
-0.22721 -6.7
-0.22697 -7.0
-0.22672 -7.2
-0.22648 -7.4
-0.22623 -7.6
-0.22599 -7.8
-0.22575 -7.9
-0.2255 -8.0
-0.22526 -8.1
-0.22501 -8.2
-0.22477 -8.3
-0.22453 -8.3
-0.22428 -8.4
-0.22404 -8.4
-0.22379 -8.4
-0.22355 -8.3
-0.2233 -8.3
-0.22306 -8.2
-0.22282 -8.1
-0.22257 -7.9
-0.22233 -7.8
-0.22208 -7.6
-0.22184 -7.4
-0.2216 -7.2
-0.22135 -7.0
-0.22111 -6.8
-0.22086 -6.5
-0.22062 -6.2
-0.22038 -5.9
-0.22013 -5.6
-0.21989 -5.3
-0.21964 -5.0
-0.2194 -4.6
-0.21915 -4.3
-0.21891 -3.9
-0.21867 -3.5
-0.21842 -3.1
-0.21818 -2.7
-0.21793 -2.3
-0.21769 -1.9
-0.21745 -1.5
-0.2172 -1.0
-0.21696 -0.6
-0.21671 -0.2
-0.21647 0.3
-0.21622 0.7
-0.21598 1.1
-0.21574 1.6
-0.21549 2.0
-0.21525 2.4
-0.215 2.8
-0.21476 3.2
-0.21452 3.6
-0.21427 4.0
-0.21403 4.4
-0.21378 4.8
-0.21354 5.1
-0.21329 5.4
-0.21305 5.8
-0.21281 6.1
-0.21256 6.4
-0.21232 6.7
-0.21207 6.9
-0.21183 7.2
-0.21159 7.4
-0.21134 7.6
-0.2111 7.8
-0.21085 8.0
-0.21061 8.1
-0.21037 8.2
-0.21012 8.3
-0.20988 8.4
-0.20963 8.5
-0.20939 8.5
-0.20914 8.5
-0.2089 8.5
-0.20866 8.5
-0.20841 8.4
-0.20817 8.3
-0.20792 8.2
-0.20768 8.1
-0.20744 7.9
-0.20719 7.8
-0.20695 7.6
-0.2067 7.4
-0.20646 7.1
-0.20621 6.9
-0.20597 6.6
-0.20573 6.3
-0.20548 6.0
-0.20524 5.7
-0.20499 5.4
-0.20475 5.0
-0.20451 4.6
-0.20426 4.3
-0.20402 3.9
-0.20377 3.5
-0.20353 3.1
-0.20329 2.6
-0.20304 2.2
-0.2028 1.8
-0.20255 1.3
-0.20231 0.9
-0.20206 0.4
-0.20182 0.0
-0.20158 -0.5
-0.20133 -0.9
-0.20109 -1.4
-0.20084 -1.8
-0.2006 -2.2
-0.20036 -2.7
-0.20011 -3.1
-0.19987 -3.5
-0.19962 -3.9
-0.19938 -4.3
-0.19913 -4.7
-0.19889 -5.1
-0.19865 -5.4
-0.1984 -5.8
-0.19816 -6.1
-0.19791 -6.4
-0.19767 -6.7
-0.19743 -7.0
-0.19718 -7.3
-0.19694 -7.5
-0.19669 -7.7
-0.19645 -7.9
-0.19621 -8.1
-0.19596 -8.2
-0.19572 -8.4
-0.19547 -8.5
-0.19523 -8.5
-0.19498 -8.6
-0.19474 -8.6
-0.1945 -8.6
-0.19425 -8.6
-0.19401 -8.6
-0.19376 -8.5
-0.19352 -8.4
-0.19328 -8.3
-0.19303 -8.2
-0.19279 -8.0
-0.19254 -7.8
-0.1923 -7.6
-0.19205 -7.4
-0.19181 -7.2
-0.19157 -6.9
-0.19132 -6.6
-0.19108 -6.3
-0.19083 -6.0
-0.19059 -5.6
-0.19035 -5.3
-0.1901 -4.9
-0.18986 -4.5
-0.18961 -4.1
-0.18937 -3.7
-0.18913 -3.2
-0.18888 -2.8
-0.18864 -2.4
-0.18839 -1.9
-0.18815 -1.5
-0.1879 -1.0
-0.18766 -0.5
-0.18742 0.0
-0.18717 0.4
-0.18693 0.9
-0.18668 1.3
-0.18644 1.8
-0.1862 2.3
-0.18595 2.7
-0.18571 3.2
-0.18546 3.6
-0.18522 4.0
-0.18497 4.4
-0.18473 4.8
-0.18449 5.2
-0.18424 5.6
-0.184 6.0
-0.18375 6.3
-0.18351 6.6
-0.18327 6.9
-0.18302 7.2
-0.18278 7.5
-0.18253 7.7
-0.18229 7.9
-0.18204 8.1
-0.1818 8.3
-0.18156 8.4
-0.18131 8.6
-0.18107 8.7
-0.18082 8.7
-0.18058 8.8
-0.18034 8.8
-0.18009 8.8
-0.17985 8.7
-0.1796 8.7
-0.17936 8.6
-0.17912 8.5
-0.17887 8.4
-0.17863 8.2
-0.17838 8.0
-0.17814 7.8
-0.17789 7.6
-0.17765 7.3
-0.17741 7.0
-0.17716 6.7
-0.17692 6.4
-0.17667 6.1
-0.17643 5.7
-0.17619 5.3
-0.17594 4.9
-0.1757 4.5
-0.17545 4.1
-0.17521 3.7
-0.17496 3.2
-0.17472 2.8
-0.17448 2.3
-0.17423 1.8
-0.17399 1.3
-0.17374 0.9
-0.1735 0.4
-0.17326 -0.1
-0.17301 -0.6
-0.17277 -1.1
-0.17252 -1.6
-0.17228 -2.1
-0.17204 -2.5
-0.17179 -3.0
-0.17155 -3.5
-0.1713 -3.9
-0.17106 -4.4
-0.17081 -4.8
-0.17057 -5.2
-0.17033 -5.6
-0.17008 -6.0
-0.16984 -6.3
-0.16959 -6.7
-0.16935 -7.0
-0.16911 -7.3
-0.16886 -7.6
-0.16862 -7.8
-0.16837 -8.0
-0.16813 -8.3
-0.16788 -8.4
-0.16764 -8.6
-0.1674 -8.7
-0.16715 -8.8
-0.16691 -8.9
-0.16666 -8.9
-0.16642 -8.9
-0.16618 -8.9
-0.16593 -8.9
-0.16569 -8.8
-0.16544 -8.7
-0.1652 -8.6
-0.16496 -8.5
-0.16471 -8.3
-0.16447 -8.1
-0.16422 -7.9
-0.16398 -7.6
-0.16373 -7.3
-0.16349 -7.0
-0.16325 -6.7
-0.163 -6.4
-0.16276 -6.0
-0.16251 -5.6
-0.16227 -5.2
-0.16203 -4.8
-0.16178 -4.3
-0.16154 -3.9
-0.16129 -3.4
-0.16105 -2.9
-0.1608 -2.5
-0.16056 -2.0
-0.16032 -1.5
-0.16007 -1.0
-0.15983 -0.4
-0.15958 0.0
-0.15934 0.6
-0.1591 1.1
-0.15885 1.6
-0.15861 2.1
-0.15836 2.6
-0.15812 3.1
-0.15788 3.6
-0.15763 4.0
-0.15739 4.5
-0.15714 4.9
-0.1569 5.4
-0.15665 5.8
-0.15641 6.2
-0.15617 6.5
-0.15592 6.9
-0.15568 7.2
-0.15543 7.5
-0.15519 7.8
-0.15495 8.1
-0.1547 8.3
-0.15446 8.5
-0.15421 8.7
-0.15397 8.8
-0.15372 8.9
-0.15348 9.0
-0.15324 9.1
-0.15299 9.1
-0.15275 9.1
-0.1525 9.1
-0.15226 9.0
-0.15202 8.9
-0.15177 8.8
-0.15153 8.7
-0.15128 8.5
-0.15104 8.3
-0.15079 8.0
-0.15055 7.8
-0.15031 7.5
-0.15006 7.1
-0.14982 6.8
-0.14957 6.4
-0.14933 6.1
-0.14909 5.6
-0.14884 5.2
-0.1486 4.8
-0.14835 4.3
-0.14811 3.8
-0.14787 3.3
-0.14762 2.8
-0.14738 2.3
-0.14713 1.8
-0.14689 1.3
-0.14664 0.7
-0.1464 0.2
-0.14616 -0.3
-0.14591 -0.9
-0.14567 -1.4
-0.14542 -1.9
-0.14518 -2.5
-0.14494 -3.0
-0.14469 -3.5
-0.14445 -4.0
-0.1442 -4.5
-0.14396 -5.0
-0.14371 -5.4
-0.14347 -5.8
-0.14323 -6.3
-0.14298 -6.6
-0.14274 -7.0
-0.14249 -7.4
-0.14225 -7.7
-0.14201 -8.0
-0.14176 -8.3
-0.14152 -8.5
-0.14127 -8.7
-0.14103 -8.9
-0.14079 -9.0
-0.14054 -9.1
-0.1403 -9.2
-0.14005 -9.3
-0.13981 -9.3
-0.13956 -9.3
-0.13932 -9.2
-0.13908 -9.2
-0.13883 -9.1
-0.13859 -8.9
-0.13834 -8.7
-0.1381 -8.5
-0.13786 -8.3
-0.13761 -8.0
-0.13737 -7.7
-0.13712 -7.4
-0.13688 -7.1
-0.13663 -6.7
-0.13639 -6.3
-0.13615 -5.9
-0.1359 -5.4
-0.13566 -4.9
-0.13541 -4.5
-0.13517 -4.0
-0.13493 -3.4
-0.13468 -2.9
-0.13444 -2.4
-0.13419 -1.8
-0.13395 -1.3
-0.13371 -0.7
-0.13346 -0.1
-0.13322 0.4
-0.13297 1.0
-0.13273 1.6
-0.13248 2.1
-0.13224 2.7
-0.132 3.2
-0.13175 3.8
-0.13151 4.3
-0.13126 4.8
-0.13102 5.3
-0.13078 5.7
-0.13053 6.2
-0.13029 6.6
-0.13004 7.0
-0.1298 7.4
-0.12955 7.7
-0.12931 8.1
-0.12907 8.4
-0.12882 8.6
-0.12858 8.8
-0.12833 9.0
-0.12809 9.2
-0.12785 9.3
-0.1276 9.4
-0.12736 9.5
-0.12711 9.5
-0.12687 9.5
-0.12663 9.4
-0.12638 9.4
-0.12614 9.2
-0.12589 9.1
-0.12565 8.9
-0.1254 8.7
-0.12516 8.4
-0.12492 8.1
-0.12467 7.8
-0.12443 7.5
-0.12418 7.1
-0.12394 6.7
-0.1237 6.2
-0.12345 5.8
-0.12321 5.3
-0.12296 4.8
-0.12272 4.3
-0.12247 3.7
-0.12223 3.2
-0.12199 2.6
-0.12174 2.0
-0.1215 1.4
-0.12125 0.9
-0.12101 0.3
-0.12077 -0.3
-0.12052 -0.9
-0.12028 -1.5
-0.12003 -2.1
-0.11979 -2.7
-0.11954 -3.3
-0.1193 -3.9
-0.11906 -4.4
-0.11881 -4.9
-0.11857 -5.4
-0.11832 -5.9
-0.11808 -6.4
-0.11784 -6.9
-0.11759 -7.3
-0.11735 -7.7
-0.1171 -8.0
-0.11686 -8.4
-0.11662 -8.7
-0.11637 -8.9
-0.11613 -9.1
-0.11588 -9.3
-0.11564 -9.5
-0.11539 -9.6
-0.11515 -9.7
-0.11491 -9.7
-0.11466 -9.7
-0.11442 -9.7
-0.11417 -9.6
-0.11393 -9.5
-0.11369 -9.3
-0.11344 -9.1
-0.1132 -8.9
-0.11295 -8.6
-0.11271 -8.3
-0.11246 -8.0
-0.11222 -7.6
-0.11198 -7.2
-0.11173 -6.8
-0.11149 -6.3
-0.11124 -5.8
-0.111 -5.3
-0.11076 -4.8
-0.11051 -4.2
-0.11027 -3.6
-0.11002 -3.0
-0.10978 -2.4
-0.10954 -1.8
-0.10929 -1.2
-0.10905 -0.6
-0.1088 0.0
-0.10856 0.7
-0.10831 1.3
-0.10807 2.0
-0.10783 2.6
-0.10758 3.2
-0.10734 3.8
-0.10709 4.4
-0.10685 5.0
-0.10661 5.5
-0.10636 6.0
-0.10612 6.5
-0.10587 7.0
-0.10563 7.5
-0.10538 7.9
-0.10514 8.3
-0.1049 8.6
-0.10465 8.9
-0.10441 9.2
-0.10416 9.4
-0.10392 9.6
-0.10368 9.8
-0.10343 9.9
-0.10319 9.9
-0.10294 10.0
-0.1027 10.0
-0.10246 9.9
-0.10221 9.8
-0.10197 9.6
-0.10172 9.4
-0.10148 9.2
-0.10123 8.9
-0.10099 8.6
-0.10075 8.3
-0.1005 7.9
-0.10026 7.5
-0.10001 7.0
-0.09977 6.5
-0.09953 6.0
-0.09928 5.4
-0.09904 4.9
-0.09879 4.3
-0.09855 3.7
-0.0983 3.0
-0.09806 2.4
-0.09782 1.7
-0.09757 1.1
-0.09733 0.4
-0.09708 -0.3
-0.09684 -1.0
-0.0966 -1.7
-0.09635 -2.3
-0.09611 -3.0
-0.09586 -3.6
-0.09562 -4.3
-0.09538 -4.9
-0.09513 -5.5
-0.09489 -6.0
-0.09464 -6.6
-0.0944 -7.1
-0.09415 -7.6
-0.09391 -8.0
-0.09367 -8.4
-0.09342 -8.8
-0.09318 -9.1
-0.09293 -9.4
-0.09269 -9.7
-0.09245 -9.9
-0.0922 -10.0
-0.09196 -10.2
-0.09171 -10.2
-0.09147 -10.2
-0.09122 -10.2
-0.09098 -10.1
-0.09074 -10.0
-0.09049 -9.8
-0.09025 -9.6
-0.09 -9.3
-0.08976 -9.0
-0.08952 -8.7
-0.08927 -8.3
-0.08903 -7.8
-0.08878 -7.3
-0.08854 -6.8
-0.08829 -6.3
-0.08805 -5.7
-0.08781 -5.1
-0.08756 -4.4
-0.08732 -3.8
-0.08707 -3.1
-0.08683 -2.4
-0.08659 -1.7
-0.08634 -1.0
-0.0861 -0.3
-0.08585 0.5
-0.08561 1.2
-0.08537 1.9
-0.08512 2.6
-0.08488 3.3
-0.08463 4.0
-0.08439 4.7
-0.08414 5.3
-0.0839 6.0
-0.08366 6.6
-0.08341 7.1
-0.08317 7.7
-0.08292 8.1
-0.08268 8.6
-0.08244 9.0
-0.08219 9.4
-0.08195 9.7
-0.0817 10.0
-0.08146 10.2
-0.08121 10.4
-0.08097 10.5
-0.08073 10.5
-0.08048 10.5
-0.08024 10.5
-0.07999 10.4
-0.07975 10.2
-0.07951 10.0
-0.07926 9.8
-0.07902 9.5
-0.07877 9.1
-0.07853 8.7
-0.07829 8.2
-0.07804 7.7
-0.0778 7.2
-0.07755 6.6
-0.07731 6.0
-0.07706 5.3
-0.07682 4.7
-0.07658 4.0
-0.07633 3.2
-0.07609 2.5
-0.07584 1.7
-0.0756 0.9
-0.07536 0.2
-0.07511 -0.6
-0.07487 -1.4
-0.07462 -2.2
-0.07438 -3.0
-0.07413 -3.7
-0.07389 -4.5
-0.07365 -5.2
-0.0734 -5.9
-0.07316 -6.5
-0.07291 -7.1
-0.07267 -7.7
-0.07243 -8.3
-0.07218 -8.8
-0.07194 -9.2
-0.07169 -9.6
-0.07145 -10.0
-0.07121 -10.3
-0.07096 -10.5
-0.07072 -10.7
-0.07047 -10.8
-0.07023 -10.9
-0.06998 -10.9
-0.06974 -10.8
-0.0695 -10.7
-0.06925 -10.5
-0.06901 -10.3
-0.06876 -10.0
-0.06852 -9.6
-0.06828 -9.2
-0.06803 -8.7
-0.06779 -8.2
-0.06754 -7.6
-0.0673 -7.0
-0.06705 -6.3
-0.06681 -5.6
-0.06657 -4.9
-0.06632 -4.1
-0.06608 -3.3
-0.06583 -2.5
-0.06559 -1.7
-0.06535 -0.9
-0.0651 0.0
-0.06486 0.9
-0.06461 1.7
-0.06437 2.6
-0.06413 3.4
-0.06388 4.2
-0.06364 5.0
-0.06339 5.8
-0.06315 6.5
-0.0629 7.2
-0.06266 7.8
-0.06242 8.4
-0.06217 9.0
-0.06193 9.5
-0.06168 9.9
-0.06144 10.3
-0.0612 10.7
-0.06095 10.9
-0.06071 11.1
-0.06046 11.2
-0.06022 11.3
-0.05997 11.3
-0.05973 11.2
-0.05949 11.0
-0.05924 10.8
-0.059 10.5
-0.05875 10.1
-0.05851 9.7
-0.05827 9.2
-0.05802 8.6
-0.05778 8.0
-0.05753 7.3
-0.05729 6.6
-0.05704 5.9
-0.0568 5.1
-0.05656 4.2
-0.05631 3.3
-0.05607 2.4
-0.05582 1.5
-0.05558 0.6
-0.05534 -0.3
-0.05509 -1.3
-0.05485 -2.2
-0.0546 -3.1
-0.05436 -4.0
-0.05412 -4.9
-0.05387 -5.8
-0.05363 -6.6
-0.05338 -7.3
-0.05314 -8.1
-0.05289 -8.7
-0.05265 -9.4
-0.05241 -9.9
-0.05216 -10.4
-0.05192 -10.8
-0.05167 -11.2
-0.05143 -11.4
-0.05119 -11.6
-0.05094 -11.7
-0.0507 -11.7
-0.05045 -11.7
-0.05021 -11.5
-0.04996 -11.3
-0.04972 -11.0
-0.04948 -10.6
-0.04923 -10.1
-0.04899 -9.6
-0.04874 -9.0
-0.0485 -8.3
-0.04826 -7.6
-0.04801 -6.8
-0.04777 -5.9
-0.04752 -5.0
-0.04728 -4.1
-0.04704 -3.1
-0.04679 -2.1
-0.04655 -1.0
-0.0463 0.0
-0.04606 1.0
-0.04581 2.1
-0.04557 3.1
-0.04533 4.1
-0.04508 5.1
-0.04484 6.0
-0.04459 6.9
-0.04435 7.8
-0.04411 8.6
-0.04386 9.3
-0.04362 10.0
-0.04337 10.6
-0.04313 11.1
-0.04288 11.5
-0.04264 11.8
-0.0424 12.1
-0.04215 12.2
-0.04191 12.3
-0.04166 12.2
-0.04142 12.1
-0.04118 11.8
-0.04093 11.5
-0.04069 11.0
-0.04044 10.5
-0.0402 9.8
-0.03996 9.1
-0.03971 8.3
-0.03947 7.5
-0.03922 6.5
-0.03898 5.5
-0.03873 4.5
-0.03849 3.4
-0.03825 2.3
-0.038 1.1
-0.03776 0.0
-0.03751 -1.2
-0.03727 -2.4
-0.03703 -3.6
-0.03678 -4.7
-0.03654 -5.8
-0.03629 -6.8
-0.03605 -7.8
-0.0358 -8.8
-0.03556 -9.6
-0.03532 -10.4
-0.03507 -11.1
-0.03483 -11.7
-0.03458 -12.1
-0.03434 -12.5
-0.0341 -12.8
-0.03385 -12.9
-0.03361 -12.9
-0.03336 -12.8
-0.03312 -12.6
-0.03288 -12.2
-0.03263 -11.8
-0.03239 -11.2
-0.03214 -10.5
-0.0319 -9.7
-0.03165 -8.8
-0.03141 -7.8
-0.03117 -6.7
-0.03092 -5.5
-0.03068 -4.3
-0.03043 -3.0
-0.03019 -1.7
-0.02995 -0.4
-0.0297 1.0
-0.02946 2.3
-0.02921 3.7
-0.02897 5.0
-0.02872 6.2
-0.02848 7.4
-0.02824 8.6
-0.02799 9.6
-0.02775 10.6
-0.0275 11.4
-0.02726 12.2
-0.02702 12.8
-0.02677 13.2
-0.02653 13.5
-0.02628 13.7
-0.02604 13.7
-0.02579 13.6
-0.02555 13.3
-0.02531 12.8
-0.02506 12.2
-0.02482 11.5
-0.02457 10.6
-0.02433 9.5
-0.02409 8.4
-0.02384 7.1
-0.0236 5.8
-0.02335 4.3
-0.02311 2.8
-0.02287 1.2
-0.02262 -0.3
-0.02238 -1.9
-0.02213 -3.5
-0.02189 -5.1
-0.02164 -6.6
-0.0214 -8.0
-0.02116 -9.4
-0.02091 -10.6
-0.02067 -11.7
-0.02042 -12.7
-0.02018 -13.5
-0.01994 -14.1
-0.01969 -14.5
-0.01945 -14.7
-0.0192 -14.8
-0.01896 -14.6
-0.01871 -14.2
-0.01847 -13.6
-0.01823 -12.7
-0.01798 -11.7
-0.01774 -10.5
-0.01749 -9.1
-0.01725 -7.6
-0.01701 -5.9
-0.01676 -4.2
-0.01652 -2.3
-0.01627 -0.4
-0.01603 1.6
-0.01579 3.6
-0.01554 5.5
-0.0153 7.3
-0.01505 9.1
-0.01481 10.7
-0.01456 12.2
-0.01432 13.5
-0.01408 14.5
-0.01383 15.3
-0.01359 15.9
-0.01334 16.1
-0.0131 16.1
-0.01286 15.7
-0.01261 15.1
-0.01237 14.1
-0.01212 12.9
-0.01188 11.3
-0.01163 9.5
-0.01139 7.5
-0.01115 5.3
-0.0109 3.0
-0.01066 0.5
-0.01041 -2.0
-0.01017 -4.6
-0.00993 -7.1
-0.00968 -9.4
-0.00944 -11.6
-0.00919 -13.5
-0.00895 -15.2
-0.00871 -16.5
-0.00846 -17.4
-0.00822 -17.9
-0.00797 -18.0
-0.00773 -17.5
-0.00748 -16.5
-0.00724 -15.1
-0.007 -13.2
-0.00675 -10.8
-0.00651 -8.1
-0.00626 -5.0
-0.00602 -1.7
-0.00578 1.8
-0.00553 5.3
-0.00529 8.7
-0.00504 11.9
-0.0048 14.8
-0.00455 17.2
-0.00431 19.1
-0.00407 20.2
-0.00382 20.5
-0.00358 20.0
-0.00333 18.5
-0.00309 16.1
-0.00285 12.9
-0.0026 8.9
-0.00236 4.3
-0.00211 -0.8
-0.00187 -6.0
-0.00163 -11.1
-0.00138 -15.8
-0.00114 -19.6
-0.00089 -22.2
-0.00065 -23.2
-0.0004 -22.4
-0.00016 -19.6
8e-05 -14.7
0.00033 -8.3
0.00057 -0.7
0.00082 7.0
0.00106 14.0
0.0013 19.1
0.00155 21.6
0.00179 20.9
0.00204 17.2
0.00228 11.0
0.00253 3.5
0.00277 -4.2
0.00301 -10.6
0.00326 -14.6
0.0035 -15.8
0.00375 -14.0
0.00399 -9.9
0.00423 -4.4
0.00448 1.3
0.00472 6.0
0.00497 9.1
0.00521 10.0
0.00546 8.8
0.0057 6.1
0.00594 2.5
0.00619 -1.1
0.00643 -4.0
0.00668 -5.7
0.00692 -5.9
0.00716 -5.0
0.00741 -3.1
0.00765 -0.9
0.0079 1.3
0.00814 2.8
0.00838 3.5
0.00863 3.4
0.00887 2.6
0.00912 1.4
0.00936 0.0
0.00961 -1.2
0.00985 -1.9
0.01009 -2.2
0.01034 -1.9
0.01058 -1.3
0.01083 -0.5
0.01107 0.3
0.01131 0.9
0.01156 1.3
0.0118 1.3
0.01205 1.0
0.01229 0.6
0.01254 0.0
0.01278 -0.4
0.01302 -0.7
0.01327 -0.8
0.01351 -0.7
0.01376 -0.5
0.014 -0.2
0.01424 0.0
0.01449 0.3
0.01473 0.5
0.01498 0.5
0.01522 0.4
0.01546 0.2
0.01571 0.0
0.01595 -0.1
0.0162 -0.2
0.01644 -0.3
0.01669 -0.3
0.01693 -0.2
0.01717 -0.1
0.01742 0.0
0.01766 0.1
0.01791 0.2
0.01815 0.2
0.01839 0.2
0.01864 0.1
0.01888 0.0
0.01913 0.0
0.01937 0.0
0.01962 -0.1
0.01986 -0.1
0.0201 0.0
0.02035 0.0
0.02059 0.0
0.02084 0.0
0.02108 0.0
0.02132 0.0
0.02157 0.0
0.02181 0.0
0.02206 0.0
0.0223 0.0
0.02254 0.0
0.02279 0.0
0.02303 0.0
0.02328 0.0
0.02352 0.0
0.02377 0.0
0.02401 0.0
0.02425 0.0
0.0245 0.0
0.02474 0.0
0.02499 0.0
0.02523 0.0
0.02547 0.0
0.02572 0.0
0.02596 0.0
0.02621 0.0
0.02645 0.0
0.0267 0.0
0.02694 0.0
0.02718 0.0
0.02743 0.0
0.02767 0.0
0.02792 0.0
0.02816 0.0
0.0284 0.0
0.02865 0.0
0.02889 0.0
0.02914 0.0
0.02938 0.0
0.02962 0.0
0.02987 0.0
0.03011 0.0
0.03036 0.0
0.0306 0.0
0.03085 0.0
0.03109 0.0
0.03133 0.0
0.03158 0.0
0.03182 0.0
0.03207 0.0
0.03231 0.0
0.03255 0.0
0.0328 0.0
0.03304 0.0
0.03329 0.0
0.03353 0.0
0.03378 0.0
0.03402 0.0
0.03426 0.0
0.03451 0.0
0.03475 0.0
0.035 0.0
0.03524 0.0
0.03548 0.0
0.03573 0.0
0.03597 0.0
0.03622 0.0
0.03646 0.0
0.03671 0.0
0.03695 0.0
0.03719 0.0
0.03744 0.0
0.03768 0.0
0.03793 0.0
0.03817 0.0
0.03841 0.0
0.03866 0.0
0.0389 0.0
0.03915 0.0
0.03939 0.0
0.03963 0.0
0.03988 0.0
0.04012 0.0
0.04037 0.0
0.04061 0.0
0.04086 0.0
0.0411 0.0
0.04134 0.0
0.04159 0.0
0.04183 0.0
0.04208 0.0
0.04232 0.0
0.04256 0.0
0.04281 0.0
0.04305 0.0
0.0433 0.0
0.04354 0.0
0.04379 0.0
0.04403 0.0
0.04427 0.0
0.04452 0.0
0.04476 0.0
0.04501 0.0
0.04525 0.0
0.04549 0.0
0.04574 0.0
0.04598 0.0
0.04623 0.0
0.04647 0.0
0.04671 0.0
0.04696 0.0
0.0472 0.0
0.04745 0.0
0.04769 0.0
0.04794 0.0
0.04818 0.0
0.04842 0.0
0.04867 0.0
0.04891 0.0
0.04916 0.0
0.0494 0.0
0.04964 0.0
0.04989 0.0
0.05013 0.0
0.05038 0.0
0.05062 0.0
0.05087 0.0
0.05111 0.0
0.05135 0.0
0.0516 0.0
0.05184 0.0
0.05209 0.0
0.05233 0.0
0.05257 0.0
0.05282 0.0
0.05306 0.0
0.05331 0.0
0.05355 0.0
0.05379 0.0
0.05404 0.0
0.05428 0.0
0.05453 0.0
0.05477 0.0
0.05502 0.0
0.05526 0.0
0.0555 0.0
0.05575 0.0
0.05599 0.0
0.05624 0.0
0.05648 0.0
0.05672 0.0
0.05697 0.0
0.05721 0.0
0.05746 0.0
0.0577 0.0
0.05795 0.0
0.05819 0.0
0.05843 0.0
0.05868 0.0
0.05892 0.0
0.05917 0.0
0.05941 0.0
0.05965 0.0
0.0599 0.0
0.06014 0.0
0.06039 0.0
0.06063 0.0
0.06087 0.0
0.06112 0.0
0.06136 0.0
0.06161 0.0
0.06185 0.0
0.0621 0.0
0.06234 0.0
0.06258 0.0
0.06283 0.0
0.06307 0.0
0.06332 0.0
0.06356 0.0
0.0638 0.0
0.06405 0.0
0.06429 0.0
0.06454 0.0
0.06478 0.0
0.06503 0.0
0.06527 0.0
0.06551 0.0
0.06576 0.0
0.066 0.0
0.06625 0.0
0.06649 0.0
0.06673 0.0
0.06698 0.0
0.06722 0.0
0.06747 0.0
0.06771 0.0
0.06796 0.0
0.0682 0.0
0.06844 0.0
0.06869 0.0
0.06893 0.0
0.06918 0.0
0.06942 0.0
0.06966 0.0
0.06991 0.0
0.07015 0.0
0.0704 0.0
0.07064 0.0
0.07088 0.0
0.07113 0.0
0.07137 0.0
0.07162 0.0
0.07186 0.0
0.07211 0.0
0.07235 0.0
0.07259 0.0
0.07284 0.0
0.07308 0.0
0.07333 0.0
0.07357 0.0
0.07381 0.0
0.07406 0.0
0.0743 0.0
0.07455 0.0
0.07479 0.0
0.07504 0.0
0.07528 0.0
0.07552 0.0
0.07577 0.0
0.07601 0.0
0.07626 0.0
0.0765 0.0
0.07674 0.0
0.07699 0.0
0.07723 0.0
0.07748 0.0
0.07772 0.0
0.07796 0.0
0.07821 0.0
0.07845 0.0
0.0787 0.0
0.07894 0.0
0.07919 0.0
0.07943 0.0
0.07967 0.0
0.07992 0.0
0.08016 0.0
0.08041 0.0
0.08065 0.0
0.08089 0.0
0.08114 0.0
0.08138 0.0
0.08163 0.0
0.08187 0.0
0.08212 0.0
0.08236 0.0
0.0826 0.0
0.08285 0.0
0.08309 0.0
0.08334 0.0
0.08358 0.0
0.08382 0.0
0.08407 0.0
0.08431 0.0
0.08456 0.0
0.0848 0.0
0.08504 0.0
0.08529 0.0
0.08553 0.0
0.08578 0.0
0.08602 0.0
0.08627 0.0
0.08651 0.0
0.08675 0.0
0.087 0.0
0.08724 0.0
0.08749 0.0
0.08773 0.0
0.08797 0.0
0.08822 0.0
0.08846 0.0
0.08871 0.0
0.08895 0.0
0.0892 0.0
0.08944 0.0
0.08968 0.0
0.08993 0.0
0.09017 0.0
0.09042 0.0
0.09066 0.0
0.0909 0.0
0.09115 0.0
0.09139 0.0
0.09164 0.0
0.09188 0.0
0.09212 0.0
0.09237 0.0
0.09261 0.0
0.09286 0.0
0.0931 0.0
0.09335 0.0
0.09359 0.0
0.09383 0.0
0.09408 0.0
0.09432 0.0
0.09457 0.0
0.09481 0.0
0.09505 0.0
0.0953 0.0
0.09554 0.0
0.09579 0.0
0.09603 0.0
0.09628 0.0
0.09652 0.0
0.09676 0.0
0.09701 0.0
0.09725 0.0
0.0975 0.0
0.09774 0.0
0.09798 0.0
0.09823 0.0
0.09847 0.0
0.09872 0.0
0.09896 0.0
0.09921 0.0
0.09945 0.0
0.09969 0.0
0.09994 0.0
0.10018 0.0
0.10043 0.0
0.10067 0.0
0.10091 0.0
0.10116 0.0
0.1014 0.0
0.10165 0.0
0.10189 0.0
0.10213 0.0
0.10238 0.0
0.10262 0.0
0.10287 0.0
0.10311 0.0
0.10336 0.0
0.1036 0.0
0.10384 0.0
0.10409 0.0
0.10433 0.0
0.10458 0.0
0.10482 0.0
0.10506 0.0
0.10531 0.0
0.10555 0.0
0.1058 0.0
0.10604 0.0
0.10629 0.0
0.10653 0.0
0.10677 0.0
0.10702 0.0
0.10726 0.0
0.10751 0.0
0.10775 0.0
0.10799 0.0
0.10824 0.0
0.10848 0.0
0.10873 0.0
0.10897 0.0
0.10921 0.0
0.10946 0.0
0.1097 0.0
0.10995 0.0
0.11019 0.0
0.11044 0.0
0.11068 0.0
0.11092 0.0
0.11117 0.0
0.11141 0.0
0.11166 0.0
0.1119 0.0
0.11214 0.0
0.11239 0.0
0.11263 0.0
0.11288 0.0
0.11312 0.0
0.11337 0.0
0.11361 0.0
0.11385 0.0
0.1141 0.0
0.11434 0.0
0.11459 0.0
0.11483 0.0
0.11507 0.0
0.11532 0.0
0.11556 0.0
0.11581 0.0
0.11605 0.0
0.11629 0.0
0.11654 0.0
0.11678 0.0
0.11703 0.0
0.11727 0.0
0.11752 0.0
0.11776 0.0
0.118 0.0
0.11825 0.0
0.11849 0.0
0.11874 0.0
0.11898 0.0
0.11922 0.0
0.11947 0.0
0.11971 0.0
0.11996 0.0
0.1202 0.0
0.12045 0.0
0.12069 0.0
0.12093 0.0
0.12118 0.0
0.12142 0.0
0.12167 0.0
0.12191 0.0
0.12215 0.0
0.1224 0.0
0.12264 0.0
0.12289 0.0
0.12313 0.0
0.12337 0.0
0.12362 0.0
0.12386 0.0
0.12411 0.0
0.12435 0.0
0.1246 0.0
0.12484 0.0
0.12508 0.0
0.12533 0.0
0.12557 0.0
0.12582 0.0
0.12606 0.0
0.1263 0.0
0.12655 0.0
0.12679 0.0
0.12704 0.0
0.12728 0.0
0.12753 0.0
0.12777 0.0
0.12801 0.0
0.12826 0.0
0.1285 0.0
0.12875 0.0
0.12899 0.0
0.12923 0.0
0.12948 0.0
0.12972 0.0
0.12997 0.0
0.13021 0.0
0.13046 0.0
