t strain*1e23
-0.59104 -6.3
-0.5908 -6.2
-0.59055 -6.2
-0.59031 -6.1
-0.59007 -6.0
-0.58982 -5.9
-0.58958 -5.8
-0.58933 -5.7
-0.58909 -5.6
-0.58884 -5.4
-0.5886 -5.3
-0.58836 -5.2
-0.58811 -5.0
-0.58787 -4.9
-0.58762 -4.7
-0.58738 -4.5
-0.58714 -4.3
-0.58689 -4.1
-0.58665 -3.9
-0.5864 -3.7
-0.58616 -3.5
-0.58591 -3.3
-0.58567 -3.1
-0.58543 -2.9
-0.58518 -2.7
-0.58494 -2.4
-0.58469 -2.2
-0.58445 -2.0
-0.58421 -1.7
-0.58396 -1.5
-0.58372 -1.2
-0.58347 -1.0
-0.58323 -0.7
-0.58298 -0.5
-0.58274 -0.3
-0.5825 0.0
-0.58225 0.2
-0.58201 0.5
-0.58176 0.7
-0.58152 1.0
-0.58128 1.2
-0.58103 1.5
-0.58079 1.7
-0.58054 2.0
-0.5803 2.2
-0.58006 2.4
-0.57981 2.7
-0.57957 2.9
-0.57932 3.1
-0.57908 3.3
-0.57883 3.6
-0.57859 3.8
-0.57835 4.0
-0.5781 4.2
-0.57786 4.4
-0.57761 4.5
-0.57737 4.7
-0.57713 4.9
-0.57688 5.0
-0.57664 5.2
-0.57639 5.3
-0.57615 5.5
-0.5759 5.6
-0.57566 5.7
-0.57542 5.9
-0.57517 6.0
-0.57493 6.1
-0.57468 6.1
-0.57444 6.2
-0.5742 6.3
-0.57395 6.4
-0.57371 6.4
-0.57346 6.4
-0.57322 6.5
-0.57298 6.5
-0.57273 6.5
-0.57249 6.5
-0.57224 6.5
-0.572 6.5
-0.57175 6.5
-0.57151 6.4
-0.57127 6.4
-0.57102 6.3
-0.57078 6.3
-0.57053 6.2
-0.57029 6.1
-0.57005 6.0
-0.5698 5.9
-0.56956 5.8
-0.56931 5.7
-0.56907 5.5
-0.56882 5.4
-0.56858 5.2
-0.56834 5.1
-0.56809 4.9
-0.56785 4.8
-0.5676 4.6
-0.56736 4.4
-0.56712 4.2
-0.56687 4.0
-0.56663 3.8
-0.56638 3.6
-0.56614 3.4
-0.5659 3.2
-0.56565 2.9
-0.56541 2.7
-0.56516 2.5
-0.56492 2.2
-0.56467 2.0
-0.56443 1.8
-0.56419 1.5
-0.56394 1.3
-0.5637 1.0
-0.56345 0.8
-0.56321 0.5
-0.56297 0.3
-0.56272 0.0
-0.56248 -0.3
-0.56223 -0.5
-0.56199 -0.8
-0.56174 -1.0
-0.5615 -1.3
-0.56126 -1.5
-0.56101 -1.8
-0.56077 -2.0
-0.56052 -2.3
-0.56028 -2.5
-0.56004 -2.7
-0.55979 -3.0
-0.55955 -3.2
-0.5593 -3.4
-0.55906 -3.6
-0.55882 -3.8
-0.55857 -4.0
-0.55833 -4.2
-0.55808 -4.4
-0.55784 -4.6
-0.55759 -4.8
-0.55735 -5.0
-0.55711 -5.1
-0.55686 -5.3
-0.55662 -5.4
-0.55637 -5.6
-0.55613 -5.7
-0.55589 -5.8
-0.55564 -5.9
-0.5554 -6.0
-0.55515 -6.1
-0.55491 -6.2
-0.55466 -6.3
-0.55442 -6.4
-0.55418 -6.4
-0.55393 -6.5
-0.55369 -6.5
-0.55344 -6.5
-0.5532 -6.6
-0.55296 -6.6
-0.55271 -6.6
-0.55247 -6.5
-0.55222 -6.5
-0.55198 -6.5
-0.55173 -6.4
-0.55149 -6.4
-0.55125 -6.3
-0.551 -6.3
-0.55076 -6.2
-0.55051 -6.1
-0.55027 -6.0
-0.55003 -5.9
-0.54978 -5.8
-0.54954 -5.6
-0.54929 -5.5
-0.54905 -5.3
-0.54881 -5.2
-0.54856 -5.0
-0.54832 -4.9
-0.54807 -4.7
-0.54783 -4.5
-0.54758 -4.3
-0.54734 -4.1
-0.5471 -3.9
-0.54685 -3.7
-0.54661 -3.5
-0.54636 -3.2
-0.54612 -3.0
-0.54588 -2.8
-0.54563 -2.5
-0.54539 -2.3
-0.54514 -2.1
-0.5449 -1.8
-0.54465 -1.6
-0.54441 -1.3
-0.54417 -1.0
-0.54392 -0.8
-0.54368 -0.5
-0.54343 -0.3
-0.54319 0.0
-0.54295 0.2
-0.5427 0.5
-0.54246 0.8
-0.54221 1.0
-0.54197 1.3
-0.54173 1.5
-0.54148 1.8
-0.54124 2.0
-0.54099 2.3
-0.54075 2.5
-0.5405 2.8
-0.54026 3.0
-0.54002 3.2
-0.53977 3.5
-0.53953 3.7
-0.53928 3.9
-0.53904 4.1
-0.5388 4.3
-0.53855 4.5
-0.53831 4.7
-0.53806 4.9
-0.53782 5.0
-0.53757 5.2
-0.53733 5.4
-0.53709 5.5
-0.53684 5.7
-0.5366 5.8
-0.53635 5.9
-0.53611 6.0
-0.53587 6.1
-0.53562 6.2
-0.53538 6.3
-0.53513 6.4
-0.53489 6.4
-0.53465 6.5
-0.5344 6.5
-0.53416 6.6
-0.53391 6.6
-0.53367 6.6
-0.53342 6.6
-0.53318 6.6
-0.53294 6.6
-0.53269 6.6
-0.53245 6.5
-0.5322 6.5
-0.53196 6.4
-0.53172 6.3
-0.53147 6.3
-0.53123 6.2
-0.53098 6.1
-0.53074 6.0
-0.53049 5.8
-0.53025 5.7
-0.53001 5.6
-0.52976 5.4
-0.52952 5.3
-0.52927 5.1
-0.52903 5.0
-0.52879 4.8
-0.52854 4.6
-0.5283 4.4
-0.52805 4.2
-0.52781 4.0
-0.52757 3.8
-0.52732 3.5
-0.52708 3.3
-0.52683 3.1
-0.52659 2.9
-0.52634 2.6
-0.5261 2.4
-0.52586 2.1
-0.52561 1.9
-0.52537 1.6
-0.52512 1.4
-0.52488 1.1
-0.52464 0.8
-0.52439 0.6
-0.52415 0.3
-0.5239 0.0
-0.52366 -0.2
-0.52341 -0.5
-0.52317 -0.8
-0.52293 -1.0
-0.52268 -1.3
-0.52244 -1.5
-0.52219 -1.8
-0.52195 -2.1
-0.52171 -2.3
-0.52146 -2.6
-0.52122 -2.8
-0.52097 -3.0
-0.52073 -3.3
-0.52048 -3.5
-0.52024 -3.7
-0.52 -3.9
-0.51975 -4.2
-0.51951 -4.4
-0.51926 -4.6
-0.51902 -4.8
-0.51878 -4.9
-0.51853 -5.1
-0.51829 -5.3
-0.51804 -5.4
-0.5178 -5.6
-0.51756 -5.7
-0.51731 -5.9
-0.51707 -6.0
-0.51682 -6.1
-0.51658 -6.2
-0.51633 -6.3
-0.51609 -6.4
-0.51585 -6.5
-0.5156 -6.5
-0.51536 -6.6
-0.51511 -6.6
-0.51487 -6.6
-0.51463 -6.7
-0.51438 -6.7
-0.51414 -6.7
-0.51389 -6.7
-0.51365 -6.6
-0.5134 -6.6
-0.51316 -6.6
-0.51292 -6.5
-0.51267 -6.4
-0.51243 -6.4
-0.51218 -6.3
-0.51194 -6.2
-0.5117 -6.1
-0.51145 -6.0
-0.51121 -5.8
-0.51096 -5.7
-0.51072 -5.5
-0.51048 -5.4
-0.51023 -5.2
-0.50999 -5.1
-0.50974 -4.9
-0.5095 -4.7
-0.50925 -4.5
-0.50901 -4.3
-0.50877 -4.1
-0.50852 -3.9
-0.50828 -3.6
-0.50803 -3.4
-0.50779 -3.2
-0.50755 -2.9
-0.5073 -2.7
-0.50706 -2.4
-0.50681 -2.2
-0.50657 -1.9
-0.50632 -1.7
-0.50608 -1.4
-0.50584 -1.1
-0.50559 -0.9
-0.50535 -0.6
-0.5051 -0.3
-0.50486 0.0
-0.50462 0.2
-0.50437 0.5
-0.50413 0.8
-0.50388 1.0
-0.50364 1.3
-0.5034 1.6
-0.50315 1.8
-0.50291 2.1
-0.50266 2.3
-0.50242 2.6
-0.50217 2.8
-0.50193 3.1
-0.50169 3.3
-0.50144 3.6
-0.5012 3.8
-0.50095 4.0
-0.50071 4.2
-0.50047 4.4
-0.50022 4.6
-0.49998 4.8
-0.49973 5.0
-0.49949 5.2
-0.49924 5.4
-0.499 5.5
-0.49876 5.7
-0.49851 5.8
-0.49827 5.9
-0.49802 6.1
-0.49778 6.2
-0.49754 6.3
-0.49729 6.4
-0.49705 6.5
-0.4968 6.5
-0.49656 6.6
-0.49632 6.6
-0.49607 6.7
-0.49583 6.7
-0.49558 6.7
-0.49534 6.7
-0.49509 6.7
-0.49485 6.7
-0.49461 6.7
-0.49436 6.6
-0.49412 6.6
-0.49387 6.5
-0.49363 6.5
-0.49339 6.4
-0.49314 6.3
-0.4929 6.2
-0.49265 6.1
-0.49241 5.9
-0.49216 5.8
-0.49192 5.6
-0.49168 5.5
-0.49143 5.3
-0.49119 5.2
-0.49094 5.0
-0.4907 4.8
-0.49046 4.6
-0.49021 4.4
-0.48997 4.2
-0.48972 4.0
-0.48948 3.7
-0.48923 3.5
-0.48899 3.3
-0.48875 3.0
-0.4885 2.8
-0.48826 2.5
-0.48801 2.2
-0.48777 2.0
-0.48753 1.7
-0.48728 1.5
-0.48704 1.2
-0.48679 0.9
-0.48655 0.6
-0.48631 0.4
-0.48606 0.0
-0.48582 -0.2
-0.48557 -0.5
-0.48533 -0.8
-0.48508 -1.0
-0.48484 -1.3
-0.4846 -1.6
-0.48435 -1.8
-0.48411 -2.1
-0.48386 -2.4
-0.48362 -2.6
-0.48338 -2.9
-0.48313 -3.1
-0.48289 -3.4
-0.48264 -3.6
-0.4824 -3.8
-0.48215 -4.1
-0.48191 -4.3
-0.48167 -4.5
-0.48142 -4.7
-0.48118 -4.9
-0.48093 -5.1
-0.48069 -5.3
-0.48045 -5.4
-0.4802 -5.6
-0.47996 -5.8
-0.47971 -5.9
-0.47947 -6.0
-0.47923 -6.2
-0.47898 -6.3
-0.47874 -6.4
-0.47849 -6.5
-0.47825 -6.5
-0.478 -6.6
-0.47776 -6.7
-0.47752 -6.7
-0.47727 -6.7
-0.47703 -6.8
-0.47678 -6.8
-0.47654 -6.8
-0.4763 -6.8
-0.47605 -6.7
-0.47581 -6.7
-0.47556 -6.7
-0.47532 -6.6
-0.47507 -6.5
-0.47483 -6.5
-0.47459 -6.4
-0.47434 -6.3
-0.4741 -6.2
-0.47385 -6.0
-0.47361 -5.9
-0.47337 -5.8
-0.47312 -5.6
-0.47288 -5.4
-0.47263 -5.3
-0.47239 -5.1
-0.47215 -4.9
-0.4719 -4.7
-0.47166 -4.5
-0.47141 -4.3
-0.47117 -4.0
-0.47092 -3.8
-0.47068 -3.6
-0.47044 -3.3
-0.47019 -3.1
-0.46995 -2.8
-0.4697 -2.6
-0.46946 -2.3
-0.46922 -2.0
-0.46897 -1.8
-0.46873 -1.5
-0.46848 -1.2
-0.46824 -0.9
-0.46799 -0.7
-0.46775 -0.4
-0.46751 0.0
-0.46726 0.2
-0.46702 0.5
-0.46677 0.8
-0.46653 1.0
-0.46629 1.3
-0.46604 1.6
-0.4658 1.9
-0.46555 2.1
-0.46531 2.4
-0.46507 2.7
-0.46482 2.9
-0.46458 3.2
-0.46433 3.4
-0.46409 3.7
-0.46384 3.9
-0.4636 4.1
-0.46336 4.4
-0.46311 4.6
-0.46287 4.8
-0.46262 5.0
-0.46238 5.2
-0.46214 5.4
-0.46189 5.5
-0.46165 5.7
-0.4614 5.9
-0.46116 6.0
-0.46091 6.1
-0.46067 6.2
-0.46043 6.4
-0.46018 6.5
-0.45994 6.5
-0.45969 6.6
-0.45945 6.7
-0.45921 6.7
-0.45896 6.8
-0.45872 6.8
-0.45847 6.8
-0.45823 6.8
-0.45798 6.8
-0.45774 6.8
-0.4575 6.8
-0.45725 6.8
-0.45701 6.7
-0.45676 6.6
-0.45652 6.6
-0.45628 6.5
-0.45603 6.4
-0.45579 6.3
-0.45554 6.1
-0.4553 6.0
-0.45506 5.9
-0.45481 5.7
-0.45457 5.5
-0.45432 5.4
-0.45408 5.2
-0.45383 5.0
-0.45359 4.8
-0.45335 4.6
-0.4531 4.4
-0.45286 4.1
-0.45261 3.9
-0.45237 3.7
-0.45213 3.4
-0.45188 3.2
-0.45164 2.9
-0.45139 2.6
-0.45115 2.4
-0.4509 2.1
-0.45066 1.8
-0.45042 1.5
-0.45017 1.3
-0.44993 1.0
-0.44968 0.7
-0.44944 0.4
-0.4492 0.1
-0.44895 -0.2
-0.44871 -0.5
-0.44846 -0.8
-0.44822 -1.0
-0.44798 -1.3
-0.44773 -1.6
-0.44749 -1.9
-0.44724 -2.2
-0.447 -2.4
-0.44675 -2.7
-0.44651 -3.0
-0.44627 -3.2
-0.44602 -3.5
-0.44578 -3.7
-0.44553 -4.0
-0.44529 -4.2
-0.44505 -4.4
-0.4448 -4.7
-0.44456 -4.9
-0.44431 -5.1
-0.44407 -5.3
-0.44382 -5.5
-0.44358 -5.6
-0.44334 -5.8
-0.44309 -5.9
-0.44285 -6.1
-0.4426 -6.2
-0.44236 -6.3
-0.44212 -6.5
-0.44187 -6.5
-0.44163 -6.6
-0.44138 -6.7
-0.44114 -6.8
-0.4409 -6.8
-0.44065 -6.9
-0.44041 -6.9
-0.44016 -6.9
-0.43992 -6.9
-0.43967 -6.9
-0.43943 -6.9
-0.43919 -6.8
-0.43894 -6.8
-0.4387 -6.7
-0.43845 -6.7
-0.43821 -6.6
-0.43797 -6.5
-0.43772 -6.4
-0.43748 -6.2
-0.43723 -6.1
-0.43699 -6.0
-0.43674 -5.8
-0.4365 -5.7
-0.43626 -5.5
-0.43601 -5.3
-0.43577 -5.1
-0.43552 -4.9
-0.43528 -4.7
-0.43504 -4.5
-0.43479 -4.2
-0.43455 -4.0
-0.4343 -3.8
-0.43406 -3.5
-0.43382 -3.2
-0.43357 -3.0
-0.43333 -2.7
-0.43308 -2.4
-0.43284 -2.2
-0.43259 -1.9
-0.43235 -1.6
-0.43211 -1.3
-0.43186 -1.0
-0.43162 -0.7
-0.43137 -0.4
-0.43113 -0.1
-0.43089 0.2
-0.43064 0.5
-0.4304 0.8
-0.43015 1.1
-0.42991 1.3
-0.42966 1.6
-0.42942 1.9
-0.42918 2.2
-0.42893 2.5
-0.42869 2.8
-0.42844 3.0
-0.4282 3.3
-0.42796 3.6
-0.42771 3.8
-0.42747 4.1
-0.42722 4.3
-0.42698 4.5
-0.42673 4.8
-0.42649 5.0
-0.42625 5.2
-0.426 5.4
-0.42576 5.6
-0.42551 5.7
-0.42527 5.9
-0.42503 6.0
-0.42478 6.2
-0.42454 6.3
-0.42429 6.4
-0.42405 6.6
-0.42381 6.6
-0.42356 6.7
-0.42332 6.8
-0.42307 6.9
-0.42283 6.9
-0.42258 6.9
-0.42234 7.0
-0.4221 7.0
-0.42185 7.0
-0.42161 6.9
-0.42136 6.9
-0.42112 6.9
-0.42088 6.8
-0.42063 6.7
-0.42039 6.7
-0.42014 6.6
-0.4199 6.5
-0.41965 6.3
-0.41941 6.2
-0.41917 6.1
-0.41892 5.9
-0.41868 5.8
-0.41843 5.6
-0.41819 5.4
-0.41795 5.2
-0.4177 5.0
-0.41746 4.8
-0.41721 4.6
-0.41697 4.3
-0.41673 4.1
-0.41648 3.8
-0.41624 3.6
-0.41599 3.3
-0.41575 3.0
-0.4155 2.8
-0.41526 2.5
-0.41502 2.2
-0.41477 1.9
-0.41453 1.6
-0.41428 1.3
-0.41404 1.0
-0.4138 0.7
-0.41355 0.4
-0.41331 0.1
-0.41306 -0.2
-0.41282 -0.5
-0.41257 -0.8
-0.41233 -1.1
-0.41209 -1.4
-0.41184 -1.7
-0.4116 -2.0
-0.41135 -2.3
-0.41111 -2.6
-0.41087 -2.8
-0.41062 -3.1
-0.41038 -3.4
-0.41013 -3.6
-0.40989 -3.9
-0.40965 -4.2
-0.4094 -4.4
-0.40916 -4.6
-0.40891 -4.9
-0.40867 -5.1
-0.40842 -5.3
-0.40818 -5.5
-0.40794 -5.7
-0.40769 -5.8
-0.40745 -6.0
-0.4072 -6.2
-0.40696 -6.3
-0.40672 -6.4
-0.40647 -6.6
-0.40623 -6.7
-0.40598 -6.8
-0.40574 -6.8
-0.40549 -6.9
-0.40525 -7.0
-0.40501 -7.0
-0.40476 -7.0
-0.40452 -7.0
-0.40427 -7.0
-0.40403 -7.0
-0.40379 -7.0
-0.40354 -7.0
-0.4033 -6.9
-0.40305 -6.8
-0.40281 -6.8
-0.40257 -6.7
-0.40232 -6.6
-0.40208 -6.4
-0.40183 -6.3
-0.40159 -6.2
-0.40134 -6.0
-0.4011 -5.9
-0.40086 -5.7
-0.40061 -5.5
-0.40037 -5.3
-0.40012 -5.1
-0.39988 -4.9
-0.39964 -4.6
-0.39939 -4.4
-0.39915 -4.2
-0.3989 -3.9
-0.39866 -3.6
-0.39841 -3.4
-0.39817 -3.1
-0.39793 -2.8
-0.39768 -2.5
-0.39744 -2.2
-0.39719 -1.9
-0.39695 -1.6
-0.39671 -1.3
-0.39646 -1.0
-0.39622 -0.7
-0.39597 -0.4
-0.39573 0.0
-0.39548 0.2
-0.39524 0.5
-0.395 0.8
-0.39475 1.1
-0.39451 1.4
-0.39426 1.8
-0.39402 2.1
-0.39378 2.4
-0.39353 2.6
-0.39329 2.9
-0.39304 3.2
-0.3928 3.5
-0.39256 3.8
-0.39231 4.0
-0.39207 4.3
-0.39182 4.5
-0.39158 4.8
-0.39133 5.0
-0.39109 5.2
-0.39085 5.4
-0.3906 5.6
-0.39036 5.8
-0.39011 6.0
-0.38987 6.1
-0.38963 6.3
-0.38938 6.4
-0.38914 6.6
-0.38889 6.7
-0.38865 6.8
-0.3884 6.9
-0.38816 6.9
-0.38792 7.0
-0.38767 7.0
-0.38743 7.1
-0.38718 7.1
-0.38694 7.1
-0.3867 7.1
-0.38645 7.1
-0.38621 7.0
-0.38596 7.0
-0.38572 6.9
-0.38548 6.9
-0.38523 6.8
-0.38499 6.7
-0.38474 6.5
-0.3845 6.4
-0.38425 6.3
-0.38401 6.1
-0.38377 5.9
-0.38352 5.8
-0.38328 5.6
-0.38303 5.4
-0.38279 5.2
-0.38255 4.9
-0.3823 4.7
-0.38206 4.5
-0.38181 4.2
-0.38157 3.9
-0.38132 3.7
-0.38108 3.4
-0.38084 3.1
-0.38059 2.8
-0.38035 2.5
-0.3801 2.2
-0.37986 1.9
-0.37962 1.6
-0.37937 1.3
-0.37913 1.0
-0.37888 0.7
-0.37864 0.4
-0.3784 0.0
-0.37815 -0.3
-0.37791 -0.6
-0.37766 -0.9
-0.37742 -1.2
-0.37717 -1.5
-0.37693 -1.8
-0.37669 -2.2
-0.37644 -2.5
-0.3762 -2.8
-0.37595 -3.1
-0.37571 -3.3
-0.37547 -3.6
-0.37522 -3.9
-0.37498 -4.2
-0.37473 -4.4
-0.37449 -4.7
-0.37424 -4.9
-0.374 -5.1
-0.37376 -5.4
-0.37351 -5.6
-0.37327 -5.8
-0.37302 -5.9
-0.37278 -6.1
-0.37254 -6.3
-0.37229 -6.4
-0.37205 -6.6
-0.3718 -6.7
-0.37156 -6.8
-0.37132 -6.9
-0.37107 -7.0
-0.37083 -7.1
-0.37058 -7.1
-0.37034 -7.1
-0.37009 -7.2
-0.36985 -7.2
-0.36961 -7.2
-0.36936 -7.2
-0.36912 -7.1
-0.36887 -7.1
-0.36863 -7.0
-0.36839 -6.9
-0.36814 -6.8
-0.3679 -6.7
-0.36765 -6.6
-0.36741 -6.5
-0.36716 -6.4
-0.36692 -6.2
-0.36668 -6.0
-0.36643 -5.8
-0.36619 -5.6
-0.36594 -5.4
-0.3657 -5.2
-0.36546 -5.0
-0.36521 -4.8
-0.36497 -4.5
-0.36472 -4.2
-0.36448 -4.0
-0.36423 -3.7
-0.36399 -3.4
-0.36375 -3.1
-0.3635 -2.8
-0.36326 -2.5
-0.36301 -2.2
-0.36277 -1.9
-0.36253 -1.6
-0.36228 -1.3
-0.36204 -0.9
-0.36179 -0.6
-0.36155 -0.3
-0.36131 0.0
-0.36106 0.4
-0.36082 0.7
-0.36057 1.0
-0.36033 1.3
-0.36008 1.7
-0.35984 2.0
-0.3596 2.3
-0.35935 2.6
-0.35911 2.9
-0.35886 3.2
-0.35862 3.5
-0.35838 3.8
-0.35813 4.1
-0.35789 4.3
-0.35764 4.6
-0.3574 4.8
-0.35715 5.1
-0.35691 5.3
-0.35667 5.5
-0.35642 5.7
-0.35618 5.9
-0.35593 6.1
-0.35569 6.3
-0.35545 6.4
-0.3552 6.6
-0.35496 6.7
-0.35471 6.8
-0.35447 6.9
-0.35423 7.0
-0.35398 7.1
-0.35374 7.2
-0.35349 7.2
-0.35325 7.2
-0.353 7.3
-0.35276 7.3
-0.35252 7.2
-0.35227 7.2
-0.35203 7.2
-0.35178 7.1
-0.35154 7.0
-0.3513 6.9
-0.35105 6.8
-0.35081 6.7
-0.35056 6.6
-0.35032 6.4
-0.35007 6.3
-0.34983 6.1
-0.34959 5.9
-0.34934 5.7
-0.3491 5.5
-0.34885 5.3
-0.34861 5.0
-0.34837 4.8
-0.34812 4.5
-0.34788 4.3
-0.34763 4.0
-0.34739 3.7
-0.34715 3.4
-0.3469 3.1
-0.34666 2.8
-0.34641 2.5
-0.34617 2.2
-0.34592 1.9
-0.34568 1.5
-0.34544 1.2
-0.34519 0.9
-0.34495 0.5
-0.3447 0.2
-0.34446 -0.1
-0.34422 -0.5
-0.34397 -0.8
-0.34373 -1.1
-0.34348 -1.5
-0.34324 -1.8
-0.34299 -2.1
-0.34275 -2.5
-0.34251 -2.8
-0.34226 -3.1
-0.34202 -3.4
-0.34177 -3.7
-0.34153 -4.0
-0.34129 -4.2
-0.34104 -4.5
-0.3408 -4.8
-0.34055 -5.0
-0.34031 -5.3
-0.34007 -5.5
-0.33982 -5.7
-0.33958 -5.9
-0.33933 -6.1
-0.33909 -6.3
-0.33884 -6.5
-0.3386 -6.6
-0.33836 -6.8
-0.33811 -6.9
-0.33787 -7.0
-0.33762 -7.1
-0.33738 -7.2
-0.33714 -7.2
-0.33689 -7.3
-0.33665 -7.3
-0.3364 -7.3
-0.33616 -7.3
-0.33591 -7.3
-0.33567 -7.3
-0.33543 -7.2
-0.33518 -7.2
-0.33494 -7.1
-0.33469 -7.0
-0.33445 -6.9
-0.33421 -6.8
-0.33396 -6.6
-0.33372 -6.5
-0.33347 -6.3
-0.33323 -6.1
-0.33298 -5.9
-0.33274 -5.7
-0.3325 -5.5
-0.33225 -5.3
-0.33201 -5.0
-0.33176 -4.8
-0.33152 -4.5
-0.33128 -4.2
-0.33103 -4.0
-0.33079 -3.7
-0.33054 -3.4
-0.3303 -3.1
-0.33006 -2.7
-0.32981 -2.4
-0.32957 -2.1
-0.32932 -1.8
-0.32908 -1.4
-0.32883 -1.1
-0.32859 -0.7
-0.32835 -0.4
-0.3281 0.0
-0.32786 0.3
-0.32761 0.6
-0.32737 1.0
-0.32713 1.3
-0.32688 1.7
-0.32664 2.0
-0.32639 2.3
-0.32615 2.7
-0.3259 3.0
-0.32566 3.3
-0.32542 3.6
-0.32517 3.9
-0.32493 4.2
-0.32468 4.5
-0.32444 4.8
-0.3242 5.0
-0.32395 5.3
-0.32371 5.5
-0.32346 5.7
-0.32322 5.9
-0.32298 6.2
-0.32273 6.3
-0.32249 6.5
-0.32224 6.7
-0.322 6.8
-0.32175 6.9
-0.32151 7.1
-0.32127 7.2
-0.32102 7.2
-0.32078 7.3
-0.32053 7.4
-0.32029 7.4
-0.32005 7.4
-0.3198 7.4
-0.31956 7.4
-0.31931 7.4
-0.31907 7.3
-0.31882 7.3
-0.31858 7.2
-0.31834 7.1
-0.31809 7.0
-0.31785 6.8
-0.3176 6.7
-0.31736 6.5
-0.31712 6.4
-0.31687 6.2
-0.31663 6.0
-0.31638 5.7
-0.31614 5.5
-0.3159 5.3
-0.31565 5.0
-0.31541 4.8
-0.31516 4.5
-0.31492 4.2
-0.31467 3.9
-0.31443 3.6
-0.31419 3.3
-0.31394 3.0
-0.3137 2.6
-0.31345 2.3
-0.31321 1.9
-0.31297 1.6
-0.31272 1.3
-0.31248 0.9
-0.31223 0.6
-0.31199 0.2
-0.31174 -0.2
-0.3115 -0.5
-0.31126 -0.9
-0.31101 -1.2
-0.31077 -1.6
-0.31052 -1.9
-0.31028 -2.3
-0.31004 -2.6
-0.30979 -2.9
-0.30955 -3.3
-0.3093 -3.6
-0.30906 -3.9
-0.30882 -4.2
-0.30857 -4.5
-0.30833 -4.8
-0.30808 -5.0
-0.30784 -5.3
-0.30759 -5.5
-0.30735 -5.8
-0.30711 -6.0
-0.30686 -6.2
-0.30662 -6.4
-0.30637 -6.6
-0.30613 -6.8
-0.30589 -6.9
-0.30564 -7.0
-0.3054 -7.2
-0.30515 -7.3
-0.30491 -7.3
-0.30466 -7.4
-0.30442 -7.5
-0.30418 -7.5
-0.30393 -7.5
-0.30369 -7.5
-0.30344 -7.5
-0.3032 -7.4
-0.30296 -7.4
-0.30271 -7.3
-0.30247 -7.2
-0.30222 -7.1
-0.30198 -7.0
-0.30173 -6.9
-0.30149 -6.7
-0.30125 -6.5
-0.301 -6.4
-0.30076 -6.2
-0.30051 -5.9
-0.30027 -5.7
-0.30003 -5.5
-0.29978 -5.2
-0.29954 -4.9
-0.29929 -4.7
-0.29905 -4.4
-0.29881 -4.1
-0.29856 -3.8
-0.29832 -3.4
-0.29807 -3.1
-0.29783 -2.8
-0.29758 -2.4
-0.29734 -2.1
-0.2971 -1.7
-0.29685 -1.4
-0.29661 -1.0
-0.29636 -0.7
-0.29612 -0.3
-0.29588 0.0
-0.29563 0.4
-0.29539 0.8
-0.29514 1.2
-0.2949 1.5
-0.29465 1.9
-0.29441 2.2
-0.29417 2.6
-0.29392 2.9
-0.29368 3.3
-0.29343 3.6
-0.29319 3.9
-0.29295 4.2
-0.2927 4.5
-0.29246 4.8
-0.29221 5.1
-0.29197 5.4
-0.29173 5.6
-0.29148 5.9
-0.29124 6.1
-0.29099 6.3
-0.29075 6.5
-0.2905 6.7
-0.29026 6.9
-0.29002 7.0
-0.28977 7.1
-0.28953 7.3
-0.28928 7.4
-0.28904 7.4
-0.2888 7.5
-0.28855 7.6
-0.28831 7.6
-0.28806 7.6
-0.28782 7.6
-0.28757 7.6
-0.28733 7.5
-0.28709 7.5
-0.28684 7.4
-0.2866 7.3
-0.28635 7.2
-0.28611 7.0
-0.28587 6.9
-0.28562 6.7
-0.28538 6.5
-0.28513 6.3
-0.28489 6.1
-0.28465 5.9
-0.2844 5.6
-0.28416 5.4
-0.28391 5.1
-0.28367 4.8
-0.28342 4.5
-0.28318 4.2
-0.28294 3.9
-0.28269 3.6
-0.28245 3.2
-0.2822 2.9
-0.28196 2.5
-0.28172 2.2
-0.28147 1.8
-0.28123 1.5
-0.28098 1.1
-0.28074 0.7
-0.28049 0.3
-0.28025 0.0
-0.28001 -0.4
-0.27976 -0.8
-0.27952 -1.2
-0.27927 -1.5
-0.27903 -1.9
-0.27879 -2.3
-0.27854 -2.6
-0.2783 -3.0
-0.27805 -3.3
-0.27781 -3.7
-0.27757 -4.0
-0.27732 -4.3
-0.27708 -4.6
-0.27683 -4.9
-0.27659 -5.2
-0.27634 -5.5
-0.2761 -5.8
-0.27586 -6.0
-0.27561 -6.2
-0.27537 -6.4
-0.27512 -6.6
-0.27488 -6.8
-0.27464 -7.0
-0.27439 -7.1
-0.27415 -7.3
-0.2739 -7.4
-0.27366 -7.5
-0.27341 -7.6
-0.27317 -7.6
-0.27293 -7.7
-0.27268 -7.7
-0.27244 -7.7
-0.27219 -7.7
-0.27195 -7.6
-0.27171 -7.6
-0.27146 -7.5
-0.27122 -7.4
-0.27097 -7.3
-0.27073 -7.2
-0.27048 -7.0
-0.27024 -6.8
-0.27 -6.7
-0.26975 -6.5
-0.26951 -6.2
-0.26926 -6.0
-0.26902 -5.8
-0.26878 -5.5
-0.26853 -5.2
-0.26829 -4.9
-0.26804 -4.6
-0.2678 -4.3
-0.26756 -4.0
-0.26731 -3.7
-0.26707 -3.3
-0.26682 -3.0
-0.26658 -2.6
-0.26633 -2.2
-0.26609 -1.9
-0.26585 -1.5
-0.2656 -1.1
-0.26536 -0.7
-0.26511 -0.3
-0.26487 0.0
-0.26463 0.5
-0.26438 0.9
-0.26414 1.2
-0.26389 1.6
-0.26365 2.0
-0.2634 2.4
-0.26316 2.8
-0.26292 3.1
-0.26267 3.5
-0.26243 3.8
-0.26218 4.2
-0.26194 4.5
-0.2617 4.8
-0.26145 5.1
-0.26121 5.4
-0.26096 5.7
-0.26072 5.9
-0.26048 6.2
-0.26023 6.4
-0.25999 6.6
-0.25974 6.8
-0.2595 7.0
-0.25925 7.2
-0.25901 7.3
-0.25877 7.4
-0.25852 7.5
-0.25828 7.6
-0.25803 7.7
-0.25779 7.7
-0.25755 7.8
-0.2573 7.8
-0.25706 7.8
-0.25681 7.7
-0.25657 7.7
-0.25632 7.6
-0.25608 7.5
-0.25584 7.4
-0.25559 7.3
-0.25535 7.1
-0.2551 7.0
-0.25486 6.8
-0.25462 6.6
-0.25437 6.3
-0.25413 6.1
-0.25388 5.8
-0.25364 5.6
-0.2534 5.3
-0.25315 5.0
-0.25291 4.7
-0.25266 4.4
-0.25242 4.0
-0.25217 3.7
-0.25193 3.3
-0.25169 2.9
-0.25144 2.6
-0.2512 2.2
-0.25095 1.8
-0.25071 1.4
-0.25047 1.0
-0.25022 0.6
-0.24998 0.2
-0.24973 -0.2
-0.24949 -0.6
-0.24924 -1.0
-0.249 -1.4
-0.24876 -1.8
-0.24851 -2.2
-0.24827 -2.6
-0.24802 -3.0
-0.24778 -3.3
-0.24754 -3.7
-0.24729 -4.0
-0.24705 -4.4
-0.2468 -4.7
-0.24656 -5.0
-0.24632 -5.3
-0.24607 -5.6
-0.24583 -5.9
-0.24558 -6.2
-0.24534 -6.4
-0.24509 -6.6
-0.24485 -6.9
-0.24461 -7.0
-0.24436 -7.2
-0.24412 -7.4
-0.24387 -7.5
-0.24363 -7.6
-0.24339 -7.7
-0.24314 -7.8
-0.2429 -7.8
-0.24265 -7.9
-0.24241 -7.9
-0.24216 -7.9
-0.24192 -7.8
-0.24168 -7.8
-0.24143 -7.7
-0.24119 -7.6
-0.24094 -7.5
-0.2407 -7.4
-0.24046 -7.2
-0.24021 -7.0
-0.23997 -6.8
-0.23972 -6.6
-0.23948 -6.4
-0.23923 -6.1
-0.23899 -5.9
-0.23875 -5.6
-0.2385 -5.3
-0.23826 -5.0
-0.23801 -4.7
-0.23777 -4.3
-0.23753 -4.0
-0.23728 -3.6
-0.23704 -3.2
-0.23679 -2.8
-0.23655 -2.4
-0.23631 -2.1
-0.23606 -1.6
-0.23582 -1.2
-0.23557 -0.8
-0.23533 -0.4
-0.23508 0.0
-0.23484 0.4
-0.2346 0.8
-0.23435 1.3
-0.23411 1.7
-0.23386 2.1
-0.23362 2.5
-0.23338 2.9
-0.23313 3.3
-0.23289 3.6
-0.23264 4.0
-0.2324 4.4
-0.23215 4.7
-0.23191 5.0
-0.23167 5.4
-0.23142 5.7
-0.23118 6.0
-0.23093 6.2
-0.23069 6.5
-0.23045 6.7
-0.2302 6.9
-0.22996 7.1
-0.22971 7.3
-0.22947 7.5
-0.22923 7.6
-0.22898 7.7
-0.22874 7.8
-0.22849 7.9
-0.22825 8.0
-0.228 8.0
-0.22776 8.0
-0.22752 8.0
-0.22727 7.9
-0.22703 7.9
-0.22678 7.8
-0.22654 7.7
-0.2263 7.6
-0.22605 7.4
-0.22581 7.3
-0.22556 7.1
-0.22532 6.9
-0.22507 6.6
-0.22483 6.4
-0.22459 6.1
-0.22434 5.8
-0.2241 5.5
-0.22385 5.2
-0.22361 4.9
-0.22337 4.5
-0.22312 4.2
-0.22288 3.8
-0.22263 3.4
-0.22239 3.0
-0.22215 2.6
-0.2219 2.2
-0.22166 1.8
-0.22141 1.4
-0.22117 0.9
-0.22092 0.5
-0.22068 0.0
-0.22044 -0.3
-0.22019 -0.8
-0.21995 -1.2
-0.2197 -1.6
-0.21946 -2.1
-0.21922 -2.5
-0.21897 -2.9
-0.21873 -3.3
-0.21848 -3.7
-0.21824 -4.1
-0.21799 -4.4
-0.21775 -4.8
-0.21751 -5.1
-0.21726 -5.5
-0.21702 -5.8
-0.21677 -6.1
-0.21653 -6.4
-0.21629 -6.6
-0.21604 -6.9
-0.2158 -7.1
-0.21555 -7.3
-0.21531 -7.5
-0.21507 -7.6
-0.21482 -7.8
-0.21458 -7.9
-0.21433 -8.0
-0.21409 -8.0
-0.21384 -8.1
-0.2136 -8.1
-0.21336 -8.1
-0.21311 -8.1
-0.21287 -8.0
-0.21262 -8.0
-0.21238 -7.9
-0.21214 -7.7
-0.21189 -7.6
-0.21165 -7.4
-0.2114 -7.2
-0.21116 -7.0
-0.21091 -6.8
-0.21067 -6.6
-0.21043 -6.3
-0.21018 -6.0
-0.20994 -5.7
-0.20969 -5.4
-0.20945 -5.0
-0.20921 -4.7
-0.20896 -4.3
-0.20872 -3.9
-0.20847 -3.5
-0.20823 -3.1
-0.20798 -2.7
-0.20774 -2.3
-0.2075 -1.8
-0.20725 -1.4
-0.20701 -1.0
-0.20676 -0.5
-0.20652 0.0
-0.20628 0.4
-0.20603 0.8
-0.20579 1.3
-0.20554 1.7
-0.2053 2.2
-0.20506 2.6
-0.20481 3.0
-0.20457 3.4
-0.20432 3.8
-0.20408 4.2
-0.20383 4.6
-0.20359 5.0
-0.20335 5.3
-0.2031 5.7
-0.20286 6.0
-0.20261 6.3
-0.20237 6.6
-0.20213 6.8
-0.20188 7.1
-0.20164 7.3
-0.20139 7.5
-0.20115 7.7
-0.2009 7.8
-0.20066 8.0
-0.20042 8.1
-0.20017 8.1
-0.19993 8.2
-0.19968 8.2
-0.19944 8.2
-0.1992 8.2
-0.19895 8.2
-0.19871 8.1
-0.19846 8.0
-0.19822 7.9
-0.19798 7.7
-0.19773 7.6
-0.19749 7.4
-0.19724 7.2
-0.197 6.9
-0.19675 6.7
-0.19651 6.4
-0.19627 6.1
-0.19602 5.8
-0.19578 5.4
-0.19553 5.1
-0.19529 4.7
-0.19505 4.3
-0.1948 3.9
-0.19456 3.5
-0.19431 3.1
-0.19407 2.6
-0.19382 2.2
-0.19358 1.7
-0.19334 1.3
-0.19309 0.8
-0.19285 0.4
-0.1926 -0.1
-0.19236 -0.6
-0.19212 -1.0
-0.19187 -1.5
-0.19163 -2.0
-0.19138 -2.4
-0.19114 -2.9
-0.1909 -3.3
-0.19065 -3.7
-0.19041 -4.1
-0.19016 -4.5
-0.18992 -4.9
-0.18967 -5.3
-0.18943 -5.6
-0.18919 -6.0
-0.18894 -6.3
-0.1887 -6.6
-0.18845 -6.9
-0.18821 -7.1
-0.18797 -7.4
-0.18772 -7.6
-0.18748 -7.8
-0.18723 -7.9
-0.18699 -8.1
-0.18674 -8.2
-0.1865 -8.3
-0.18626 -8.3
-0.18601 -8.4
-0.18577 -8.4
-0.18552 -8.3
-0.18528 -8.3
-0.18504 -8.2
-0.18479 -8.1
-0.18455 -8.0
-0.1843 -7.8
-0.18406 -7.7
-0.18382 -7.4
-0.18357 -7.2
-0.18333 -7.0
-0.18308 -6.7
-0.18284 -6.4
-0.18259 -6.1
-0.18235 -5.7
-0.18211 -5.4
-0.18186 -5.0
-0.18162 -4.6
-0.18137 -4.2
-0.18113 -3.8
-0.18089 -3.3
-0.18064 -2.9
-0.1804 -2.4
-0.18015 -2.0
-0.17991 -1.5
-0.17966 -1.0
-0.17942 -0.5
-0.17918 0.0
-0.17893 0.5
-0.17869 0.9
-0.17844 1.4
-0.1782 1.9
-0.17796 2.4
-0.17771 2.8
-0.17747 3.3
-0.17722 3.7
-0.17698 4.2
-0.17673 4.6
-0.17649 5.0
-0.17625 5.4
-0.176 5.7
-0.17576 6.1
-0.17551 6.4
-0.17527 6.7
-0.17503 7.0
-0.17478 7.3
-0.17454 7.5
-0.17429 7.8
-0.17405 7.9
-0.17381 8.1
-0.17356 8.2
-0.17332 8.3
-0.17307 8.4
-0.17283 8.5
-0.17258 8.5
-0.17234 8.5
-0.1721 8.5
-0.17185 8.4
-0.17161 8.3
-0.17136 8.2
-0.17112 8.0
-0.17088 7.9
-0.17063 7.7
-0.17039 7.4
-0.17014 7.2
-0.1699 6.9
-0.16965 6.6
-0.16941 6.3
-0.16917 5.9
-0.16892 5.5
-0.16868 5.2
-0.16843 4.8
-0.16819 4.3
-0.16795 3.9
-0.1677 3.4
-0.16746 3.0
-0.16721 2.5
-0.16697 2.0
-0.16673 1.5
-0.16648 1.0
-0.16624 0.5
-0.16599 0.0
-0.16575 -0.5
-0.1655 -1.0
-0.16526 -1.5
-0.16502 -2.0
-0.16477 -2.5
-0.16453 -3.0
-0.16428 -3.5
-0.16404 -3.9
-0.1638 -4.4
-0.16355 -4.8
-0.16331 -5.2
-0.16306 -5.6
-0.16282 -6.0
-0.16257 -6.3
-0.16233 -6.7
-0.16209 -7.0
-0.16184 -7.3
-0.1616 -7.6
-0.16135 -7.8
-0.16111 -8.0
-0.16087 -8.2
-0.16062 -8.3
-0.16038 -8.5
-0.16013 -8.6
-0.15989 -8.6
-0.15965 -8.7
-0.1594 -8.7
-0.15916 -8.6
-0.15891 -8.6
-0.15867 -8.5
-0.15842 -8.4
-0.15818 -8.2
-0.15794 -8.0
-0.15769 -7.8
-0.15745 -7.6
-0.1572 -7.3
-0.15696 -7.0
-0.15672 -6.7
-0.15647 -6.3
-0.15623 -6.0
-0.15598 -5.6
-0.15574 -5.2
-0.15549 -4.8
-0.15525 -4.3
-0.15501 -3.8
-0.15476 -3.4
-0.15452 -2.9
-0.15427 -2.4
-0.15403 -1.9
-0.15379 -1.3
-0.15354 -0.8
-0.1533 -0.3
-0.15305 0.2
-0.15281 0.8
-0.15257 1.3
-0.15232 1.8
-0.15208 2.3
-0.15183 2.8
-0.15159 3.3
-0.15134 3.8
-0.1511 4.3
-0.15086 4.8
-0.15061 5.2
-0.15037 5.6
-0.15012 6.0
-0.14988 6.4
-0.14964 6.8
-0.14939 7.1
-0.14915 7.4
-0.1489 7.7
-0.14866 7.9
-0.14841 8.2
-0.14817 8.3
-0.14793 8.5
-0.14768 8.6
-0.14744 8.7
-0.14719 8.8
-0.14695 8.8
-0.14671 8.8
-0.14646 8.8
-0.14622 8.7
-0.14597 8.6
-0.14573 8.5
-0.14548 8.3
-0.14524 8.1
-0.145 7.9
-0.14475 7.6
-0.14451 7.3
-0.14426 7.0
-0.14402 6.6
-0.14378 6.3
-0.14353 5.9
-0.14329 5.5
-0.14304 5.0
-0.1428 4.5
-0.14256 4.1
-0.14231 3.6
-0.14207 3.1
-0.14182 2.5
-0.14158 2.0
-0.14133 1.5
-0.14109 0.9
-0.14085 0.4
-0.1406 -0.2
-0.14036 -0.7
-0.14011 -1.3
-0.13987 -1.8
-0.13963 -2.4
-0.13938 -2.9
-0.13914 -3.4
-0.13889 -4.0
-0.13865 -4.5
-0.1384 -4.9
-0.13816 -5.4
-0.13792 -5.8
-0.13767 -6.2
-0.13743 -6.6
-0.13718 -7.0
-0.13694 -7.3
-0.1367 -7.7
-0.13645 -7.9
-0.13621 -8.2
-0.13596 -8.4
-0.13572 -8.6
-0.13548 -8.7
-0.13523 -8.9
-0.13499 -8.9
-0.13474 -9.0
-0.1345 -9.0
-0.13425 -9.0
-0.13401 -8.9
-0.13377 -8.8
-0.13352 -8.7
-0.13328 -8.5
-0.13303 -8.3
-0.13279 -8.1
-0.13255 -7.8
-0.1323 -7.5
-0.13206 -7.1
-0.13181 -6.8
-0.13157 -6.4
-0.13132 -6.0
-0.13108 -5.5
-0.13084 -5.1
-0.13059 -4.6
-0.13035 -4.1
-0.1301 -3.5
-0.12986 -3.0
-0.12962 -2.5
-0.12937 -1.9
-0.12913 -1.3
-0.12888 -0.7
-0.12864 -0.2
-0.1284 0.4
-0.12815 1.0
-0.12791 1.6
-0.12766 2.2
-0.12742 2.7
-0.12717 3.3
-0.12693 3.8
-0.12669 4.4
-0.12644 4.9
-0.1262 5.4
-0.12595 5.8
-0.12571 6.3
-0.12547 6.7
-0.12522 7.1
-0.12498 7.4
-0.12473 7.8
-0.12449 8.1
-0.12424 8.3
-0.124 8.6
-0.12376 8.8
-0.12351 8.9
-0.12327 9.0
-0.12302 9.1
-0.12278 9.2
-0.12254 9.2
-0.12229 9.1
-0.12205 9.1
-0.1218 9.0
-0.12156 8.8
-0.12132 8.6
-0.12107 8.4
-0.12083 8.1
-0.12058 7.8
-0.12034 7.5
-0.12009 7.1
-0.11985 6.7
-0.11961 6.3
-0.11936 5.9
-0.11912 5.4
-0.11887 4.9
-0.11863 4.3
-0.11839 3.8
-0.11814 3.2
-0.1179 2.6
-0.11765 2.1
-0.11741 1.5
-0.11716 0.8
-0.11692 0.2
-0.11668 -0.4
-0.11643 -1.0
-0.11619 -1.6
-0.11594 -2.2
-0.1157 -2.8
-0.11546 -3.4
-0.11521 -4.0
-0.11497 -4.5
-0.11472 -5.1
-0.11448 -5.6
-0.11423 -6.1
-0.11399 -6.5
-0.11375 -7.0
-0.1135 -7.4
-0.11326 -7.7
-0.11301 -8.1
-0.11277 -8.4
-0.11253 -8.6
-0.11228 -8.9
-0.11204 -9.1
-0.11179 -9.2
-0.11155 -9.3
-0.11131 -9.4
-0.11106 -9.4
-0.11082 -9.4
-0.11057 -9.3
-0.11033 -9.2
-0.11008 -9.0
-0.10984 -8.8
-0.1096 -8.6
-0.10935 -8.3
-0.10911 -8.0
-0.10886 -7.7
-0.10862 -7.3
-0.10838 -6.9
-0.10813 -6.4
-0.10789 -5.9
-0.10764 -5.4
-0.1074 -4.9
-0.10715 -4.3
-0.10691 -3.7
-0.10667 -3.1
-0.10642 -2.5
-0.10618 -1.9
-0.10593 -1.2
-0.10569 -0.6
-0.10545 0.0
-0.1052 0.7
-0.10496 1.4
-0.10471 2.0
-0.10447 2.6
-0.10423 3.3
-0.10398 3.9
-0.10374 4.5
-0.10349 5.0
-0.10325 5.6
-0.103 6.1
-0.10276 6.6
-0.10252 7.1
-0.10227 7.5
-0.10203 7.9
-0.10178 8.3
-0.10154 8.6
-0.1013 8.9
-0.10105 9.1
-0.10081 9.3
-0.10056 9.4
-0.10032 9.5
-0.10007 9.6
-0.09983 9.6
-0.09959 9.6
-0.09934 9.5
-0.0991 9.3
-0.09885 9.2
-0.09861 8.9
-0.09837 8.7
-0.09812 8.4
-0.09788 8.0
-0.09763 7.6
-0.09739 7.2
-0.09715 6.7
-0.0969 6.2
-0.09666 5.7
-0.09641 5.1
-0.09617 4.5
-0.09592 3.9
-0.09568 3.3
-0.09544 2.6
-0.09519 1.9
-0.09495 1.3
-0.0947 0.6
-0.09446 -0.1
-0.09422 -0.8
-0.09397 -1.5
-0.09373 -2.2
-0.09348 -2.9
-0.09324 -3.5
-0.09299 -4.2
-0.09275 -4.8
-0.09251 -5.4
-0.09226 -6.0
-0.09202 -6.5
-0.09177 -7.0
-0.09153 -7.5
-0.09129 -7.9
-0.09104 -8.3
-0.0908 -8.7
-0.09055 -9.0
-0.09031 -9.3
-0.09007 -9.5
-0.08982 -9.7
-0.08958 -9.8
-0.08933 -9.8
-0.08909 -9.9
-0.08884 -9.8
-0.0886 -9.7
-0.08836 -9.6
-0.08811 -9.4
-0.08787 -9.1
-0.08762 -8.9
-0.08738 -8.5
-0.08714 -8.1
-0.08689 -7.7
-0.08665 -7.2
-0.0864 -6.7
-0.08616 -6.1
-0.08591 -5.6
-0.08567 -4.9
-0.08543 -4.3
-0.08518 -3.6
-0.08494 -2.9
-0.08469 -2.2
-0.08445 -1.5
-0.08421 -0.8
-0.08396 0.0
-0.08372 0.7
-0.08347 1.5
-0.08323 2.2
-0.08298 2.9
-0.08274 3.6
-0.0825 4.3
-0.08225 5.0
-0.08201 5.6
-0.08176 6.2
-0.08152 6.8
-0.08128 7.3
-0.08103 7.8
-0.08079 8.3
-0.08054 8.7
-0.0803 9.1
-0.08006 9.4
-0.07981 9.7
-0.07957 9.9
-0.07932 10.0
-0.07908 10.1
-0.07883 10.1
-0.07859 10.1
-0.07835 10.0
-0.0781 9.9
-0.07786 9.7
-0.07761 9.4
-0.07737 9.1
-0.07713 8.8
-0.07688 8.4
-0.07664 7.9
-0.07639 7.4
-0.07615 6.8
-0.0759 6.2
-0.07566 5.6
-0.07542 4.9
-0.07517 4.2
-0.07493 3.5
-0.07468 2.7
-0.07444 2.0
-0.0742 1.2
-0.07395 0.4
-0.07371 -0.4
-0.07346 -1.2
-0.07322 -2.0
-0.07298 -2.8
-0.07273 -3.5
-0.07249 -4.3
-0.07224 -5.0
-0.072 -5.7
-0.07175 -6.4
-0.07151 -7.0
-0.07127 -7.6
-0.07102 -8.1
-0.07078 -8.6
-0.07053 -9.0
-0.07029 -9.4
-0.07005 -9.8
-0.0698 -10.0
-0.06956 -10.2
-0.06931 -10.4
-0.06907 -10.4
-0.06882 -10.4
-0.06858 -10.4
-0.06834 -10.3
-0.06809 -10.1
-0.06785 -9.8
-0.0676 -9.5
-0.06736 -9.1
-0.06712 -8.7
-0.06687 -8.2
-0.06663 -7.7
-0.06638 -7.1
-0.06614 -6.4
-0.0659 -5.7
-0.06565 -5.0
-0.06541 -4.2
-0.06516 -3.5
-0.06492 -2.6
-0.06467 -1.8
-0.06443 -0.9
-0.06419 0.0
-0.06394 0.8
-0.0637 1.6
-0.06345 2.5
-0.06321 3.3
-0.06297 4.2
-0.06272 4.9
-0.06248 5.7
-0.06223 6.4
-0.06199 7.1
-0.06174 7.8
-0.0615 8.4
-0.06126 8.9
-0.06101 9.4
-0.06077 9.8
-0.06052 10.1
-0.06028 10.4
-0.06004 10.6
-0.05979 10.7
-0.05955 10.8
-0.0593 10.8
-0.05906 10.7
-0.05882 10.5
-0.05857 10.3
-0.05833 10.0
-0.05808 9.6
-0.05784 9.1
-0.05759 8.6
-0.05735 8.0
-0.05711 7.4
-0.05686 6.7
-0.05662 6.0
-0.05637 5.2
-0.05613 4.3
-0.05589 3.5
-0.05564 2.6
-0.0554 1.7
-0.05515 0.7
-0.05491 -0.2
-0.05466 -1.2
-0.05442 -2.1
-0.05418 -3.0
-0.05393 -3.9
-0.05369 -4.8
-0.05344 -5.7
-0.0532 -6.5
-0.05296 -7.2
-0.05271 -7.9
-0.05247 -8.6
-0.05222 -9.2
-0.05198 -9.7
-0.05173 -10.2
-0.05149 -10.5
-0.05125 -10.8
-0.051 -11.0
-0.05076 -11.2
-0.05051 -11.2
-0.05027 -11.2
-0.05003 -11.0
-0.04978 -10.8
-0.04954 -10.5
-0.04929 -10.1
-0.04905 -9.7
-0.04881 -9.1
-0.04856 -8.5
-0.04832 -7.8
-0.04807 -7.0
-0.04783 -6.2
-0.04758 -5.3
-0.04734 -4.4
-0.0471 -3.5
-0.04685 -2.5
-0.04661 -1.4
-0.04636 -0.4
-0.04612 0.6
-0.04588 1.7
-0.04563 2.7
-0.04539 3.7
-0.04514 4.7
-0.0449 5.7
-0.04465 6.6
-0.04441 7.4
-0.04417 8.2
-0.04392 8.9
-0.04368 9.6
-0.04343 10.2
-0.04319 10.7
-0.04295 11.1
-0.0427 11.4
-0.04246 11.6
-0.04221 11.7
-0.04197 11.7
-0.04173 11.6
-0.04148 11.4
-0.04124 11.1
-0.04099 10.7
-0.04075 10.2
-0.0405 9.6
-0.04026 8.9
-0.04002 8.1
-0.03977 7.3
-0.03953 6.3
-0.03928 5.4
-0.03904 4.3
-0.0388 3.2
-0.03855 2.1
-0.03831 1.0
-0.03806 -0.2
-0.03782 -1.4
-0.03757 -2.5
-0.03733 -3.7
-0.03709 -4.8
-0.03684 -5.8
-0.0366 -6.9
-0.03635 -7.8
-0.03611 -8.7
-0.03587 -9.5
-0.03562 -10.2
-0.03538 -10.9
-0.03513 -11.4
-0.03489 -11.8
-0.03465 -12.1
-0.0344 -12.2
-0.03416 -12.3
-0.03391 -12.2
-0.03367 -12.0
-0.03342 -11.7
-0.03318 -11.2
-0.03294 -10.6
-0.03269 -9.9
-0.03245 -9.1
-0.0322 -8.2
-0.03196 -7.2
-0.03172 -6.2
-0.03147 -5.0
-0.03123 -3.8
-0.03098 -2.5
-0.03074 -1.2
-0.03049 0.0
-0.03025 1.4
-0.03001 2.7
-0.02976 4.0
-0.02952 5.3
-0.02927 6.5
-0.02903 7.7
-0.02879 8.7
-0.02854 9.7
-0.0283 10.6
-0.02805 11.3
-0.02781 12.0
-0.02757 12.4
-0.02732 12.8
-0.02708 13.0
-0.02683 13.0
-0.02659 12.9
-0.02634 12.6
-0.0261 12.2
-0.02586 11.6
-0.02561 10.8
-0.02537 9.9
-0.02512 8.9
-0.02488 7.8
-0.02464 6.5
-0.02439 5.2
-0.02415 3.8
-0.0239 2.3
-0.02366 0.8
-0.02341 -0.8
-0.02317 -2.3
-0.02293 -3.9
-0.02268 -5.4
-0.02244 -6.8
-0.02219 -8.2
-0.02195 -9.4
-0.02171 -10.5
-0.02146 -11.5
-0.02122 -12.4
-0.02097 -13.0
-0.02073 -13.5
-0.02048 -13.8
-0.02024 -13.9
-0.02 -13.8
-0.01975 -13.5
-0.01951 -12.9
-0.01926 -12.2
-0.01902 -11.3
-0.01878 -10.2
-0.01853 -8.9
-0.01829 -7.4
-0.01804 -5.8
-0.0178 -4.1
-0.01756 -2.4
-0.01731 -0.5
-0.01707 1.3
-0.01682 3.2
-0.01658 5.1
-0.01633 6.8
-0.01609 8.5
-0.01585 10.1
-0.0156 11.5
-0.01536 12.7
-0.01511 13.6
-0.01487 14.4
-0.01463 14.9
-0.01438 15.1
-0.01414 15.0
-0.01389 14.7
-0.01365 14.0
-0.0134 13.1
-0.01316 11.8
-0.01292 10.4
-0.01267 8.6
-0.01243 6.7
-0.01218 4.6
-0.01194 2.4
-0.0117 0.0
-0.01145 -2.3
-0.01121 -4.7
-0.01096 -7.0
-0.01072 -9.2
-0.01048 -11.2
-0.01023 -12.9
-0.00999 -14.4
-0.00974 -15.5
-0.0095 -16.3
-0.00925 -16.7
-0.00901 -16.6
-0.00877 -16.1
-0.00852 -15.1
-0.00828 -13.7
-0.00803 -11.9
-0.00779 -9.7
-0.00755 -7.1
-0.0073 -4.3
-0.00706 -1.2
-0.00681 2.0
-0.00657 5.2
-0.00632 8.3
-0.00608 11.2
-0.00584 13.8
-0.00559 15.9
-0.00535 17.6
-0.0051 18.6
-0.00486 18.9
-0.00462 18.5
-0.00437 17.2
-0.00413 15.2
-0.00388 12.4
-0.00364 9.0
-0.0034 5.0
-0.00315 0.6
-0.00291 -4.1
-0.00266 -8.6
-0.00242 -12.9
-0.00217 -16.6
-0.00193 -19.5
-0.00169 -21.2
-0.00144 -21.6
-0.0012 -20.4
-0.00095 -17.5
-0.00071 -13.1
-0.00047 -7.3
-0.00022 -0.6
2e-05 6.5
0.00027 13.2
0.00051 18.5
0.00076 21.5
0.001 21.7
0.00124 18.9
0.00149 13.4
0.00173 5.9
0.00198 -2.3
0.00222 -9.6
0.00246 -14.9
0.00271 -17.2
0.00295 -16.1
0.0032 -12.2
0.00344 -6.3
0.00368 0.2
0.00393 5.9
0.00417 9.7
0.00442 11.1
0.00466 10.1
0.00491 7.1
0.00515 3.0
0.00539 -1.2
0.00564 -4.5
0.00588 -6.4
0.00613 -6.6
0.00637 -5.3
0.00661 -3.1
0.00686 -0.5
0.0071 1.8
0.00735 3.4
0.00759 3.9
0.00784 3.5
0.00808 2.4
0.00832 0.9
0.00857 -0.6
0.00881 -1.7
0.00906 -2.3
0.0093 -2.2
0.00954 -1.7
0.00979 -0.8
0.01003 0.1
0.01028 0.9
0.01052 1.3
0.01077 1.4
0.01101 1.1
0.01125 0.7
0.0115 0.0
0.01174 -0.4
0.01199 -0.7
0.01223 -0.8
0.01247 -0.7
0.01272 -0.5
0.01296 -0.2
0.01321 0.2
0.01345 0.4
0.01369 0.5
0.01394 0.5
0.01418 0.3
0.01443 0.2
0.01467 0.0
0.01492 -0.2
0.01516 -0.3
0.0154 -0.3
0.01565 -0.2
0.01589 -0.1
0.01614 0.0
0.01638 0.0
0.01662 0.2
0.01687 0.2
0.01711 0.2
0.01736 0.1
0.0176 0.0
0.01785 0.0
0.01809 0.0
0.01833 -0.1
0.01858 -0.1
0.01882 0.0
0.01907 0.0
0.01931 0.0
0.01955 0.0
0.0198 0.0
0.02004 0.0
0.02029 0.0
0.02053 0.0
0.02077 0.0
0.02102 0.0
0.02126 0.0
0.02151 0.0
0.02175 0.0
0.022 0.0
0.02224 0.0
0.02248 0.0
0.02273 0.0
0.02297 0.0
0.02322 0.0
0.02346 0.0
0.0237 0.0
0.02395 0.0
0.02419 0.0
0.02444 0.0
0.02468 0.0
0.02493 0.0
0.02517 0.0
0.02541 0.0
0.02566 0.0
0.0259 0.0
0.02615 0.0
0.02639 0.0
0.02663 0.0
0.02688 0.0
0.02712 0.0
0.02737 0.0
0.02761 0.0
0.02785 0.0
0.0281 0.0
0.02834 0.0
0.02859 0.0
0.02883 0.0
0.02908 0.0
0.02932 0.0
0.02956 0.0
0.02981 0.0
0.03005 0.0
0.0303 0.0
0.03054 0.0
0.03078 0.0
0.03103 0.0
0.03127 0.0
0.03152 0.0
0.03176 0.0
0.03201 0.0
0.03225 0.0
0.03249 0.0
0.03274 0.0
0.03298 0.0
0.03323 0.0
0.03347 0.0
0.03371 0.0
0.03396 0.0
0.0342 0.0
0.03445 0.0
0.03469 0.0
0.03493 0.0
0.03518 0.0
0.03542 0.0
0.03567 0.0
0.03591 0.0
0.03616 0.0
0.0364 0.0
0.03664 0.0
0.03689 0.0
0.03713 0.0
0.03738 0.0
0.03762 0.0
0.03786 0.0
0.03811 0.0
0.03835 0.0
0.0386 0.0
0.03884 0.0
0.03909 0.0
0.03933 0.0
0.03957 0.0
0.03982 0.0
0.04006 0.0
0.04031 0.0
0.04055 0.0
0.04079 0.0
0.04104 0.0
0.04128 0.0
0.04153 0.0
0.04177 0.0
0.04202 0.0
0.04226 0.0
0.0425 0.0
0.04275 0.0
0.04299 0.0
0.04324 0.0
0.04348 0.0
0.04372 0.0
0.04397 0.0
0.04421 0.0
0.04446 0.0
0.0447 0.0
0.04494 0.0
0.04519 0.0
0.04543 0.0
0.04568 0.0
0.04592 0.0
0.04617 0.0
0.04641 0.0
0.04665 0.0
0.0469 0.0
0.04714 0.0
0.04739 0.0
0.04763 0.0
0.04787 0.0
0.04812 0.0
0.04836 0.0
0.04861 0.0
0.04885 0.0
0.0491 0.0
0.04934 0.0
0.04958 0.0
0.04983 0.0
0.05007 0.0
0.05032 0.0
0.05056 0.0
0.0508 0.0
0.05105 0.0
0.05129 0.0
0.05154 0.0
0.05178 0.0
0.05202 0.0
0.05227 0.0
0.05251 0.0
0.05276 0.0
0.053 0.0
0.05325 0.0
0.05349 0.0
0.05373 0.0
0.05398 0.0
0.05422 0.0
0.05447 0.0
0.05471 0.0
0.05495 0.0
0.0552 0.0
0.05544 0.0
0.05569 0.0
0.05593 0.0
0.05618 0.0
0.05642 0.0
0.05666 0.0
0.05691 0.0
0.05715 0.0
0.0574 0.0
0.05764 0.0
0.05788 0.0
0.05813 0.0
0.05837 0.0
0.05862 0.0
0.05886 0.0
0.0591 0.0
0.05935 0.0
0.05959 0.0
0.05984 0.0
0.06008 0.0
0.06033 0.0
0.06057 0.0
0.06081 0.0
0.06106 0.0
0.0613 0.0
0.06155 0.0
0.06179 0.0
0.06203 0.0
0.06228 0.0
0.06252 0.0
0.06277 0.0
0.06301 0.0
0.06326 0.0
0.0635 0.0
0.06374 0.0
0.06399 0.0
0.06423 0.0
0.06448 0.0
0.06472 0.0
0.06496 0.0
0.06521 0.0
0.06545 0.0
0.0657 0.0
0.06594 0.0
0.06618 0.0
0.06643 0.0
0.06667 0.0
0.06692 0.0
0.06716 0.0
0.06741 0.0
0.06765 0.0
0.06789 0.0
0.06814 0.0
0.06838 0.0
0.06863 0.0
0.06887 0.0
0.06911 0.0
0.06936 0.0
0.0696 0.0
0.06985 0.0
0.07009 0.0
0.07034 0.0
0.07058 0.0
0.07082 0.0
0.07107 0.0
0.07131 0.0
0.07156 0.0
0.0718 0.0
0.07204 0.0
0.07229 0.0
0.07253 0.0
0.07278 0.0
0.07302 0.0
0.07327 0.0
0.07351 0.0
0.07375 0.0
0.074 0.0
0.07424 0.0
0.07449 0.0
0.07473 0.0
0.07497 0.0
0.07522 0.0
0.07546 0.0
0.07571 0.0
0.07595 0.0
0.07619 0.0
0.07644 0.0
0.07668 0.0
0.07693 0.0
0.07717 0.0
0.07742 0.0
0.07766 0.0
0.0779 0.0
0.07815 0.0
0.07839 0.0
0.07864 0.0
0.07888 0.0
0.07912 0.0
0.07937 0.0
0.07961 0.0
0.07986 0.0
0.0801 0.0
0.08035 0.0
0.08059 0.0
0.08083 0.0
0.08108 0.0
0.08132 0.0
0.08157 0.0
0.08181 0.0
0.08205 0.0
0.0823 0.0
0.08254 0.0
0.08279 0.0
0.08303 0.0
0.08327 0.0
0.08352 0.0
0.08376 0.0
0.08401 0.0
0.08425 0.0
0.0845 0.0
0.08474 0.0
0.08498 0.0
0.08523 0.0
0.08547 0.0
0.08572 0.0
0.08596 0.0
0.0862 0.0
0.08645 0.0
0.08669 0.0
0.08694 0.0
0.08718 0.0
0.08743 0.0
0.08767 0.0
0.08791 0.0
0.08816 0.0
0.0884 0.0
0.08865 0.0
0.08889 0.0
0.08913 0.0
0.08938 0.0
0.08962 0.0
0.08987 0.0
0.09011 0.0
0.09035 0.0
0.0906 0.0
0.09084 0.0
0.09109 0.0
0.09133 0.0
0.09158 0.0
0.09182 0.0
0.09206 0.0
0.09231 0.0
0.09255 0.0
0.0928 0.0
0.09304 0.0
0.09328 0.0
0.09353 0.0
0.09377 0.0
0.09402 0.0
0.09426 0.0
0.09451 0.0
0.09475 0.0
0.09499 0.0
0.09524 0.0
0.09548 0.0
0.09573 0.0
0.09597 0.0
0.09621 0.0
0.09646 0.0
0.0967 0.0
0.09695 0.0
0.09719 0.0
0.09743 0.0
0.09768 0.0
0.09792 0.0
0.09817 0.0
0.09841 0.0
0.09866 0.0
0.0989 0.0
0.09914 0.0
0.09939 0.0
0.09963 0.0
0.09988 0.0
0.10012 0.0
0.10036 0.0
0.10061 0.0
0.10085 0.0
0.1011 0.0
0.10134 0.0
0.10159 0.0
0.10183 0.0
0.10207 0.0
0.10232 0.0
0.10256 0.0
0.10281 0.0
0.10305 0.0
0.10329 0.0
0.10354 0.0
0.10378 0.0
0.10403 0.0
0.10427 0.0
0.10452 0.0
0.10476 0.0
0.105 0.0
0.10525 0.0
0.10549 0.0
0.10574 0.0
0.10598 0.0
0.10622 0.0
0.10647 0.0
0.10671 0.0
0.10696 0.0
0.1072 0.0
0.10744 0.0
0.10769 0.0
0.10793 0.0
0.10818 0.0
0.10842 0.0
0.10867 0.0
0.10891 0.0
0.10915 0.0
0.1094 0.0
0.10964 0.0
0.10989 0.0
0.11013 0.0
0.11037 0.0
0.11062 0.0
0.11086 0.0
0.11111 0.0
0.11135 0.0
0.1116 0.0
0.11184 0.0
0.11208 0.0
0.11233 0.0
0.11257 0.0
0.11282 0.0
0.11306 0.0
0.1133 0.0
0.11355 0.0
0.11379 0.0
0.11404 0.0
0.11428 0.0
0.11452 0.0
0.11477 0.0
0.11501 0.0
0.11526 0.0
0.1155 0.0
0.11575 0.0
0.11599 0.0
0.11623 0.0
0.11648 0.0
0.11672 0.0
0.11697 0.0
0.11721 0.0
0.11745 0.0
0.1177 0.0
0.11794 0.0
0.11819 0.0
0.11843 0.0
0.11868 0.0
0.11892 0.0
0.11916 0.0
0.11941 0.0
0.11965 0.0
0.1199 0.0
0.12014 0.0
0.12038 0.0
0.12063 0.0
0.12087 0.0
0.12112 0.0
0.12136 0.0
0.1216 0.0
0.12185 0.0
0.12209 0.0
