t strain*1e23
-0.33922 0.9
-0.33897 0.6
-0.33873 0.4
-0.33849 0.1
-0.33824 -0.2
-0.338 -0.4
-0.33775 -0.7
-0.33751 -1.0
-0.33727 -1.2
-0.33702 -1.5
-0.33678 -1.8
-0.33653 -2.0
-0.33629 -2.3
-0.33604 -2.5
-0.3358 -2.8
-0.33556 -3.0
-0.33531 -3.3
-0.33507 -3.5
-0.33482 -3.8
-0.33458 -4.0
-0.33434 -4.2
-0.33409 -4.4
-0.33385 -4.7
-0.3336 -4.9
-0.33336 -5.1
-0.33311 -5.3
-0.33287 -5.5
-0.33263 -5.7
-0.33238 -5.8
-0.33214 -6.0
-0.33189 -6.2
-0.33165 -6.4
-0.33141 -6.5
-0.33116 -6.7
-0.33092 -6.8
-0.33067 -6.9
-0.33043 -7.0
-0.33018 -7.2
-0.32994 -7.3
-0.3297 -7.4
-0.32945 -7.5
-0.32921 -7.5
-0.32896 -7.6
-0.32872 -7.7
-0.32848 -7.7
-0.32823 -7.8
-0.32799 -7.8
-0.32774 -7.8
-0.3275 -7.8
-0.32726 -7.8
-0.32701 -7.8
-0.32677 -7.8
-0.32652 -7.8
-0.32628 -7.8
-0.32603 -7.7
-0.32579 -7.7
-0.32555 -7.6
-0.3253 -7.5
-0.32506 -7.5
-0.32481 -7.4
-0.32457 -7.3
-0.32433 -7.2
-0.32408 -7.1
-0.32384 -6.9
-0.32359 -6.8
-0.32335 -6.7
-0.3231 -6.5
-0.32286 -6.4
-0.32262 -6.2
-0.32237 -6.0
-0.32213 -5.9
-0.32188 -5.7
-0.32164 -5.5
-0.3214 -5.3
-0.32115 -5.1
-0.32091 -4.9
-0.32066 -4.6
-0.32042 -4.4
-0.32018 -4.2
-0.31993 -4.0
-0.31969 -3.7
-0.31944 -3.5
-0.3192 -3.2
-0.31895 -3.0
-0.31871 -2.7
-0.31847 -2.5
-0.31822 -2.2
-0.31798 -1.9
-0.31773 -1.7
-0.31749 -1.4
-0.31725 -1.1
-0.317 -0.8
-0.31676 -0.6
-0.31651 -0.3
-0.31627 0.0
-0.31602 0.3
-0.31578 0.5
-0.31554 0.8
-0.31529 1.1
-0.31505 1.4
-0.3148 1.6
-0.31456 1.9
-0.31432 2.2
-0.31407 2.4
-0.31383 2.7
-0.31358 3.0
-0.31334 3.2
-0.3131 3.5
-0.31285 3.7
-0.31261 4.0
-0.31236 4.2
-0.31212 4.4
-0.31187 4.7
-0.31163 4.9
-0.31139 5.1
-0.31114 5.3
-0.3109 5.5
-0.31065 5.7
-0.31041 5.9
-0.31017 6.1
-0.30992 6.3
-0.30968 6.4
-0.30943 6.6
-0.30919 6.8
-0.30894 6.9
-0.3087 7.0
-0.30846 7.2
-0.30821 7.3
-0.30797 7.4
-0.30772 7.5
-0.30748 7.6
-0.30724 7.7
-0.30699 7.7
-0.30675 7.8
-0.3065 7.8
-0.30626 7.9
-0.30602 7.9
-0.30577 7.9
-0.30553 8.0
-0.30528 8.0
-0.30504 7.9
-0.30479 7.9
-0.30455 7.9
-0.30431 7.9
-0.30406 7.8
-0.30382 7.8
-0.30357 7.7
-0.30333 7.6
-0.30309 7.5
-0.30284 7.4
-0.3026 7.3
-0.30235 7.2
-0.30211 7.1
-0.30186 7.0
-0.30162 6.8
-0.30138 6.7
-0.30113 6.5
-0.30089 6.3
-0.30064 6.2
-0.3004 6.0
-0.30016 5.8
-0.29991 5.6
-0.29967 5.4
-0.29942 5.2
-0.29918 4.9
-0.29893 4.7
-0.29869 4.5
-0.29845 4.2
-0.2982 4.0
-0.29796 3.8
-0.29771 3.5
-0.29747 3.2
-0.29723 3.0
-0.29698 2.7
-0.29674 2.4
-0.29649 2.2
-0.29625 1.9
-0.29601 1.6
-0.29576 1.3
-0.29552 1.0
-0.29527 0.8
-0.29503 0.5
-0.29478 0.2
-0.29454 -0.1
-0.2943 -0.4
-0.29405 -0.7
-0.29381 -1.0
-0.29356 -1.3
-0.29332 -1.5
-0.29308 -1.8
-0.29283 -2.1
-0.29259 -2.4
-0.29234 -2.7
-0.2921 -2.9
-0.29185 -3.2
-0.29161 -3.5
-0.29137 -3.7
-0.29112 -4.0
-0.29088 -4.2
-0.29063 -4.5
-0.29039 -4.7
-0.29015 -4.9
-0.2899 -5.2
-0.28966 -5.4
-0.28941 -5.6
-0.28917 -5.8
-0.28893 -6.0
-0.28868 -6.2
-0.28844 -6.4
-0.28819 -6.6
-0.28795 -6.7
-0.2877 -6.9
-0.28746 -7.0
-0.28722 -7.2
-0.28697 -7.3
-0.28673 -7.4
-0.28648 -7.5
-0.28624 -7.6
-0.286 -7.7
-0.28575 -7.8
-0.28551 -7.9
-0.28526 -7.9
-0.28502 -8.0
-0.28477 -8.0
-0.28453 -8.1
-0.28429 -8.1
-0.28404 -8.1
-0.2838 -8.1
-0.28355 -8.1
-0.28331 -8.0
-0.28307 -8.0
-0.28282 -8.0
-0.28258 -7.9
-0.28233 -7.8
-0.28209 -7.8
-0.28185 -7.7
-0.2816 -7.6
-0.28136 -7.5
-0.28111 -7.4
-0.28087 -7.2
-0.28062 -7.1
-0.28038 -7.0
-0.28014 -6.8
-0.27989 -6.6
-0.27965 -6.5
-0.2794 -6.3
-0.27916 -6.1
-0.27892 -5.9
-0.27867 -5.7
-0.27843 -5.5
-0.27818 -5.2
-0.27794 -5.0
-0.27769 -4.8
-0.27745 -4.5
-0.27721 -4.3
-0.27696 -4.0
-0.27672 -3.8
-0.27647 -3.5
-0.27623 -3.2
-0.27599 -3.0
-0.27574 -2.7
-0.2755 -2.4
-0.27525 -2.1
-0.27501 -1.8
-0.27477 -1.5
-0.27452 -1.2
-0.27428 -0.9
-0.27403 -0.6
-0.27379 -0.3
-0.27354 0.0
-0.2733 0.3
-0.27306 0.6
-0.27281 0.9
-0.27257 1.2
-0.27232 1.5
-0.27208 1.8
-0.27184 2.0
-0.27159 2.3
-0.27135 2.6
-0.2711 2.9
-0.27086 3.2
-0.27061 3.5
-0.27037 3.7
-0.27013 4.0
-0.26988 4.3
-0.26964 4.5
-0.26939 4.8
-0.26915 5.0
-0.26891 5.3
-0.26866 5.5
-0.26842 5.7
-0.26817 5.9
-0.26793 6.1
-0.26768 6.3
-0.26744 6.5
-0.2672 6.7
-0.26695 6.9
-0.26671 7.0
-0.26646 7.2
-0.26622 7.3
-0.26598 7.5
-0.26573 7.6
-0.26549 7.7
-0.26524 7.8
-0.265 7.9
-0.26476 8.0
-0.26451 8.0
-0.26427 8.1
-0.26402 8.1
-0.26378 8.2
-0.26353 8.2
-0.26329 8.2
-0.26305 8.2
-0.2628 8.2
-0.26256 8.2
-0.26231 8.2
-0.26207 8.1
-0.26183 8.1
-0.26158 8.0
-0.26134 7.9
-0.26109 7.8
-0.26085 7.7
-0.2606 7.6
-0.26036 7.5
-0.26012 7.4
-0.25987 7.2
-0.25963 7.1
-0.25938 6.9
-0.25914 6.7
-0.2589 6.6
-0.25865 6.4
-0.25841 6.2
-0.25816 6.0
-0.25792 5.7
-0.25768 5.5
-0.25743 5.3
-0.25719 5.0
-0.25694 4.8
-0.2567 4.5
-0.25645 4.3
-0.25621 4.0
-0.25597 3.7
-0.25572 3.4
-0.25548 3.2
-0.25523 2.9
-0.25499 2.6
-0.25475 2.3
-0.2545 2.0
-0.25426 1.7
-0.25401 1.4
-0.25377 1.1
-0.25352 0.8
-0.25328 0.4
-0.25304 0.1
-0.25279 -0.2
-0.25255 -0.5
-0.2523 -0.8
-0.25206 -1.1
-0.25182 -1.4
-0.25157 -1.7
-0.25133 -2.1
-0.25108 -2.4
-0.25084 -2.7
-0.2506 -3.0
-0.25035 -3.2
-0.25011 -3.5
-0.24986 -3.8
-0.24962 -4.1
-0.24937 -4.4
-0.24913 -4.6
-0.24889 -4.9
-0.24864 -5.2
-0.2484 -5.4
-0.24815 -5.6
-0.24791 -5.9
-0.24767 -6.1
-0.24742 -6.3
-0.24718 -6.5
-0.24693 -6.7
-0.24669 -6.9
-0.24644 -7.1
-0.2462 -7.2
-0.24596 -7.4
-0.24571 -7.5
-0.24547 -7.7
-0.24522 -7.8
-0.24498 -7.9
-0.24474 -8.0
-0.24449 -8.1
-0.24425 -8.2
-0.244 -8.2
-0.24376 -8.3
-0.24352 -8.3
-0.24327 -8.4
-0.24303 -8.4
-0.24278 -8.4
-0.24254 -8.4
-0.24229 -8.3
-0.24205 -8.3
-0.24181 -8.3
-0.24156 -8.2
-0.24132 -8.1
-0.24107 -8.1
-0.24083 -8.0
-0.24059 -7.9
-0.24034 -7.7
-0.2401 -7.6
-0.23985 -7.5
-0.23961 -7.3
-0.23936 -7.2
-0.23912 -7.0
-0.23888 -6.8
-0.23863 -6.6
-0.23839 -6.4
-0.23814 -6.2
-0.2379 -6.0
-0.23766 -5.7
-0.23741 -5.5
-0.23717 -5.3
-0.23692 -5.0
-0.23668 -4.7
-0.23643 -4.5
-0.23619 -4.2
-0.23595 -3.9
-0.2357 -3.6
-0.23546 -3.3
-0.23521 -3.0
-0.23497 -2.7
-0.23473 -2.4
-0.23448 -2.1
-0.23424 -1.8
-0.23399 -1.4
-0.23375 -1.1
-0.23351 -0.8
-0.23326 -0.5
-0.23302 -0.1
-0.23277 0.2
-0.23253 0.5
-0.23228 0.9
-0.23204 1.2
-0.2318 1.5
-0.23155 1.8
-0.23131 2.2
-0.23106 2.5
-0.23082 2.8
-0.23058 3.1
-0.23033 3.4
-0.23009 3.7
-0.22984 4.0
-0.2296 4.3
-0.22935 4.6
-0.22911 4.9
-0.22887 5.1
-0.22862 5.4
-0.22838 5.6
-0.22813 5.9
-0.22789 6.1
-0.22765 6.3
-0.2274 6.6
-0.22716 6.8
-0.22691 7.0
-0.22667 7.2
-0.22643 7.3
-0.22618 7.5
-0.22594 7.7
-0.22569 7.8
-0.22545 7.9
-0.2252 8.0
-0.22496 8.2
-0.22472 8.2
-0.22447 8.3
-0.22423 8.4
-0.22398 8.5
-0.22374 8.5
-0.2235 8.5
-0.22325 8.5
-0.22301 8.5
-0.22276 8.5
-0.22252 8.5
-0.22227 8.5
-0.22203 8.4
-0.22179 8.3
-0.22154 8.3
-0.2213 8.2
-0.22105 8.1
-0.22081 8.0
-0.22057 7.8
-0.22032 7.7
-0.22008 7.5
-0.21983 7.4
-0.21959 7.2
-0.21935 7.0
-0.2191 6.8
-0.21886 6.6
-0.21861 6.4
-0.21837 6.1
-0.21812 5.9
-0.21788 5.7
-0.21764 5.4
-0.21739 5.1
-0.21715 4.9
-0.2169 4.6
-0.21666 4.3
-0.21642 4.0
-0.21617 3.7
-0.21593 3.4
-0.21568 3.0
-0.21544 2.7
-0.21519 2.4
-0.21495 2.1
-0.21471 1.7
-0.21446 1.4
-0.21422 1.0
-0.21397 0.7
-0.21373 0.4
-0.21349 0.0
-0.21324 -0.3
-0.213 -0.7
-0.21275 -1.0
-0.21251 -1.4
-0.21227 -1.7
-0.21202 -2.1
-0.21178 -2.4
-0.21153 -2.7
-0.21129 -3.0
-0.21104 -3.4
-0.2108 -3.7
-0.21056 -4.0
-0.21031 -4.3
-0.21007 -4.6
-0.20982 -4.9
-0.20958 -5.2
-0.20934 -5.5
-0.20909 -5.7
-0.20885 -6.0
-0.2086 -6.2
-0.20836 -6.5
-0.20811 -6.7
-0.20787 -6.9
-0.20763 -7.1
-0.20738 -7.3
-0.20714 -7.5
-0.20689 -7.7
-0.20665 -7.8
-0.20641 -8.0
-0.20616 -8.1
-0.20592 -8.2
-0.20567 -8.4
-0.20543 -8.4
-0.20518 -8.5
-0.20494 -8.6
-0.2047 -8.6
-0.20445 -8.7
-0.20421 -8.7
-0.20396 -8.7
-0.20372 -8.7
-0.20348 -8.7
-0.20323 -8.7
-0.20299 -8.6
-0.20274 -8.5
-0.2025 -8.5
-0.20226 -8.4
-0.20201 -8.3
-0.20177 -8.1
-0.20152 -8.0
-0.20128 -7.9
-0.20103 -7.7
-0.20079 -7.5
-0.20055 -7.3
-0.2003 -7.1
-0.20006 -6.9
-0.19981 -6.7
-0.19957 -6.5
-0.19933 -6.2
-0.19908 -6.0
-0.19884 -5.7
-0.19859 -5.4
-0.19835 -5.2
-0.1981 -4.9
-0.19786 -4.6
-0.19762 -4.2
-0.19737 -3.9
-0.19713 -3.6
-0.19688 -3.3
-0.19664 -2.9
-0.1964 -2.6
-0.19615 -2.2
-0.19591 -1.9
-0.19566 -1.5
-0.19542 -1.2
-0.19518 -0.8
-0.19493 -0.5
-0.19469 0.0
-0.19444 0.3
-0.1942 0.6
-0.19395 1.0
-0.19371 1.4
-0.19347 1.7
-0.19322 2.1
-0.19298 2.4
-0.19273 2.8
-0.19249 3.1
-0.19225 3.5
-0.192 3.8
-0.19176 4.1
-0.19151 4.5
-0.19127 4.8
-0.19102 5.1
-0.19078 5.4
-0.19054 5.7
-0.19029 5.9
-0.19005 6.2
-0.1898 6.5
-0.18956 6.7
-0.18932 7.0
-0.18907 7.2
-0.18883 7.4
-0.18858 7.6
-0.18834 7.8
-0.1881 8.0
-0.18785 8.1
-0.18761 8.3
-0.18736 8.4
-0.18712 8.5
-0.18687 8.6
-0.18663 8.7
-0.18639 8.8
-0.18614 8.8
-0.1859 8.9
-0.18565 8.9
-0.18541 8.9
-0.18517 8.9
-0.18492 8.9
-0.18468 8.8
-0.18443 8.8
-0.18419 8.7
-0.18394 8.6
-0.1837 8.5
-0.18346 8.4
-0.18321 8.3
-0.18297 8.1
-0.18272 8.0
-0.18248 7.8
-0.18224 7.6
-0.18199 7.4
-0.18175 7.2
-0.1815 7.0
-0.18126 6.7
-0.18102 6.5
-0.18077 6.2
-0.18053 5.9
-0.18028 5.7
-0.18004 5.4
-0.17979 5.0
-0.17955 4.7
-0.17931 4.4
-0.17906 4.1
-0.17882 3.7
-0.17857 3.4
-0.17833 3.0
-0.17809 2.7
-0.17784 2.3
-0.1776 1.9
-0.17735 1.5
-0.17711 1.2
-0.17686 0.8
-0.17662 0.4
-0.17638 0.0
-0.17613 -0.4
-0.17589 -0.8
-0.17564 -1.1
-0.1754 -1.5
-0.17516 -1.9
-0.17491 -2.3
-0.17467 -2.6
-0.17442 -3.0
-0.17418 -3.4
-0.17393 -3.7
-0.17369 -4.1
-0.17345 -4.4
-0.1732 -4.8
-0.17296 -5.1
-0.17271 -5.4
-0.17247 -5.7
-0.17223 -6.0
-0.17198 -6.3
-0.17174 -6.6
-0.17149 -6.8
-0.17125 -7.1
-0.17101 -7.3
-0.17076 -7.6
-0.17052 -7.8
-0.17027 -8.0
-0.17003 -8.1
-0.16978 -8.3
-0.16954 -8.5
-0.1693 -8.6
-0.16905 -8.7
-0.16881 -8.8
-0.16856 -8.9
-0.16832 -9.0
-0.16808 -9.0
-0.16783 -9.1
-0.16759 -9.1
-0.16734 -9.1
-0.1671 -9.1
-0.16685 -9.1
-0.16661 -9.0
-0.16637 -8.9
-0.16612 -8.9
-0.16588 -8.8
-0.16563 -8.6
-0.16539 -8.5
-0.16515 -8.4
-0.1649 -8.2
-0.16466 -8.0
-0.16441 -7.8
-0.16417 -7.6
-0.16393 -7.4
-0.16368 -7.1
-0.16344 -6.9
-0.16319 -6.6
-0.16295 -6.3
-0.1627 -6.0
-0.16246 -5.7
-0.16222 -5.4
-0.16197 -5.1
-0.16173 -4.7
-0.16148 -4.4
-0.16124 -4.0
-0.161 -3.7
-0.16075 -3.3
-0.16051 -2.9
-0.16026 -2.5
-0.16002 -2.1
-0.15977 -1.7
-0.15953 -1.3
-0.15929 -0.9
-0.15904 -0.5
-0.1588 -0.1
-0.15855 0.3
-0.15831 0.7
-0.15807 1.1
-0.15782 1.5
-0.15758 1.9
-0.15733 2.3
-0.15709 2.7
-0.15685 3.1
-0.1566 3.5
-0.15636 3.8
-0.15611 4.2
-0.15587 4.6
-0.15562 4.9
-0.15538 5.3
-0.15514 5.6
-0.15489 5.9
-0.15465 6.3
-0.1544 6.6
-0.15416 6.8
-0.15392 7.1
-0.15367 7.4
-0.15343 7.6
-0.15318 7.9
-0.15294 8.1
-0.15269 8.3
-0.15245 8.5
-0.15221 8.6
-0.15196 8.8
-0.15172 8.9
-0.15147 9.0
-0.15123 9.1
-0.15099 9.2
-0.15074 9.3
-0.1505 9.3
-0.15025 9.3
-0.15001 9.3
-0.14977 9.3
-0.14952 9.3
-0.14928 9.2
-0.14903 9.2
-0.14879 9.1
-0.14854 9.0
-0.1483 8.8
-0.14806 8.7
-0.14781 8.5
-0.14757 8.3
-0.14732 8.1
-0.14708 7.9
-0.14684 7.7
-0.14659 7.4
-0.14635 7.2
-0.1461 6.9
-0.14586 6.6
-0.14561 6.3
-0.14537 6.0
-0.14513 5.6
-0.14488 5.3
-0.14464 4.9
-0.14439 4.5
-0.14415 4.2
-0.14391 3.8
-0.14366 3.4
-0.14342 3.0
-0.14317 2.6
-0.14293 2.1
-0.14268 1.7
-0.14244 1.3
-0.1422 0.9
-0.14195 0.4
-0.14171 0.0
-0.14146 -0.4
-0.14122 -0.9
-0.14098 -1.3
-0.14073 -1.7
-0.14049 -2.2
-0.14024 -2.6
-0.14 -3.0
-0.13976 -3.4
-0.13951 -3.8
-0.13927 -4.2
-0.13902 -4.6
-0.13878 -5.0
-0.13853 -5.4
-0.13829 -5.7
-0.13805 -6.1
-0.1378 -6.4
-0.13756 -6.7
-0.13731 -7.1
-0.13707 -7.3
-0.13683 -7.6
-0.13658 -7.9
-0.13634 -8.1
-0.13609 -8.4
-0.13585 -8.6
-0.1356 -8.8
-0.13536 -8.9
-0.13512 -9.1
-0.13487 -9.2
-0.13463 -9.3
-0.13438 -9.4
-0.13414 -9.5
-0.1339 -9.5
-0.13365 -9.6
-0.13341 -9.6
-0.13316 -9.6
-0.13292 -9.5
-0.13268 -9.5
-0.13243 -9.4
-0.13219 -9.3
-0.13194 -9.2
-0.1317 -9.1
-0.13145 -8.9
-0.13121 -8.7
-0.13097 -8.5
-0.13072 -8.3
-0.13048 -8.1
-0.13023 -7.8
-0.12999 -7.6
-0.12975 -7.3
-0.1295 -7.0
-0.12926 -6.6
-0.12901 -6.3
-0.12877 -5.9
-0.12852 -5.6
-0.12828 -5.2
-0.12804 -4.8
-0.12779 -4.4
-0.12755 -4.0
-0.1273 -3.6
-0.12706 -3.1
-0.12682 -2.7
-0.12657 -2.2
-0.12633 -1.8
-0.12608 -1.3
-0.12584 -0.9
-0.1256 -0.4
-0.12535 0.0
-0.12511 0.5
-0.12486 1.0
-0.12462 1.5
-0.12437 1.9
-0.12413 2.4
-0.12389 2.8
-0.12364 3.3
-0.1234 3.7
-0.12315 4.2
-0.12291 4.6
-0.12267 5.0
-0.12242 5.4
-0.12218 5.8
-0.12193 6.2
-0.12169 6.5
-0.12144 6.9
-0.1212 7.2
-0.12096 7.5
-0.12071 7.8
-0.12047 8.1
-0.12022 8.4
-0.11998 8.6
-0.11974 8.8
-0.11949 9.0
-0.11925 9.2
-0.119 9.4
-0.11876 9.5
-0.11852 9.6
-0.11827 9.7
-0.11803 9.8
-0.11778 9.9
-0.11754 9.9
-0.11729 9.9
-0.11705 9.8
-0.11681 9.8
-0.11656 9.7
-0.11632 9.6
-0.11607 9.5
-0.11583 9.4
-0.11559 9.2
-0.11534 9.0
-0.1151 8.8
-0.11485 8.6
-0.11461 8.3
-0.11436 8.0
-0.11412 7.7
-0.11388 7.4
-0.11363 7.1
-0.11339 6.7
-0.11314 6.4
-0.1129 6.0
-0.11266 5.6
-0.11241 5.2
-0.11217 4.7
-0.11192 4.3
-0.11168 3.8
-0.11143 3.4
-0.11119 2.9
-0.11095 2.4
-0.1107 1.9
-0.11046 1.4
-0.11021 0.9
-0.10997 0.4
-0.10973 0.0
-0.10948 -0.6
-0.10924 -1.1
-0.10899 -1.6
-0.10875 -2.1
-0.10851 -2.6
-0.10826 -3.1
-0.10802 -3.5
-0.10777 -4.0
-0.10753 -4.5
-0.10728 -4.9
-0.10704 -5.4
-0.1068 -5.8
-0.10655 -6.2
-0.10631 -6.6
-0.10606 -7.0
-0.10582 -7.4
-0.10558 -7.7
-0.10533 -8.0
-0.10509 -8.4
-0.10484 -8.6
-0.1046 -8.9
-0.10435 -9.1
-0.10411 -9.4
-0.10387 -9.6
-0.10362 -9.7
-0.10338 -9.9
-0.10313 -10.0
-0.10289 -10.1
-0.10265 -10.1
-0.1024 -10.2
-0.10216 -10.2
-0.10191 -10.2
-0.10167 -10.1
-0.10143 -10.1
-0.10118 -10.0
-0.10094 -9.9
-0.10069 -9.7
-0.10045 -9.5
-0.1002 -9.3
-0.09996 -9.1
-0.09972 -8.8
-0.09947 -8.6
-0.09923 -8.3
-0.09898 -7.9
-0.09874 -7.6
-0.0985 -7.2
-0.09825 -6.8
-0.09801 -6.4
-0.09776 -6.0
-0.09752 -5.6
-0.09727 -5.1
-0.09703 -4.6
-0.09679 -4.2
-0.09654 -3.7
-0.0963 -3.1
-0.09605 -2.6
-0.09581 -2.1
-0.09557 -1.6
-0.09532 -1.0
-0.09508 -0.5
-0.09483 0.0
-0.09459 0.6
-0.09435 1.2
-0.0941 1.7
-0.09386 2.3
-0.09361 2.8
-0.09337 3.3
-0.09312 3.8
-0.09288 4.4
-0.09264 4.9
-0.09239 5.3
-0.09215 5.8
-0.0919 6.3
-0.09166 6.7
-0.09142 7.1
-0.09117 7.5
-0.09093 7.9
-0.09068 8.3
-0.09044 8.6
-0.09019 8.9
-0.08995 9.2
-0.08971 9.5
-0.08946 9.7
-0.08922 9.9
-0.08897 10.1
-0.08873 10.3
-0.08849 10.4
-0.08824 10.5
-0.088 10.5
-0.08775 10.6
-0.08751 10.6
-0.08727 10.5
-0.08702 10.5
-0.08678 10.4
-0.08653 10.2
-0.08629 10.1
-0.08604 9.9
-0.0858 9.7
-0.08556 9.4
-0.08531 9.1
-0.08507 8.8
-0.08482 8.5
-0.08458 8.2
-0.08434 7.8
-0.08409 7.4
-0.08385 6.9
-0.0836 6.5
-0.08336 6.0
-0.08311 5.5
-0.08287 5.0
-0.08263 4.5
-0.08238 3.9
-0.08214 3.4
-0.08189 2.8
-0.08165 2.2
-0.08141 1.6
-0.08116 1.0
-0.08092 0.4
-0.08067 -0.2
-0.08043 -0.8
-0.08018 -1.4
-0.07994 -2.0
-0.0797 -2.6
-0.07945 -3.2
-0.07921 -3.7
-0.07896 -4.3
-0.07872 -4.9
-0.07848 -5.4
-0.07823 -5.9
-0.07799 -6.4
-0.07774 -6.9
-0.0775 -7.4
-0.07726 -7.8
-0.07701 -8.3
-0.07677 -8.7
-0.07652 -9.0
-0.07628 -9.4
-0.07603 -9.7
-0.07579 -10.0
-0.07555 -10.2
-0.0753 -10.4
-0.07506 -10.6
-0.07481 -10.8
-0.07457 -10.9
-0.07433 -10.9
-0.07408 -11.0
-0.07384 -11.0
-0.07359 -11.0
-0.07335 -10.9
-0.0731 -10.8
-0.07286 -10.6
-0.07262 -10.5
-0.07237 -10.3
-0.07213 -10.0
-0.07188 -9.7
-0.07164 -9.4
-0.0714 -9.1
-0.07115 -8.7
-0.07091 -8.3
-0.07066 -7.8
-0.07042 -7.4
-0.07018 -6.9
-0.06993 -6.3
-0.06969 -5.8
-0.06944 -5.2
-0.0692 -4.6
-0.06895 -4.0
-0.06871 -3.4
-0.06847 -2.8
-0.06822 -2.1
-0.06798 -1.5
-0.06773 -0.8
-0.06749 -0.2
-0.06725 0.5
-0.067 1.2
-0.06676 1.8
-0.06651 2.5
-0.06627 3.2
-0.06602 3.8
-0.06578 4.4
-0.06554 5.1
-0.06529 5.7
-0.06505 6.2
-0.0648 6.8
-0.06456 7.4
-0.06432 7.9
-0.06407 8.4
-0.06383 8.8
-0.06358 9.2
-0.06334 9.6
-0.0631 10.0
-0.06285 10.3
-0.06261 10.6
-0.06236 10.9
-0.06212 11.1
-0.06187 11.2
-0.06163 11.4
-0.06139 11.5
-0.06114 11.5
-0.0609 11.5
-0.06065 11.4
-0.06041 11.4
-0.06017 11.2
-0.05992 11.0
-0.05968 10.8
-0.05943 10.6
-0.05919 10.3
-0.05894 9.9
-0.0587 9.5
-0.05846 9.1
-0.05821 8.6
-0.05797 8.1
-0.05772 7.6
-0.05748 7.0
-0.05724 6.5
-0.05699 5.8
-0.05675 5.2
-0.0565 4.5
-0.05626 3.8
-0.05602 3.1
-0.05577 2.4
-0.05553 1.7
-0.05528 0.9
-0.05504 0.2
-0.05479 -0.6
-0.05455 -1.3
-0.05431 -2.1
-0.05406 -2.8
-0.05382 -3.6
-0.05357 -4.3
-0.05333 -5.0
-0.05309 -5.7
-0.05284 -6.4
-0.0526 -7.0
-0.05235 -7.6
-0.05211 -8.2
-0.05186 -8.8
-0.05162 -9.3
-0.05138 -9.8
-0.05113 -10.2
-0.05089 -10.6
-0.05064 -11.0
-0.0504 -11.3
-0.05016 -11.6
-0.04991 -11.8
-0.04967 -11.9
-0.04942 -12.0
-0.04918 -12.1
-0.04893 -12.1
-0.04869 -12.1
-0.04845 -12.0
-0.0482 -11.8
-0.04796 -11.6
-0.04771 -11.3
-0.04747 -11.0
-0.04723 -10.6
-0.04698 -10.2
-0.04674 -9.7
-0.04649 -9.2
-0.04625 -8.7
-0.04601 -8.1
-0.04576 -7.4
-0.04552 -6.7
-0.04527 -6.0
-0.04503 -5.3
-0.04478 -4.5
-0.04454 -3.7
-0.0443 -2.9
-0.04405 -2.0
-0.04381 -1.2
-0.04356 -0.3
-0.04332 0.5
-0.04308 1.4
-0.04283 2.3
-0.04259 3.1
-0.04234 4.0
-0.0421 4.8
-0.04185 5.6
-0.04161 6.4
-0.04137 7.2
-0.04112 7.9
-0.04088 8.6
-0.04063 9.3
-0.04039 9.9
-0.04015 10.4
-0.0399 10.9
-0.03966 11.4
-0.03941 11.8
-0.03917 12.1
-0.03893 12.4
-0.03868 12.6
-0.03844 12.8
-0.03819 12.9
-0.03795 12.9
-0.0377 12.8
-0.03746 12.7
-0.03722 12.5
-0.03697 12.2
-0.03673 11.9
-0.03648 11.5
-0.03624 11.0
-0.036 10.5
-0.03575 9.9
-0.03551 9.3
-0.03526 8.6
-0.03502 7.8
-0.03477 7.0
-0.03453 6.2
-0.03429 5.3
-0.03404 4.3
-0.0338 3.4
-0.03355 2.4
-0.03331 1.4
-0.03307 0.4
-0.03282 -0.6
-0.03258 -1.7
-0.03233 -2.7
-0.03209 -3.7
-0.03185 -4.7
-0.0316 -5.7
-0.03136 -6.6
-0.03111 -7.6
-0.03087 -8.4
-0.03062 -9.3
-0.03038 -10.0
-0.03014 -10.8
-0.02989 -11.4
-0.02965 -12.0
-0.0294 -12.5
-0.02916 -12.9
-0.02892 -13.3
-0.02867 -13.6
-0.02843 -13.7
-0.02818 -13.8
-0.02794 -13.8
-0.02769 -13.7
-0.02745 -13.6
-0.02721 -13.3
-0.02696 -12.9
-0.02672 -12.4
-0.02647 -11.9
-0.02623 -11.3
-0.02599 -10.5
-0.02574 -9.7
-0.0255 -8.8
-0.02525 -7.9
-0.02501 -6.9
-0.02477 -5.8
-0.02452 -4.7
-0.02428 -3.5
-0.02403 -2.3
-0.02379 -1.0
-0.02354 0.2
-0.0233 1.5
-0.02306 2.7
-0.02281 4.0
-0.02257 5.2
-0.02232 6.4
-0.02208 7.6
-0.02184 8.7
-0.02159 9.8
-0.02135 10.7
-0.0211 11.7
-0.02086 12.5
-0.02061 13.2
-0.02037 13.8
-0.02013 14.3
-0.01988 14.7
-0.01964 15.0
-0.01939 15.1
-0.01915 15.1
-0.01891 15.0
-0.01866 14.7
-0.01842 14.3
-0.01817 13.8
-0.01793 13.1
-0.01768 12.3
-0.01744 11.4
-0.0172 10.4
-0.01695 9.2
-0.01671 8.0
-0.01646 6.6
-0.01622 5.2
-0.01598 3.7
-0.01573 2.1
-0.01549 0.5
-0.01524 -1.1
-0.015 -2.7
-0.01476 -4.4
-0.01451 -6.0
-0.01427 -7.5
-0.01402 -9.0
-0.01378 -10.4
-0.01353 -11.8
-0.01329 -13.0
-0.01305 -14.0
-0.0128 -15.0
-0.01256 -15.7
-0.01231 -16.3
-0.01207 -16.7
-0.01183 -16.9
-0.01158 -16.9
-0.01134 -16.6
-0.01109 -16.2
-0.01085 -15.5
-0.0106 -14.6
-0.01036 -13.5
-0.01012 -12.2
-0.00987 -10.7
-0.00963 -9.0
-0.00938 -7.1
-0.00914 -5.2
-0.0089 -3.1
-0.00865 -0.9
-0.00841 1.4
-0.00816 3.6
-0.00792 5.9
-0.00768 8.1
-0.00743 10.2
-0.00719 12.2
-0.00694 14.0
-0.0067 15.6
-0.00645 16.9
-0.00621 18.0
-0.00597 18.8
-0.00572 19.2
-0.00548 19.2
-0.00523 18.9
-0.00499 18.1
-0.00475 17.0
-0.0045 15.4
-0.00426 13.4
-0.00401 11.1
-0.00377 8.5
-0.00352 5.6
-0.00328 2.4
-0.00304 -0.9
-0.00279 -4.3
-0.00255 -7.6
-0.0023 -10.9
-0.00206 -13.9
-0.00182 -16.6
-0.00157 -18.9
-0.00133 -20.6
-0.00108 -21.6
-0.00084 -21.8
-0.0006 -21.2
-0.00035 -19.7
-0.00011 -17.2
0.00014 -13.9
0.00038 -9.9
0.00063 -5.3
0.00087 -0.3
0.00111 4.8
0.00136 9.6
0.0016 13.8
0.00185 17.2
0.00209 19.4
0.00233 20.3
0.00258 19.8
0.00282 17.8
0.00307 14.7
0.00331 10.5
0.00356 5.7
0.0038 0.7
0.00404 -4.2
0.00429 -8.4
0.00453 -11.8
0.00478 -13.9
0.00502 -14.7
0.00526 -14.2
0.00551 -12.5
0.00575 -9.8
0.006 -6.4
0.00624 -2.7
0.00648 0.9
0.00673 4.2
0.00697 6.8
0.00722 8.5
0.00746 9.2
0.00771 9.0
0.00795 8.0
0.00819 6.3
0.00844 4.1
0.00868 1.7
0.00893 -0.6
0.00917 -2.6
0.00941 -4.2
0.00966 -5.2
0.0099 -5.6
0.01015 -5.4
0.01039 -4.6
0.01064 -3.5
0.01088 -2.1
0.01112 -0.7
0.01137 0.7
0.01161 1.9
0.01186 2.7
0.0121 3.2
0.01234 3.4
0.01259 3.1
0.01283 2.6
0.01308 1.8
0.01332 0.9
0.01357 0.0
0.01381 -0.7
0.01405 -1.4
0.0143 -1.8
0.01454 -2.0
0.01479 -2.0
0.01503 -1.8
0.01527 -1.4
0.01552 -0.9
0.01576 -0.3
0.01601 0.2
0.01625 0.6
0.01649 1.0
0.01674 1.2
0.01698 1.2
0.01723 1.2
0.01747 1.0
0.01772 0.7
0.01796 0.4
0.0182 0.0
0.01845 -0.3
0.01869 -0.5
0.01894 -0.7
0.01918 -0.8
0.01942 -0.8
0.01967 -0.7
0.01991 -0.5
0.02016 -0.3
0.0204 -0.1
0.02065 0.0
0.02089 0.2
0.02113 0.4
0.02138 0.4
0.02162 0.5
0.02187 0.4
0.02211 0.4
0.02235 0.3
0.0226 0.2
0.02284 0.0
0.02309 0.0
0.02333 -0.2
0.02357 -0.2
0.02382 -0.3
0.02406 -0.3
0.02431 -0.3
0.02455 -0.2
0.0248 -0.1
0.02504 0.0
0.02528 0.0
0.02553 0.0
0.02577 0.1
0.02602 0.2
0.02626 0.2
0.0265 0.2
0.02675 0.1
0.02699 0.1
0.02724 0.0
0.02748 0.0
0.02773 0.0
0.02797 0.0
0.02821 0.0
0.02846 -0.1
0.0287 -0.1
0.02895 0.0
0.02919 0.0
0.02943 0.0
0.02968 0.0
0.02992 0.0
0.03017 0.0
0.03041 0.0
0.03065 0.0
0.0309 0.0
0.03114 0.0
0.03139 0.0
0.03163 0.0
0.03188 0.0
0.03212 0.0
0.03236 0.0
0.03261 0.0
0.03285 0.0
0.0331 0.0
0.03334 0.0
0.03358 0.0
0.03383 0.0
0.03407 0.0
0.03432 0.0
0.03456 0.0
0.03481 0.0
0.03505 0.0
0.03529 0.0
0.03554 0.0
0.03578 0.0
0.03603 0.0
0.03627 0.0
0.03651 0.0
0.03676 0.0
0.037 0.0
0.03725 0.0
0.03749 0.0
0.03773 0.0
0.03798 0.0
0.03822 0.0
0.03847 0.0
0.03871 0.0
0.03896 0.0
0.0392 0.0
0.03944 0.0
0.03969 0.0
0.03993 0.0
0.04018 0.0
0.04042 0.0
0.04066 0.0
0.04091 0.0
0.04115 0.0
0.0414 0.0
0.04164 0.0
0.04189 0.0
0.04213 0.0
0.04237 0.0
0.04262 0.0
0.04286 0.0
0.04311 0.0
0.04335 0.0
0.04359 0.0
0.04384 0.0
0.04408 0.0
0.04433 0.0
0.04457 0.0
0.04482 0.0
0.04506 0.0
0.0453 0.0
0.04555 0.0
0.04579 0.0
0.04604 0.0
0.04628 0.0
0.04652 0.0
0.04677 0.0
0.04701 0.0
0.04726 0.0
0.0475 0.0
0.04774 0.0
0.04799 0.0
0.04823 0.0
0.04848 0.0
0.04872 0.0
0.04897 0.0
0.04921 0.0
0.04945 0.0
0.0497 0.0
0.04994 0.0
0.05019 0.0
0.05043 0.0
0.05067 0.0
0.05092 0.0
0.05116 0.0
0.05141 0.0
0.05165 0.0
0.0519 0.0
0.05214 0.0
0.05238 0.0
0.05263 0.0
0.05287 0.0
0.05312 0.0
0.05336 0.0
0.0536 0.0
0.05385 0.0
0.05409 0.0
0.05434 0.0
0.05458 0.0
0.05482 0.0
0.05507 0.0
0.05531 0.0
0.05556 0.0
0.0558 0.0
0.05605 0.0
0.05629 0.0
0.05653 0.0
0.05678 0.0
0.05702 0.0
0.05727 0.0
0.05751 0.0
0.05775 0.0
0.058 0.0
0.05824 0.0
0.05849 0.0
0.05873 0.0
0.05898 0.0
0.05922 0.0
0.05946 0.0
0.05971 0.0
0.05995 0.0
0.0602 0.0
0.06044 0.0
0.06068 0.0
0.06093 0.0
0.06117 0.0
0.06142 0.0
0.06166 0.0
0.0619 0.0
0.06215 0.0
0.06239 0.0
0.06264 0.0
0.06288 0.0
0.06313 0.0
0.06337 0.0
0.06361 0.0
0.06386 0.0
0.0641 0.0
0.06435 0.0
0.06459 0.0
0.06483 0.0
0.06508 0.0
0.06532 0.0
0.06557 0.0
0.06581 0.0
0.06606 0.0
0.0663 0.0
0.06654 0.0
0.06679 0.0
0.06703 0.0
0.06728 0.0
0.06752 0.0
0.06776 0.0
0.06801 0.0
0.06825 0.0
0.0685 0.0
0.06874 0.0
0.06898 0.0
0.06923 0.0
0.06947 0.0
0.06972 0.0
0.06996 0.0
0.07021 0.0
0.07045 0.0
0.07069 0.0
0.07094 0.0
0.07118 0.0
0.07143 0.0
0.07167 0.0
0.07191 0.0
0.07216 0.0
0.0724 0.0
0.07265 0.0
0.07289 0.0
0.07314 0.0
0.07338 0.0
0.07362 0.0
0.07387 0.0
0.07411 0.0
0.07436 0.0
0.0746 0.0
0.07484 0.0
0.07509 0.0
0.07533 0.0
0.07558 0.0
0.07582 0.0
0.07607 0.0
0.07631 0.0
0.07655 0.0
0.0768 0.0
0.07704 0.0
0.07729 0.0
0.07753 0.0
0.07777 0.0
0.07802 0.0
0.07826 0.0
0.07851 0.0
0.07875 0.0
0.07899 0.0
0.07924 0.0
0.07948 0.0
0.07973 0.0
0.07997 0.0
0.08022 0.0
0.08046 0.0
0.0807 0.0
0.08095 0.0
0.08119 0.0
0.08144 0.0
0.08168 0.0
0.08192 0.0
0.08217 0.0
0.08241 0.0
0.08266 0.0
0.0829 0.0
0.08315 0.0
0.08339 0.0
0.08363 0.0
0.08388 0.0
0.08412 0.0
0.08437 0.0
0.08461 0.0
0.08485 0.0
0.0851 0.0
0.08534 0.0
0.08559 0.0
0.08583 0.0
0.08607 0.0
0.08632 0.0
0.08656 0.0
0.08681 0.0
0.08705 0.0
0.0873 0.0
0.08754 0.0
0.08778 0.0
0.08803 0.0
0.08827 0.0
0.08852 0.0
0.08876 0.0
0.089 0.0
0.08925 0.0
0.08949 0.0
0.08974 0.0
0.08998 0.0
0.09023 0.0
0.09047 0.0
0.09071 0.0
0.09096 0.0
0.0912 0.0
0.09145 0.0
0.09169 0.0
0.09193 0.0
0.09218 0.0
0.09242 0.0
0.09267 0.0
0.09291 0.0
0.09315 0.0
0.0934 0.0
0.09364 0.0
0.09389 0.0
0.09413 0.0
0.09438 0.0
0.09462 0.0
0.09486 0.0
0.09511 0.0
0.09535 0.0
0.0956 0.0
0.09584 0.0
0.09608 0.0
0.09633 0.0
0.09657 0.0
0.09682 0.0
0.09706 0.0
0.09731 0.0
0.09755 0.0
0.09779 0.0
0.09804 0.0
0.09828 0.0
0.09853 0.0
0.09877 0.0
0.09901 0.0
0.09926 0.0
0.0995 0.0
0.09975 0.0
0.09999 0.0
0.10023 0.0
0.10048 0.0
0.10072 0.0
0.10097 0.0
0.10121 0.0
0.10146 0.0
0.1017 0.0
0.10194 0.0
0.10219 0.0
0.10243 0.0
0.10268 0.0
0.10292 0.0
0.10316 0.0
0.10341 0.0
0.10365 0.0
0.1039 0.0
0.10414 0.0
0.10439 0.0
0.10463 0.0
0.10487 0.0
0.10512 0.0
0.10536 0.0
0.10561 0.0
0.10585 0.0
0.10609 0.0
0.10634 0.0
0.10658 0.0
0.10683 0.0
0.10707 0.0
0.10732 0.0
0.10756 0.0
0.1078 0.0
0.10805 0.0
0.10829 0.0
0.10854 0.0
0.10878 0.0
0.10902 0.0
0.10927 0.0
0.10951 0.0
0.10976 0.0
0.11 0.0
0.11024 0.0
0.11049 0.0
0.11073 0.0
0.11098 0.0
0.11122 0.0
0.11147 0.0
0.11171 0.0
0.11195 0.0
0.1122 0.0
0.11244 0.0
0.11269 0.0
0.11293 0.0
0.11317 0.0
0.11342 0.0
0.11366 0.0
0.11391 0.0
0.11415 0.0
0.1144 0.0
0.11464 0.0
0.11488 0.0
0.11513 0.0
0.11537 0.0
0.11562 0.0
0.11586 0.0
0.1161 0.0
0.11635 0.0
0.11659 0.0
0.11684 0.0
0.11708 0.0
0.11732 0.0
0.11757 0.0
0.11781 0.0
0.11806 0.0
0.1183 0.0
0.11855 0.0
0.11879 0.0
0.11903 0.0
0.11928 0.0
0.11952 0.0
0.11977 0.0
0.12001 0.0
0.12025 0.0
0.1205 0.0
0.12074 0.0
0.12099 0.0
0.12123 0.0
0.12148 0.0
0.12172 0.0
0.12196 0.0
0.12221 0.0
0.12245 0.0
0.1227 0.0
0.12294 0.0
0.12318 0.0
0.12343 0.0
0.12367 0.0
0.12392 0.0
0.12416 0.0
0.1244 0.0
0.12465 0.0
0.12489 0.0
0.12514 0.0
0.12538 0.0
0.12563 0.0
0.12587 0.0
0.12611 0.0
0.12636 0.0
0.1266 0.0
0.12685 0.0
0.12709 0.0
0.12733 0.0
0.12758 0.0
0.12782 0.0
0.12807 0.0
0.12831 0.0
0.12856 0.0
0.1288 0.0
0.12904 0.0
0.12929 0.0
0.12953 0.0
0.12978 0.0
0.13002 0.0
0.13026 0.0
0.13051 0.0
0.13075 0.0
0.131 0.0
0.13124 0.0
0.13148 0.0
0.13173 0.0
0.13197 0.0
0.13222 0.0
0.13246 0.0
0.13271 0.0
0.13295 0.0
0.13319 0.0
0.13344 0.0
0.13368 0.0
0.13393 0.0
0.13417 0.0
0.13441 0.0
0.13466 0.0
0.1349 0.0
0.13515 0.0
0.13539 0.0
0.13564 0.0
0.13588 0.0
0.13612 0.0
0.13637 0.0
0.13661 0.0
0.13686 0.0
0.1371 0.0
0.13734 0.0
0.13759 0.0
0.13783 0.0
0.13808 0.0
0.13832 0.0
0.13857 0.0
0.13881 0.0
0.13905 0.0
0.1393 0.0
0.13954 0.0
0.13979 0.0
0.14003 0.0
0.14027 0.0
0.14052 0.0
0.14076 0.0
0.14101 0.0
0.14125 0.0
0.14149 0.0
0.14174 0.0
0.14198 0.0
0.14223 0.0
0.14247 0.0
0.14272 0.0
0.14296 0.0
0.1432 0.0
0.14345 0.0
0.14369 0.0
0.14394 0.0
0.14418 0.0
0.14442 0.0
0.14467 0.0
0.14491 0.0
0.14516 0.0
0.1454 0.0
0.14565 0.0
0.14589 0.0
0.14613 0.0
0.14638 0.0
0.14662 0.0
0.14687 0.0
0.14711 0.0
0.14735 0.0
0.1476 0.0
0.14784 0.0
0.14809 0.0
0.14833 0.0
0.14857 0.0
0.14882 0.0
0.14906 0.0
0.14931 0.0
0.14955 0.0
0.1498 0.0
0.15004 0.0
0.15028 0.0
0.15053 0.0
0.15077 0.0
0.15102 0.0
0.15126 0.0
0.1515 0.0
0.15175 0.0
0.15199 0.0
0.15224 0.0
0.15248 0.0
0.15273 0.0
0.15297 0.0
0.15321 0.0
0.15346 0.0
0.1537 0.0
0.15395 0.0
0.15419 0.0
0.15443 0.0
0.15468 0.0
0.15492 0.0
0.15517 0.0
0.15541 0.0
0.15565 0.0
0.1559 0.0
0.15614 0.0
0.15639 0.0
0.15663 0.0
0.15688 0.0
0.15712 0.0
0.15736 0.0
0.15761 0.0
0.15785 0.0
0.1581 0.0
0.15834 0.0
0.15858 0.0
0.15883 0.0
0.15907 0.0
0.15932 0.0
0.15956 0.0
0.15981 0.0
0.16005 0.0
0.16029 0.0
0.16054 0.0
0.16078 0.0
0.16103 0.0
0.16127 0.0
0.16151 0.0
0.16176 0.0
0.162 0.0
0.16225 0.0
0.16249 0.0
0.16273 0.0
0.16298 0.0
0.16322 0.0
0.16347 0.0
0.16371 0.0
0.16396 0.0
0.1642 0.0
0.16444 0.0
0.16469 0.0
0.16493 0.0
0.16518 0.0
0.16542 0.0
0.16566 0.0
0.16591 0.0
0.16615 0.0
0.1664 0.0
0.16664 0.0
0.16689 0.0
0.16713 0.0
0.16737 0.0
0.16762 0.0
0.16786 0.0
0.16811 0.0
0.16835 0.0
0.16859 0.0
0.16884 0.0
0.16908 0.0
0.16933 0.0
0.16957 0.0
0.16982 0.0
0.17006 0.0
0.1703 0.0
0.17055 0.0
0.17079 0.0
0.17104 0.0
0.17128 0.0
0.17152 0.0
0.17177 0.0
0.17201 0.0
0.17226 0.0
0.1725 0.0
0.17274 0.0
0.17299 0.0
0.17323 0.0
0.17348 0.0
0.17372 0.0
0.17397 0.0
0.17421 0.0
0.17445 0.0
0.1747 0.0
0.17494 0.0
0.17519 0.0
0.17543 0.0
0.17567 0.0
0.17592 0.0
0.17616 0.0
0.17641 0.0
0.17665 0.0
0.1769 0.0
0.17714 0.0
0.17738 0.0
0.17763 0.0
0.17787 0.0
0.17812 0.0
0.17836 0.0
0.1786 0.0
0.17885 0.0
0.17909 0.0
0.17934 0.0
0.17958 0.0
0.17982 0.0
0.18007 0.0
0.18031 0.0
0.18056 0.0
0.1808 0.0
0.18105 0.0
0.18129 0.0
0.18153 0.0
0.18178 0.0
0.18202 0.0
0.18227 0.0
0.18251 0.0
0.18275 0.0
0.183 0.0
0.18324 0.0
0.18349 0.0
0.18373 0.0
0.18398 0.0
0.18422 0.0
0.18446 0.0
0.18471 0.0
0.18495 0.0
0.1852 0.0
0.18544 0.0
0.18568 0.0
0.18593 0.0
0.18617 0.0
0.18642 0.0
0.18666 0.0
0.1869 0.0
0.18715 0.0
0.18739 0.0
0.18764 0.0
0.18788 0.0
0.18813 0.0
0.18837 0.0
0.18861 0.0
0.18886 0.0
0.1891 0.0
0.18935 0.0
0.18959 0.0
0.18983 0.0
0.19008 0.0
0.19032 0.0
0.19057 0.0
