t strain*1e23
-0.65688 -11.9
-0.65664 -11.8
-0.65639 -11.7
-0.65615 -11.5
-0.6559 -11.4
-0.65566 -11.2
-0.65541 -11.0
-0.65517 -10.8
-0.65493 -10.6
-0.65468 -10.3
-0.65444 -10.1
-0.65419 -9.8
-0.65395 -9.5
-0.65371 -9.2
-0.65346 -8.9
-0.65322 -8.6
-0.65297 -8.2
-0.65273 -7.9
-0.65248 -7.5
-0.65224 -7.2
-0.652 -6.8
-0.65175 -6.4
-0.65151 -6.0
-0.65126 -5.6
-0.65102 -5.1
-0.65078 -4.7
-0.65053 -4.3
-0.65029 -3.8
-0.65004 -3.4
-0.6498 -2.9
-0.64956 -2.5
-0.64931 -2.0
-0.64907 -1.5
-0.64882 -1.1
-0.64858 -0.6
-0.64833 -0.1
-0.64809 0.3
-0.64785 0.8
-0.6476 1.3
-0.64736 1.7
-0.64711 2.2
-0.64687 2.7
-0.64663 3.1
-0.64638 3.6
-0.64614 4.0
-0.64589 4.5
-0.64565 4.9
-0.6454 5.3
-0.64516 5.7
-0.64492 6.2
-0.64467 6.6
-0.64443 7.0
-0.64418 7.3
-0.64394 7.7
-0.6437 8.1
-0.64345 8.4
-0.64321 8.8
-0.64296 9.1
-0.64272 9.4
-0.64248 9.7
-0.64223 10.0
-0.64199 10.2
-0.64174 10.5
-0.6415 10.7
-0.64125 10.9
-0.64101 11.1
-0.64077 11.3
-0.64052 11.5
-0.64028 11.7
-0.64003 11.8
-0.63979 11.9
-0.63955 12.0
-0.6393 12.1
-0.63906 12.2
-0.63881 12.2
-0.63857 12.2
-0.63832 12.2
-0.63808 12.2
-0.63784 12.2
-0.63759 12.2
-0.63735 12.1
-0.6371 12.0
-0.63686 11.9
-0.63662 11.8
-0.63637 11.7
-0.63613 11.5
-0.63588 11.3
-0.63564 11.1
-0.6354 10.9
-0.63515 10.7
-0.63491 10.5
-0.63466 10.2
-0.63442 10.0
-0.63417 9.7
-0.63393 9.4
-0.63369 9.1
-0.63344 8.7
-0.6332 8.4
-0.63295 8.0
-0.63271 7.7
-0.63247 7.3
-0.63222 6.9
-0.63198 6.5
-0.63173 6.1
-0.63149 5.7
-0.63124 5.3
-0.631 4.8
-0.63076 4.4
-0.63051 3.9
-0.63027 3.5
-0.63002 3.0
-0.62978 2.6
-0.62954 2.1
-0.62929 1.6
-0.62905 1.1
-0.6288 0.7
-0.62856 0.2
-0.62831 -0.3
-0.62807 -0.8
-0.62783 -1.3
-0.62758 -1.7
-0.62734 -2.2
-0.62709 -2.7
-0.62685 -3.1
-0.62661 -3.6
-0.62636 -4.1
-0.62612 -4.5
-0.62587 -4.9
-0.62563 -5.4
-0.62539 -5.8
-0.62514 -6.2
-0.6249 -6.6
-0.62465 -7.0
-0.62441 -7.4
-0.62416 -7.8
-0.62392 -8.2
-0.62368 -8.5
-0.62343 -8.9
-0.62319 -9.2
-0.62294 -9.5
-0.6227 -9.8
-0.62246 -10.1
-0.62221 -10.4
-0.62197 -10.6
-0.62172 -10.8
-0.62148 -11.1
-0.62123 -11.3
-0.62099 -11.5
-0.62075 -11.6
-0.6205 -11.8
-0.62026 -11.9
-0.62001 -12.0
-0.61977 -12.1
-0.61953 -12.2
-0.61928 -12.3
-0.61904 -12.3
-0.61879 -12.3
-0.61855 -12.3
-0.61831 -12.3
-0.61806 -12.3
-0.61782 -12.2
-0.61757 -12.2
-0.61733 -12.1
-0.61708 -11.9
-0.61684 -11.8
-0.6166 -11.7
-0.61635 -11.5
-0.61611 -11.3
-0.61586 -11.1
-0.61562 -10.9
-0.61538 -10.7
-0.61513 -10.4
-0.61489 -10.2
-0.61464 -9.9
-0.6144 -9.6
-0.61415 -9.3
-0.61391 -8.9
-0.61367 -8.6
-0.61342 -8.3
-0.61318 -7.9
-0.61293 -7.5
-0.61269 -7.1
-0.61245 -6.7
-0.6122 -6.3
-0.61196 -5.9
-0.61171 -5.4
-0.61147 -5.0
-0.61123 -4.6
-0.61098 -4.1
-0.61074 -3.6
-0.61049 -3.2
-0.61025 -2.7
-0.61 -2.2
-0.60976 -1.7
-0.60952 -1.3
-0.60927 -0.8
-0.60903 -0.3
-0.60878 0.2
-0.60854 0.7
-0.6083 1.2
-0.60805 1.7
-0.60781 2.1
-0.60756 2.6
-0.60732 3.1
-0.60707 3.6
-0.60683 4.0
-0.60659 4.5
-0.60634 4.9
-0.6061 5.4
-0.60585 5.8
-0.60561 6.2
-0.60537 6.7
-0.60512 7.1
-0.60488 7.5
-0.60463 7.8
-0.60439 8.2
-0.60415 8.6
-0.6039 8.9
-0.60366 9.3
-0.60341 9.6
-0.60317 9.9
-0.60292 10.2
-0.60268 10.4
-0.60244 10.7
-0.60219 10.9
-0.60195 11.2
-0.6017 11.4
-0.60146 11.6
-0.60122 11.7
-0.60097 11.9
-0.60073 12.0
-0.60048 12.1
-0.60024 12.2
-0.59999 12.3
-0.59975 12.4
-0.59951 12.4
-0.59926 12.4
-0.59902 12.4
-0.59877 12.4
-0.59853 12.4
-0.59829 12.3
-0.59804 12.2
-0.5978 12.1
-0.59755 12.0
-0.59731 11.9
-0.59706 11.7
-0.59682 11.5
-0.59658 11.3
-0.59633 11.1
-0.59609 10.9
-0.59584 10.7
-0.5956 10.4
-0.59536 10.1
-0.59511 9.8
-0.59487 9.5
-0.59462 9.2
-0.59438 8.9
-0.59414 8.5
-0.59389 8.1
-0.59365 7.8
-0.5934 7.4
-0.59316 7.0
-0.59291 6.6
-0.59267 6.1
-0.59243 5.7
-0.59218 5.2
-0.59194 4.8
-0.59169 4.3
-0.59145 3.9
-0.59121 3.4
-0.59096 2.9
-0.59072 2.4
-0.59047 1.9
-0.59023 1.5
-0.58998 1.0
-0.58974 0.5
-0.5895 0.0
-0.58925 -0.5
-0.58901 -1.0
-0.58876 -1.5
-0.58852 -2.0
-0.58828 -2.5
-0.58803 -3.0
-0.58779 -3.5
-0.58754 -3.9
-0.5873 -4.4
-0.58706 -4.9
-0.58681 -5.3
-0.58657 -5.8
-0.58632 -6.2
-0.58608 -6.6
-0.58583 -7.1
-0.58559 -7.5
-0.58535 -7.9
-0.5851 -8.2
-0.58486 -8.6
-0.58461 -9.0
-0.58437 -9.3
-0.58413 -9.6
-0.58388 -9.9
-0.58364 -10.2
-0.58339 -10.5
-0.58315 -10.8
-0.5829 -11.0
-0.58266 -11.2
-0.58242 -11.5
-0.58217 -11.7
-0.58193 -11.8
-0.58168 -12.0
-0.58144 -12.1
-0.5812 -12.2
-0.58095 -12.3
-0.58071 -12.4
-0.58046 -12.5
-0.58022 -12.5
-0.57998 -12.5
-0.57973 -12.5
-0.57949 -12.5
-0.57924 -12.4
-0.579 -12.4
-0.57875 -12.3
-0.57851 -12.2
-0.57827 -12.1
-0.57802 -11.9
-0.57778 -11.8
-0.57753 -11.6
-0.57729 -11.4
-0.57705 -11.2
-0.5768 -10.9
-0.57656 -10.7
-0.57631 -10.4
-0.57607 -10.1
-0.57582 -9.8
-0.57558 -9.5
-0.57534 -9.2
-0.57509 -8.8
-0.57485 -8.4
-0.5746 -8.1
-0.57436 -7.7
-0.57412 -7.3
-0.57387 -6.9
-0.57363 -6.4
-0.57338 -6.0
-0.57314 -5.5
-0.5729 -5.1
-0.57265 -4.6
-0.57241 -4.1
-0.57216 -3.7
-0.57192 -3.2
-0.57167 -2.7
-0.57143 -2.2
-0.57119 -1.7
-0.57094 -1.2
-0.5707 -0.7
-0.57045 -0.2
-0.57021 0.3
-0.56997 0.8
-0.56972 1.3
-0.56948 1.8
-0.56923 2.3
-0.56899 2.8
-0.56874 3.3
-0.5685 3.8
-0.56826 4.3
-0.56801 4.8
-0.56777 5.2
-0.56752 5.7
-0.56728 6.1
-0.56704 6.6
-0.56679 7.0
-0.56655 7.4
-0.5663 7.8
-0.56606 8.2
-0.56581 8.6
-0.56557 9.0
-0.56533 9.3
-0.56508 9.6
-0.56484 10.0
-0.56459 10.3
-0.56435 10.6
-0.56411 10.8
-0.56386 11.1
-0.56362 11.3
-0.56337 11.5
-0.56313 11.7
-0.56289 11.9
-0.56264 12.1
-0.5624 12.2
-0.56215 12.3
-0.56191 12.4
-0.56166 12.5
-0.56142 12.6
-0.56118 12.6
-0.56093 12.6
-0.56069 12.6
-0.56044 12.6
-0.5602 12.5
-0.55996 12.5
-0.55971 12.4
-0.55947 12.3
-0.55922 12.1
-0.55898 12.0
-0.55873 11.8
-0.55849 11.6
-0.55825 11.4
-0.558 11.2
-0.55776 11.0
-0.55751 10.7
-0.55727 10.4
-0.55703 10.1
-0.55678 9.8
-0.55654 9.5
-0.55629 9.1
-0.55605 8.8
-0.55581 8.4
-0.55556 8.0
-0.55532 7.6
-0.55507 7.2
-0.55483 6.8
-0.55458 6.3
-0.55434 5.9
-0.5541 5.4
-0.55385 5.0
-0.55361 4.5
-0.55336 4.0
-0.55312 3.5
-0.55288 3.0
-0.55263 2.5
-0.55239 2.0
-0.55214 1.5
-0.5519 1.0
-0.55165 0.5
-0.55141 0.0
-0.55117 -0.6
-0.55092 -1.1
-0.55068 -1.6
-0.55043 -2.1
-0.55019 -2.6
-0.54995 -3.1
-0.5497 -3.6
-0.54946 -4.1
-0.54921 -4.6
-0.54897 -5.1
-0.54873 -5.6
-0.54848 -6.0
-0.54824 -6.5
-0.54799 -6.9
-0.54775 -7.3
-0.5475 -7.8
-0.54726 -8.2
-0.54702 -8.5
-0.54677 -8.9
-0.54653 -9.3
-0.54628 -9.6
-0.54604 -10.0
-0.5458 -10.3
-0.54555 -10.6
-0.54531 -10.9
-0.54506 -11.1
-0.54482 -11.4
-0.54457 -11.6
-0.54433 -11.8
-0.54409 -12.0
-0.54384 -12.1
-0.5436 -12.3
-0.54335 -12.4
-0.54311 -12.5
-0.54287 -12.6
-0.54262 -12.6
-0.54238 -12.7
-0.54213 -12.7
-0.54189 -12.7
-0.54165 -12.7
-0.5414 -12.6
-0.54116 -12.6
-0.54091 -12.5
-0.54067 -12.4
-0.54042 -12.2
-0.54018 -12.1
-0.53994 -11.9
-0.53969 -11.7
-0.53945 -11.5
-0.5392 -11.3
-0.53896 -11.0
-0.53872 -10.8
-0.53847 -10.5
-0.53823 -10.2
-0.53798 -9.8
-0.53774 -9.5
-0.53749 -9.2
-0.53725 -8.8
-0.53701 -8.4
-0.53676 -8.0
-0.53652 -7.6
-0.53627 -7.2
-0.53603 -6.7
-0.53579 -6.3
-0.53554 -5.8
-0.5353 -5.3
-0.53505 -4.9
-0.53481 -4.4
-0.53456 -3.9
-0.53432 -3.4
-0.53408 -2.9
-0.53383 -2.3
-0.53359 -1.8
-0.53334 -1.3
-0.5331 -0.8
-0.53286 -0.3
-0.53261 0.3
-0.53237 0.8
-0.53212 1.3
-0.53188 1.8
-0.53164 2.4
-0.53139 2.9
-0.53115 3.4
-0.5309 3.9
-0.53066 4.4
-0.53041 4.9
-0.53017 5.4
-0.52993 5.8
-0.52968 6.3
-0.52944 6.8
-0.52919 7.2
-0.52895 7.6
-0.52871 8.1
-0.52846 8.5
-0.52822 8.8
-0.52797 9.2
-0.52773 9.6
-0.52748 9.9
-0.52724 10.3
-0.527 10.6
-0.52675 10.9
-0.52651 11.1
-0.52626 11.4
-0.52602 11.6
-0.52578 11.8
-0.52553 12.0
-0.52529 12.2
-0.52504 12.3
-0.5248 12.5
-0.52456 12.6
-0.52431 12.7
-0.52407 12.7
-0.52382 12.8
-0.52358 12.8
-0.52333 12.8
-0.52309 12.8
-0.52285 12.7
-0.5226 12.7
-0.52236 12.6
-0.52211 12.5
-0.52187 12.3
-0.52163 12.2
-0.52138 12.0
-0.52114 11.8
-0.52089 11.6
-0.52065 11.4
-0.5204 11.1
-0.52016 10.8
-0.51992 10.6
-0.51967 10.2
-0.51943 9.9
-0.51918 9.6
-0.51894 9.2
-0.5187 8.8
-0.51845 8.4
-0.51821 8.0
-0.51796 7.6
-0.51772 7.2
-0.51748 6.7
-0.51723 6.2
-0.51699 5.8
-0.51674 5.3
-0.5165 4.8
-0.51625 4.3
-0.51601 3.8
-0.51577 3.3
-0.51552 2.8
-0.51528 2.2
-0.51503 1.7
-0.51479 1.2
-0.51455 0.6
-0.5143 0.0
-0.51406 -0.4
-0.51381 -1.0
-0.51357 -1.5
-0.51332 -2.0
-0.51308 -2.6
-0.51284 -3.1
-0.51259 -3.6
-0.51235 -4.1
-0.5121 -4.6
-0.51186 -5.1
-0.51162 -5.6
-0.51137 -6.1
-0.51113 -6.6
-0.51088 -7.0
-0.51064 -7.5
-0.5104 -7.9
-0.51015 -8.3
-0.50991 -8.7
-0.50966 -9.1
-0.50942 -9.5
-0.50917 -9.9
-0.50893 -10.2
-0.50869 -10.5
-0.50844 -10.8
-0.5082 -11.1
-0.50795 -11.4
-0.50771 -11.6
-0.50747 -11.8
-0.50722 -12.0
-0.50698 -12.2
-0.50673 -12.4
-0.50649 -12.5
-0.50624 -12.7
-0.506 -12.7
-0.50576 -12.8
-0.50551 -12.9
-0.50527 -12.9
-0.50502 -12.9
-0.50478 -12.9
-0.50454 -12.8
-0.50429 -12.8
-0.50405 -12.7
-0.5038 -12.6
-0.50356 -12.5
-0.50331 -12.3
-0.50307 -12.1
-0.50283 -11.9
-0.50258 -11.7
-0.50234 -11.5
-0.50209 -11.2
-0.50185 -11.0
-0.50161 -10.7
-0.50136 -10.3
-0.50112 -10.0
-0.50087 -9.7
-0.50063 -9.3
-0.50039 -8.9
-0.50014 -8.5
-0.4999 -8.1
-0.49965 -7.6
-0.49941 -7.2
-0.49916 -6.7
-0.49892 -6.3
-0.49868 -5.8
-0.49843 -5.3
-0.49819 -4.8
-0.49794 -4.3
-0.4977 -3.8
-0.49746 -3.2
-0.49721 -2.7
-0.49697 -2.2
-0.49672 -1.6
-0.49648 -1.1
-0.49623 -0.5
-0.49599 0.0
-0.49575 0.6
-0.4955 1.1
-0.49526 1.7
-0.49501 2.2
-0.49477 2.7
-0.49453 3.3
-0.49428 3.8
-0.49404 4.3
-0.49379 4.8
-0.49355 5.3
-0.49331 5.8
-0.49306 6.3
-0.49282 6.8
-0.49257 7.3
-0.49233 7.7
-0.49208 8.2
-0.49184 8.6
-0.4916 9.0
-0.49135 9.4
-0.49111 9.7
-0.49086 10.1
-0.49062 10.4
-0.49038 10.8
-0.49013 11.1
-0.48989 11.3
-0.48964 11.6
-0.4894 11.8
-0.48915 12.1
-0.48891 12.3
-0.48867 12.4
-0.48842 12.6
-0.48818 12.7
-0.48793 12.8
-0.48769 12.9
-0.48745 13.0
-0.4872 13.0
-0.48696 13.0
-0.48671 13.0
-0.48647 13.0
-0.48623 12.9
-0.48598 12.8
-0.48574 12.7
-0.48549 12.6
-0.48525 12.5
-0.485 12.3
-0.48476 12.1
-0.48452 11.9
-0.48427 11.6
-0.48403 11.4
-0.48378 11.1
-0.48354 10.8
-0.4833 10.5
-0.48305 10.1
-0.48281 9.8
-0.48256 9.4
-0.48232 9.0
-0.48207 8.6
-0.48183 8.2
-0.48159 7.7
-0.48134 7.3
-0.4811 6.8
-0.48085 6.3
-0.48061 5.8
-0.48037 5.3
-0.48012 4.8
-0.47988 4.3
-0.47963 3.7
-0.47939 3.2
-0.47915 2.7
-0.4789 2.1
-0.47866 1.6
-0.47841 1.0
-0.47817 0.4
-0.47792 -0.1
-0.47768 -0.7
-0.47744 -1.2
-0.47719 -1.8
-0.47695 -2.3
-0.4767 -2.9
-0.47646 -3.4
-0.47622 -4.0
-0.47597 -4.5
-0.47573 -5.0
-0.47548 -5.5
-0.47524 -6.1
-0.47499 -6.5
-0.47475 -7.0
-0.47451 -7.5
-0.47426 -8.0
-0.47402 -8.4
-0.47377 -8.8
-0.47353 -9.2
-0.47329 -9.6
-0.47304 -10.0
-0.4728 -10.3
-0.47255 -10.7
-0.47231 -11.0
-0.47206 -11.3
-0.47182 -11.6
-0.47158 -11.8
-0.47133 -12.1
-0.47109 -12.3
-0.47084 -12.5
-0.4706 -12.6
-0.47036 -12.8
-0.47011 -12.9
-0.46987 -13.0
-0.46962 -13.1
-0.46938 -13.1
-0.46914 -13.1
-0.46889 -13.1
-0.46865 -13.1
-0.4684 -13.0
-0.46816 -13.0
-0.46791 -12.9
-0.46767 -12.7
-0.46743 -12.6
-0.46718 -12.4
-0.46694 -12.2
-0.46669 -12.0
-0.46645 -11.8
-0.46621 -11.5
-0.46596 -11.2
-0.46572 -10.9
-0.46547 -10.6
-0.46523 -10.3
-0.46498 -9.9
-0.46474 -9.5
-0.4645 -9.1
-0.46425 -8.7
-0.46401 -8.3
-0.46376 -7.8
-0.46352 -7.3
-0.46328 -6.9
-0.46303 -6.4
-0.46279 -5.9
-0.46254 -5.4
-0.4623 -4.8
-0.46206 -4.3
-0.46181 -3.7
-0.46157 -3.2
-0.46132 -2.6
-0.46108 -2.1
-0.46083 -1.5
-0.46059 -0.9
-0.46035 -0.4
-0.4601 0.2
-0.45986 0.8
-0.45961 1.3
-0.45937 1.9
-0.45913 2.5
-0.45888 3.0
-0.45864 3.6
-0.45839 4.1
-0.45815 4.7
-0.4579 5.2
-0.45766 5.7
-0.45742 6.2
-0.45717 6.7
-0.45693 7.2
-0.45668 7.7
-0.45644 8.2
-0.4562 8.6
-0.45595 9.0
-0.45571 9.5
-0.45546 9.9
-0.45522 10.2
-0.45498 10.6
-0.45473 10.9
-0.45449 11.2
-0.45424 11.5
-0.454 11.8
-0.45375 12.1
-0.45351 12.3
-0.45327 12.5
-0.45302 12.7
-0.45278 12.8
-0.45253 13.0
-0.45229 13.1
-0.45205 13.1
-0.4518 13.2
-0.45156 13.2
-0.45131 13.2
-0.45107 13.2
-0.45082 13.2
-0.45058 13.1
-0.45034 13.0
-0.45009 12.9
-0.44985 12.8
-0.4496 12.6
-0.44936 12.4
-0.44912 12.2
-0.44887 11.9
-0.44863 11.7
-0.44838 11.4
-0.44814 11.1
-0.4479 10.8
-0.44765 10.4
-0.44741 10.0
-0.44716 9.7
-0.44692 9.2
-0.44667 8.8
-0.44643 8.4
-0.44619 7.9
-0.44594 7.5
-0.4457 7.0
-0.44545 6.5
-0.44521 5.9
-0.44497 5.4
-0.44472 4.9
-0.44448 4.3
-0.44423 3.8
-0.44399 3.2
-0.44374 2.6
-0.4435 2.1
-0.44326 1.5
-0.44301 0.9
-0.44277 0.3
-0.44252 -0.3
-0.44228 -0.8
-0.44204 -1.4
-0.44179 -2.0
-0.44155 -2.6
-0.4413 -3.2
-0.44106 -3.7
-0.44081 -4.3
-0.44057 -4.8
-0.44033 -5.4
-0.44008 -5.9
-0.43984 -6.4
-0.43959 -6.9
-0.43935 -7.4
-0.43911 -7.9
-0.43886 -8.4
-0.43862 -8.8
-0.43837 -9.3
-0.43813 -9.7
-0.43789 -10.1
-0.43764 -10.5
-0.4374 -10.8
-0.43715 -11.1
-0.43691 -11.5
-0.43666 -11.7
-0.43642 -12.0
-0.43618 -12.3
-0.43593 -12.5
-0.43569 -12.7
-0.43544 -12.9
-0.4352 -13.0
-0.43496 -13.1
-0.43471 -13.2
-0.43447 -13.3
-0.43422 -13.3
-0.43398 -13.4
-0.43373 -13.4
-0.43349 -13.3
-0.43325 -13.3
-0.433 -13.2
-0.43276 -13.1
-0.43251 -12.9
-0.43227 -12.8
-0.43203 -12.6
-0.43178 -12.4
-0.43154 -12.1
-0.43129 -11.9
-0.43105 -11.6
-0.43081 -11.3
-0.43056 -10.9
-0.43032 -10.6
-0.43007 -10.2
-0.42983 -9.8
-0.42958 -9.4
-0.42934 -9.0
-0.4291 -8.5
-0.42885 -8.1
-0.42861 -7.6
-0.42836 -7.1
-0.42812 -6.6
-0.42788 -6.0
-0.42763 -5.5
-0.42739 -5.0
-0.42714 -4.4
-0.4269 -3.8
-0.42665 -3.3
-0.42641 -2.7
-0.42617 -2.1
-0.42592 -1.5
-0.42568 -0.9
-0.42543 -0.3
-0.42519 0.3
-0.42495 0.9
-0.4247 1.5
-0.42446 2.1
-0.42421 2.7
-0.42397 3.3
-0.42373 3.8
-0.42348 4.4
-0.42324 5.0
-0.42299 5.5
-0.42275 6.1
-0.4225 6.6
-0.42226 7.1
-0.42202 7.6
-0.42177 8.1
-0.42153 8.6
-0.42128 9.0
-0.42104 9.5
-0.4208 9.9
-0.42055 10.3
-0.42031 10.7
-0.42006 11.0
-0.41982 11.4
-0.41957 11.7
-0.41933 12.0
-0.41909 12.2
-0.41884 12.5
-0.4186 12.7
-0.41835 12.9
-0.41811 13.0
-0.41787 13.2
-0.41762 13.3
-0.41738 13.4
-0.41713 13.4
-0.41689 13.5
-0.41665 13.5
-0.4164 13.5
-0.41616 13.4
-0.41591 13.3
-0.41567 13.2
-0.41542 13.1
-0.41518 12.9
-0.41494 12.8
-0.41469 12.5
-0.41445 12.3
-0.4142 12.1
-0.41396 11.8
-0.41372 11.5
-0.41347 11.1
-0.41323 10.8
-0.41298 10.4
-0.41274 10.0
-0.41249 9.6
-0.41225 9.2
-0.41201 8.7
-0.41176 8.2
-0.41152 7.7
-0.41127 7.2
-0.41103 6.7
-0.41079 6.2
-0.41054 5.6
-0.4103 5.1
-0.41005 4.5
-0.40981 3.9
-0.40956 3.3
-0.40932 2.7
-0.40908 2.1
-0.40883 1.5
-0.40859 0.9
-0.40834 0.3
-0.4081 -0.3
-0.40786 -0.9
-0.40761 -1.5
-0.40737 -2.1
-0.40712 -2.7
-0.40688 -3.3
-0.40664 -3.9
-0.40639 -4.5
-0.40615 -5.1
-0.4059 -5.7
-0.40566 -6.2
-0.40541 -6.8
-0.40517 -7.3
-0.40493 -7.8
-0.40468 -8.3
-0.40444 -8.8
-0.40419 -9.2
-0.40395 -9.7
-0.40371 -10.1
-0.40346 -10.5
-0.40322 -10.9
-0.40297 -11.2
-0.40273 -11.6
-0.40248 -11.9
-0.40224 -12.2
-0.402 -12.4
-0.40175 -12.7
-0.40151 -12.9
-0.40126 -13.1
-0.40102 -13.2
-0.40078 -13.4
-0.40053 -13.5
-0.40029 -13.5
-0.40004 -13.6
-0.3998 -13.6
-0.39956 -13.6
-0.39931 -13.6
-0.39907 -13.5
-0.39882 -13.4
-0.39858 -13.3
-0.39833 -13.1
-0.39809 -13.0
-0.39785 -12.7
-0.3976 -12.5
-0.39736 -12.3
-0.39711 -12.0
-0.39687 -11.7
-0.39663 -11.3
-0.39638 -11.0
-0.39614 -10.6
-0.39589 -10.2
-0.39565 -9.8
-0.3954 -9.3
-0.39516 -8.9
-0.39492 -8.4
-0.39467 -7.9
-0.39443 -7.4
-0.39418 -6.8
-0.39394 -6.3
-0.3937 -5.7
-0.39345 -5.2
-0.39321 -4.6
-0.39296 -4.0
-0.39272 -3.4
-0.39248 -2.8
-0.39223 -2.2
-0.39199 -1.5
-0.39174 -0.9
-0.3915 -0.3
-0.39125 0.3
-0.39101 1.0
-0.39077 1.6
-0.39052 2.2
-0.39028 2.8
-0.39003 3.4
-0.38979 4.0
-0.38955 4.6
-0.3893 5.2
-0.38906 5.8
-0.38881 6.4
-0.38857 6.9
-0.38832 7.5
-0.38808 8.0
-0.38784 8.5
-0.38759 9.0
-0.38735 9.4
-0.3871 9.9
-0.38686 10.3
-0.38662 10.7
-0.38637 11.1
-0.38613 11.5
-0.38588 11.8
-0.38564 12.1
-0.3854 12.4
-0.38515 12.7
-0.38491 12.9
-0.38466 13.1
-0.38442 13.3
-0.38417 13.4
-0.38393 13.5
-0.38369 13.6
-0.38344 13.7
-0.3832 13.7
-0.38295 13.7
-0.38271 13.7
-0.38247 13.7
-0.38222 13.6
-0.38198 13.5
-0.38173 13.3
-0.38149 13.1
-0.38124 13.0
-0.381 12.7
-0.38076 12.5
-0.38051 12.2
-0.38027 11.9
-0.38002 11.5
-0.37978 11.2
-0.37954 10.8
-0.37929 10.4
-0.37905 10.0
-0.3788 9.5
-0.37856 9.1
-0.37831 8.6
-0.37807 8.1
-0.37783 7.5
-0.37758 7.0
-0.37734 6.4
-0.37709 5.9
-0.37685 5.3
-0.37661 4.7
-0.37636 4.1
-0.37612 3.4
-0.37587 2.8
-0.37563 2.2
-0.37539 1.6
-0.37514 0.9
-0.3749 0.3
-0.37465 -0.4
-0.37441 -1.0
-0.37416 -1.7
-0.37392 -2.3
-0.37368 -2.9
-0.37343 -3.6
-0.37319 -4.2
-0.37294 -4.8
-0.3727 -5.4
-0.37246 -6.0
-0.37221 -6.5
-0.37197 -7.1
-0.37172 -7.7
-0.37148 -8.2
-0.37123 -8.7
-0.37099 -9.2
-0.37075 -9.7
-0.3705 -10.1
-0.37026 -10.6
-0.37001 -11.0
-0.36977 -11.4
-0.36953 -11.7
-0.36928 -12.0
-0.36904 -12.4
-0.36879 -12.6
-0.36855 -12.9
-0.36831 -13.1
-0.36806 -13.3
-0.36782 -13.5
-0.36757 -13.6
-0.36733 -13.7
-0.36708 -13.8
-0.36684 -13.9
-0.3666 -13.9
-0.36635 -13.9
-0.36611 -13.8
-0.36586 -13.7
-0.36562 -13.6
-0.36538 -13.5
-0.36513 -13.3
-0.36489 -13.2
-0.36464 -12.9
-0.3644 -12.7
-0.36415 -12.4
-0.36391 -12.1
-0.36367 -11.8
-0.36342 -11.4
-0.36318 -11.0
-0.36293 -10.6
-0.36269 -10.2
-0.36245 -9.7
-0.3622 -9.2
-0.36196 -8.7
-0.36171 -8.2
-0.36147 -7.7
-0.36123 -7.1
-0.36098 -6.5
-0.36074 -6.0
-0.36049 -5.4
-0.36025 -4.7
-0.36 -4.1
-0.35976 -3.5
-0.35952 -2.9
-0.35927 -2.2
-0.35903 -1.6
-0.35878 -0.9
-0.35854 -0.2
-0.3583 0.4
-0.35805 1.1
-0.35781 1.7
-0.35756 2.4
-0.35732 3.0
-0.35707 3.7
-0.35683 4.3
-0.35659 4.9
-0.35634 5.6
-0.3561 6.2
-0.35585 6.7
-0.35561 7.3
-0.35537 7.9
-0.35512 8.4
-0.35488 8.9
-0.35463 9.4
-0.35439 9.9
-0.35415 10.4
-0.3539 10.8
-0.35366 11.2
-0.35341 11.6
-0.35317 12.0
-0.35292 12.3
-0.35268 12.6
-0.35244 12.9
-0.35219 13.1
-0.35195 13.3
-0.3517 13.5
-0.35146 13.7
-0.35122 13.8
-0.35097 13.9
-0.35073 14.0
-0.35048 14.0
-0.35024 14.0
-0.34999 14.0
-0.34975 13.9
-0.34951 13.8
-0.34926 13.7
-0.34902 13.5
-0.34877 13.4
-0.34853 13.1
-0.34829 12.9
-0.34804 12.6
-0.3478 12.3
-0.34755 12.0
-0.34731 11.6
-0.34706 11.2
-0.34682 10.8
-0.34658 10.4
-0.34633 9.9
-0.34609 9.4
-0.34584 8.9
-0.3456 8.4
-0.34536 7.8
-0.34511 7.2
-0.34487 6.7
-0.34462 6.1
-0.34438 5.4
-0.34414 4.8
-0.34389 4.2
-0.34365 3.5
-0.3434 2.9
-0.34316 2.2
-0.34291 1.5
-0.34267 0.9
-0.34243 0.2
-0.34218 -0.5
-0.34194 -1.2
-0.34169 -1.8
-0.34145 -2.5
-0.34121 -3.2
-0.34096 -3.8
-0.34072 -4.5
-0.34047 -5.1
-0.34023 -5.7
-0.33998 -6.4
-0.33974 -7.0
-0.3395 -7.5
-0.33925 -8.1
-0.33901 -8.7
-0.33876 -9.2
-0.33852 -9.7
-0.33828 -10.2
-0.33803 -10.6
-0.33779 -11.1
-0.33754 -11.5
-0.3373 -11.9
-0.33706 -12.2
-0.33681 -12.6
-0.33657 -12.9
-0.33632 -13.1
-0.33608 -13.4
-0.33583 -13.6
-0.33559 -13.8
-0.33535 -13.9
-0.3351 -14.0
-0.33486 -14.1
-0.33461 -14.2
-0.33437 -14.2
-0.33413 -14.1
-0.33388 -14.1
-0.33364 -14.0
-0.33339 -13.9
-0.33315 -13.7
-0.3329 -13.6
-0.33266 -13.3
-0.33242 -13.1
-0.33217 -12.8
-0.33193 -12.5
-0.33168 -12.2
-0.33144 -11.8
-0.3312 -11.4
-0.33095 -11.0
-0.33071 -10.5
-0.33046 -10.1
-0.33022 -9.6
-0.32998 -9.0
-0.32973 -8.5
-0.32949 -7.9
-0.32924 -7.4
-0.329 -6.8
-0.32875 -6.1
-0.32851 -5.5
-0.32827 -4.9
-0.32802 -4.2
-0.32778 -3.5
-0.32753 -2.9
-0.32729 -2.2
-0.32705 -1.5
-0.3268 -0.8
-0.32656 -0.1
-0.32631 0.6
-0.32607 1.3
-0.32582 2.0
-0.32558 2.7
-0.32534 3.3
-0.32509 4.0
-0.32485 4.7
-0.3246 5.3
-0.32436 6.0
-0.32412 6.6
-0.32387 7.2
-0.32363 7.8
-0.32338 8.4
-0.32314 8.9
-0.3229 9.5
-0.32265 10.0
-0.32241 10.5
-0.32216 10.9
-0.32192 11.4
-0.32167 11.8
-0.32143 12.2
-0.32119 12.5
-0.32094 12.9
-0.3207 13.2
-0.32045 13.4
-0.32021 13.6
-0.31997 13.8
-0.31972 14.0
-0.31948 14.1
-0.31923 14.2
-0.31899 14.3
-0.31874 14.3
-0.3185 14.3
-0.31826 14.3
-0.31801 14.2
-0.31777 14.1
-0.31752 13.9
-0.31728 13.8
-0.31704 13.5
-0.31679 13.3
-0.31655 13.0
-0.3163 12.7
-0.31606 12.4
-0.31581 12.0
-0.31557 11.6
-0.31533 11.2
-0.31508 10.7
-0.31484 10.2
-0.31459 9.7
-0.31435 9.2
-0.31411 8.6
-0.31386 8.0
-0.31362 7.4
-0.31337 6.8
-0.31313 6.2
-0.31289 5.5
-0.31264 4.9
-0.3124 4.2
-0.31215 3.5
-0.31191 2.8
-0.31166 2.1
-0.31142 1.4
-0.31118 0.7
-0.31093 0.0
-0.31069 -0.7
-0.31044 -1.4
-0.3102 -2.2
-0.30996 -2.9
-0.30971 -3.6
-0.30947 -4.3
-0.30922 -4.9
-0.30898 -5.6
-0.30873 -6.3
-0.30849 -6.9
-0.30825 -7.5
-0.308 -8.1
-0.30776 -8.7
-0.30751 -9.3
-0.30727 -9.8
-0.30703 -10.3
-0.30678 -10.8
-0.30654 -11.3
-0.30629 -11.7
-0.30605 -12.1
-0.30581 -12.5
-0.30556 -12.9
-0.30532 -13.2
-0.30507 -13.5
-0.30483 -13.7
-0.30458 -13.9
-0.30434 -14.1
-0.3041 -14.3
-0.30385 -14.4
-0.30361 -14.4
-0.30336 -14.5
-0.30312 -14.5
-0.30288 -14.4
-0.30263 -14.4
-0.30239 -14.3
-0.30214 -14.1
-0.3019 -13.9
-0.30165 -13.7
-0.30141 -13.5
-0.30117 -13.2
-0.30092 -12.9
-0.30068 -12.5
-0.30043 -12.2
-0.30019 -11.7
-0.29995 -11.3
-0.2997 -10.8
-0.29946 -10.3
-0.29921 -9.8
-0.29897 -9.3
-0.29873 -8.7
-0.29848 -8.1
-0.29824 -7.5
-0.29799 -6.8
-0.29775 -6.2
-0.2975 -5.5
-0.29726 -4.8
-0.29702 -4.1
-0.29677 -3.4
-0.29653 -2.7
-0.29628 -2.0
-0.29604 -1.3
-0.2958 -0.5
-0.29555 0.2
-0.29531 0.9
-0.29506 1.7
-0.29482 2.4
-0.29457 3.1
-0.29433 3.9
-0.29409 4.6
-0.29384 5.3
-0.2936 5.9
-0.29335 6.6
-0.29311 7.3
-0.29287 7.9
-0.29262 8.5
-0.29238 9.1
-0.29213 9.7
-0.29189 10.2
-0.29165 10.7
-0.2914 11.2
-0.29116 11.7
-0.29091 12.1
-0.29067 12.5
-0.29042 12.9
-0.29018 13.2
-0.28994 13.5
-0.28969 13.8
-0.28945 14.0
-0.2892 14.2
-0.28896 14.4
-0.28872 14.5
-0.28847 14.6
-0.28823 14.6
-0.28798 14.6
-0.28774 14.6
-0.28749 14.6
-0.28725 14.4
-0.28701 14.3
-0.28676 14.1
-0.28652 13.9
-0.28627 13.7
-0.28603 13.4
-0.28579 13.0
-0.28554 12.7
-0.2853 12.3
-0.28505 11.9
-0.28481 11.4
-0.28456 10.9
-0.28432 10.4
-0.28408 9.9
-0.28383 9.3
-0.28359 8.7
-0.28334 8.1
-0.2831 7.5
-0.28286 6.8
-0.28261 6.1
-0.28237 5.4
-0.28212 4.7
-0.28188 4.0
-0.28164 3.3
-0.28139 2.5
-0.28115 1.8
-0.2809 1.0
-0.28066 0.3
-0.28041 -0.5
-0.28017 -1.3
-0.27993 -2.0
-0.27968 -2.8
-0.27944 -3.5
-0.27919 -4.2
-0.27895 -5.0
-0.27871 -5.7
-0.27846 -6.4
-0.27822 -7.0
-0.27797 -7.7
-0.27773 -8.3
-0.27748 -9.0
-0.27724 -9.6
-0.277 -10.1
-0.27675 -10.7
-0.27651 -11.2
-0.27626 -11.7
-0.27602 -12.1
-0.27578 -12.6
-0.27553 -12.9
-0.27529 -13.3
-0.27504 -13.6
-0.2748 -13.9
-0.27456 -14.2
-0.27431 -14.4
-0.27407 -14.5
-0.27382 -14.7
-0.27358 -14.8
-0.27333 -14.8
-0.27309 -14.8
-0.27285 -14.8
-0.2726 -14.7
-0.27236 -14.6
-0.27211 -14.5
-0.27187 -14.3
-0.27163 -14.1
-0.27138 -13.8
-0.27114 -13.5
-0.27089 -13.2
-0.27065 -12.8
-0.2704 -12.4
-0.27016 -11.9
-0.26992 -11.5
-0.26967 -11.0
-0.26943 -10.4
-0.26918 -9.9
-0.26894 -9.3
-0.2687 -8.7
-0.26845 -8.0
-0.26821 -7.4
-0.26796 -6.7
-0.26772 -6.0
-0.26748 -5.2
-0.26723 -4.5
-0.26699 -3.8
-0.26674 -3.0
-0.2665 -2.2
-0.26625 -1.5
-0.26601 -0.7
-0.26577 0.0
-0.26552 0.9
-0.26528 1.7
-0.26503 2.4
-0.26479 3.2
-0.26455 4.0
-0.2643 4.7
-0.26406 5.5
-0.26381 6.2
-0.26357 6.9
-0.26332 7.6
-0.26308 8.2
-0.26284 8.9
-0.26259 9.5
-0.26235 10.1
-0.2621 10.7
-0.26186 11.2
-0.26162 11.7
-0.26137 12.2
-0.26113 12.6
-0.26088 13.0
-0.26064 13.4
-0.2604 13.8
-0.26015 14.1
-0.25991 14.3
-0.25966 14.5
-0.25942 14.7
-0.25917 14.8
-0.25893 14.9
-0.25869 15.0
-0.25844 15.0
-0.2582 15.0
-0.25795 14.9
-0.25771 14.8
-0.25747 14.6
-0.25722 14.4
-0.25698 14.2
-0.25673 13.9
-0.25649 13.6
-0.25624 13.3
-0.256 12.9
-0.25576 12.4
-0.25551 12.0
-0.25527 11.5
-0.25502 10.9
-0.25478 10.4
-0.25454 9.8
-0.25429 9.2
-0.25405 8.5
-0.2538 7.9
-0.25356 7.2
-0.25331 6.4
-0.25307 5.7
-0.25283 5.0
-0.25258 4.2
-0.25234 3.4
-0.25209 2.6
-0.25185 1.8
-0.25161 1.0
-0.25136 0.2
-0.25112 -0.6
-0.25087 -1.4
-0.25063 -2.2
-0.25039 -3.0
-0.25014 -3.8
-0.2499 -4.5
-0.24965 -5.3
-0.24941 -6.1
-0.24916 -6.8
-0.24892 -7.5
-0.24868 -8.2
-0.24843 -8.9
-0.24819 -9.5
-0.24794 -10.1
-0.2477 -10.7
-0.24746 -11.3
-0.24721 -11.8
-0.24697 -12.3
-0.24672 -12.8
-0.24648 -13.2
-0.24623 -13.6
-0.24599 -13.9
-0.24575 -14.2
-0.2455 -14.5
-0.24526 -14.7
-0.24501 -14.9
-0.24477 -15.0
-0.24453 -15.1
-0.24428 -15.2
-0.24404 -15.2
-0.24379 -15.2
-0.24355 -15.1
-0.24331 -15.0
-0.24306 -14.8
-0.24282 -14.6
-0.24257 -14.3
-0.24233 -14.0
-0.24208 -13.7
-0.24184 -13.3
-0.2416 -12.9
-0.24135 -12.4
-0.24111 -11.9
-0.24086 -11.4
-0.24062 -10.8
-0.24038 -10.2
-0.24013 -9.6
-0.23989 -9.0
-0.23964 -8.3
-0.2394 -7.6
-0.23915 -6.9
-0.23891 -6.1
-0.23867 -5.3
-0.23842 -4.6
-0.23818 -3.8
-0.23793 -2.9
-0.23769 -2.1
-0.23745 -1.3
-0.2372 -0.5
-0.23696 0.4
-0.23671 1.2
-0.23647 2.0
-0.23623 2.9
-0.23598 3.7
-0.23574 4.5
-0.23549 5.3
-0.23525 6.1
-0.235 6.8
-0.23476 7.6
-0.23452 8.3
-0.23427 9.0
-0.23403 9.6
-0.23378 10.3
-0.23354 10.9
-0.2333 11.5
-0.23305 12.0
-0.23281 12.5
-0.23256 13.0
-0.23232 13.4
-0.23207 13.8
-0.23183 14.2
-0.23159 14.5
-0.23134 14.7
-0.2311 15.0
-0.23085 15.1
-0.23061 15.3
-0.23037 15.4
-0.23012 15.4
-0.22988 15.4
-0.22963 15.3
-0.22939 15.2
-0.22915 15.1
-0.2289 14.9
-0.22866 14.7
-0.22841 14.4
-0.22817 14.1
-0.22792 13.7
-0.22768 13.3
-0.22744 12.8
-0.22719 12.3
-0.22695 11.8
-0.2267 11.2
-0.22646 10.6
-0.22622 10.0
-0.22597 9.3
-0.22573 8.6
-0.22548 7.9
-0.22524 7.2
-0.22499 6.4
-0.22475 5.6
-0.22451 4.8
-0.22426 4.0
-0.22402 3.1
-0.22377 2.3
-0.22353 1.4
-0.22329 0.6
-0.22304 -0.3
-0.2228 -1.2
-0.22255 -2.0
-0.22231 -2.9
-0.22206 -3.7
-0.22182 -4.6
-0.22158 -5.4
-0.22133 -6.2
-0.22109 -7.0
-0.22084 -7.7
-0.2206 -8.5
-0.22036 -9.2
-0.22011 -9.9
-0.21987 -10.5
-0.21962 -11.2
-0.21938 -11.8
-0.21914 -12.3
-0.21889 -12.8
-0.21865 -13.3
-0.2184 -13.7
-0.21816 -14.1
-0.21791 -14.5
-0.21767 -14.8
-0.21743 -15.0
-0.21718 -15.3
-0.21694 -15.4
-0.21669 -15.5
-0.21645 -15.6
-0.21621 -15.6
-0.21596 -15.6
-0.21572 -15.5
-0.21547 -15.4
-0.21523 -15.2
-0.21498 -15.0
-0.21474 -14.7
-0.2145 -14.4
-0.21425 -14.0
-0.21401 -13.6
-0.21376 -13.1
-0.21352 -12.6
-0.21328 -12.1
-0.21303 -11.5
-0.21279 -10.9
-0.21254 -10.2
-0.2123 -9.6
-0.21206 -8.8
-0.21181 -8.1
-0.21157 -7.3
-0.21132 -6.5
-0.21108 -5.7
-0.21083 -4.9
-0.21059 -4.0
-0.21035 -3.2
-0.2101 -2.3
-0.20986 -1.4
-0.20961 -0.5
-0.20937 0.4
-0.20913 1.3
-0.20888 2.2
-0.20864 3.1
-0.20839 3.9
-0.20815 4.8
-0.2079 5.6
-0.20766 6.5
-0.20742 7.3
-0.20717 8.1
-0.20693 8.8
-0.20668 9.6
-0.20644 10.3
-0.2062 10.9
-0.20595 11.6
-0.20571 12.2
-0.20546 12.7
-0.20522 13.3
-0.20498 13.7
-0.20473 14.2
-0.20449 14.5
-0.20424 14.9
-0.204 15.2
-0.20375 15.4
-0.20351 15.6
-0.20327 15.7
-0.20302 15.8
-0.20278 15.8
-0.20253 15.8
-0.20229 15.8
-0.20205 15.6
-0.2018 15.5
-0.20156 15.2
-0.20131 15.0
-0.20107 14.6
-0.20082 14.3
-0.20058 13.8
-0.20034 13.4
-0.20009 12.8
-0.19985 12.3
-0.1996 11.7
-0.19936 11.1
-0.19912 10.4
-0.19887 9.7
-0.19863 8.9
-0.19838 8.1
-0.19814 7.3
-0.1979 6.5
-0.19765 5.7
-0.19741 4.8
-0.19716 3.9
-0.19692 3.0
-0.19667 2.1
-0.19643 1.2
-0.19619 0.2
-0.19594 -0.7
-0.1957 -1.6
-0.19545 -2.5
-0.19521 -3.5
-0.19497 -4.4
-0.19472 -5.2
-0.19448 -6.1
-0.19423 -7.0
-0.19399 -7.8
-0.19374 -8.6
-0.1935 -9.4
-0.19326 -10.1
-0.19301 -10.8
-0.19277 -11.5
-0.19252 -12.1
-0.19228 -12.7
-0.19204 -13.3
-0.19179 -13.8
-0.19155 -14.3
-0.1913 -14.7
-0.19106 -15.0
-0.19081 -15.3
-0.19057 -15.6
-0.19033 -15.8
-0.19008 -16.0
-0.18984 -16.0
-0.18959 -16.1
-0.18935 -16.1
-0.18911 -16.0
-0.18886 -15.9
-0.18862 -15.7
-0.18837 -15.5
-0.18813 -15.2
-0.18789 -14.8
-0.18764 -14.4
-0.1874 -14.0
-0.18715 -13.5
-0.18691 -12.9
-0.18666 -12.4
-0.18642 -11.7
-0.18618 -11.1
-0.18593 -10.3
-0.18569 -9.6
-0.18544 -8.8
-0.1852 -8.0
-0.18496 -7.1
-0.18471 -6.3
-0.18447 -5.4
-0.18422 -4.5
-0.18398 -3.5
-0.18373 -2.6
-0.18349 -1.6
-0.18325 -0.7
-0.183 0.3
-0.18276 1.2
-0.18251 2.2
-0.18227 3.2
-0.18203 4.1
-0.18178 5.0
-0.18154 5.9
-0.18129 6.8
-0.18105 7.7
-0.18081 8.5
-0.18056 9.4
-0.18032 10.1
-0.18007 10.9
-0.17983 11.6
-0.17958 12.3
-0.17934 12.9
-0.1791 13.5
-0.17885 14.0
-0.17861 14.5
-0.17836 14.9
-0.17812 15.3
-0.17788 15.6
-0.17763 15.9
-0.17739 16.1
-0.17714 16.2
-0.1769 16.3
-0.17665 16.3
-0.17641 16.3
-0.17617 16.2
-0.17592 16.1
-0.17568 15.9
-0.17543 15.6
-0.17519 15.3
-0.17495 14.9
-0.1747 14.5
-0.17446 14.0
-0.17421 13.5
-0.17397 12.9
-0.17373 12.3
-0.17348 11.6
-0.17324 10.9
-0.17299 10.1
-0.17275 9.3
-0.1725 8.5
-0.17226 7.6
-0.17202 6.7
-0.17177 5.8
-0.17153 4.8
-0.17128 3.9
-0.17104 2.9
-0.1708 1.9
-0.17055 0.9
-0.17031 0.0
-0.17006 -1.1
-0.16982 -2.1
-0.16957 -3.1
-0.16933 -4.1
-0.16909 -5.0
-0.16884 -6.0
-0.1686 -6.9
-0.16835 -7.8
-0.16811 -8.7
-0.16787 -9.6
-0.16762 -10.4
-0.16738 -11.1
-0.16713 -11.9
-0.16689 -12.6
-0.16665 -13.2
-0.1664 -13.8
-0.16616 -14.3
-0.16591 -14.8
-0.16567 -15.3
-0.16542 -15.6
-0.16518 -16.0
-0.16494 -16.2
-0.16469 -16.4
-0.16445 -16.5
-0.1642 -16.6
-0.16396 -16.6
-0.16372 -16.6
-0.16347 -16.4
-0.16323 -16.3
-0.16298 -16.0
-0.16274 -15.7
-0.16249 -15.3
-0.16225 -14.9
-0.16201 -14.4
-0.16176 -13.9
-0.16152 -13.3
-0.16127 -12.6
-0.16103 -12.0
-0.16079 -11.2
-0.16054 -10.4
-0.1603 -9.6
-0.16005 -8.7
-0.15981 -7.8
-0.15956 -6.9
-0.15932 -5.9
-0.15908 -5.0
-0.15883 -4.0
-0.15859 -2.9
-0.15834 -1.9
-0.1581 -0.9
-0.15786 0.2
-0.15761 1.2
-0.15737 2.3
-0.15712 3.3
-0.15688 4.3
-0.15664 5.4
-0.15639 6.3
-0.15615 7.3
-0.1559 8.2
-0.15566 9.2
-0.15541 10.0
-0.15517 10.9
-0.15493 11.6
-0.15468 12.4
-0.15444 13.1
-0.15419 13.7
-0.15395 14.3
-0.15371 14.9
-0.15346 15.3
-0.15322 15.8
-0.15297 16.1
-0.15273 16.4
-0.15248 16.6
-0.15224 16.8
-0.152 16.9
-0.15175 16.9
-0.15151 16.9
-0.15126 16.8
-0.15102 16.6
-0.15078 16.3
-0.15053 16.0
-0.15029 15.6
-0.15004 15.2
-0.1498 14.7
-0.14956 14.1
-0.14931 13.5
-0.14907 12.8
-0.14882 12.1
-0.14858 11.3
-0.14833 10.5
-0.14809 9.6
-0.14785 8.7
-0.1476 7.8
-0.14736 6.8
-0.14711 5.8
-0.14687 4.7
-0.14663 3.7
-0.14638 2.6
-0.14614 1.5
-0.14589 0.4
-0.14565 -0.7
-0.1454 -1.8
-0.14516 -2.8
-0.14492 -3.9
-0.14467 -5.0
-0.14443 -6.0
-0.14418 -7.1
-0.14394 -8.0
-0.1437 -9.0
-0.14345 -9.9
-0.14321 -10.8
-0.14296 -11.7
-0.14272 -12.5
-0.14248 -13.2
-0.14223 -13.9
-0.14199 -14.5
-0.14174 -15.1
-0.1415 -15.6
-0.14125 -16.0
-0.14101 -16.4
-0.14077 -16.7
-0.14052 -16.9
-0.14028 -17.1
-0.14003 -17.2
-0.13979 -17.2
-0.13955 -17.2
-0.1393 -17.0
-0.13906 -16.8
-0.13881 -16.6
-0.13857 -16.2
-0.13832 -15.8
-0.13808 -15.3
-0.13784 -14.8
-0.13759 -14.2
-0.13735 -13.5
-0.1371 -12.8
-0.13686 -12.0
-0.13662 -11.1
-0.13637 -10.3
-0.13613 -9.3
-0.13588 -8.3
-0.13564 -7.3
-0.1354 -6.3
-0.13515 -5.2
-0.13491 -4.1
-0.13466 -3.0
-0.13442 -1.9
-0.13417 -0.7
-0.13393 0.4
-0.13369 1.6
-0.13344 2.7
-0.1332 3.9
-0.13295 5.0
-0.13271 6.1
-0.13247 7.2
-0.13222 8.2
-0.13198 9.2
-0.13173 10.2
-0.13149 11.1
-0.13124 12.0
-0.131 12.8
-0.13076 13.6
-0.13051 14.3
-0.13027 14.9
-0.13002 15.5
-0.12978 16.0
-0.12954 16.5
-0.12929 16.8
-0.12905 17.1
-0.1288 17.4
-0.12856 17.5
-0.12831 17.6
-0.12807 17.5
-0.12783 17.5
-0.12758 17.3
-0.12734 17.0
-0.12709 16.7
-0.12685 16.3
-0.12661 15.8
-0.12636 15.3
-0.12612 14.6
-0.12587 13.9
-0.12563 13.2
-0.12539 12.4
-0.12514 11.5
-0.1249 10.6
-0.12465 9.6
-0.12441 8.6
-0.12416 7.5
-0.12392 6.4
-0.12368 5.3
-0.12343 4.1
-0.12319 2.9
-0.12294 1.7
-0.1227 0.5
-0.12246 -0.7
-0.12221 -1.9
-0.12197 -3.1
-0.12172 -4.3
-0.12148 -5.4
-0.12123 -6.6
-0.12099 -7.7
-0.12075 -8.8
-0.1205 -9.8
-0.12026 -10.8
-0.12001 -11.8
-0.11977 -12.7
-0.11953 -13.5
-0.11928 -14.3
-0.11904 -15.0
-0.11879 -15.6
-0.11855 -16.2
-0.11831 -16.7
-0.11806 -17.1
-0.11782 -17.4
-0.11757 -17.7
-0.11733 -17.8
-0.11708 -17.9
-0.11684 -17.9
-0.1166 -17.8
-0.11635 -17.6
-0.11611 -17.4
-0.11586 -17.0
-0.11562 -16.6
-0.11538 -16.1
-0.11513 -15.5
-0.11489 -14.8
-0.11464 -14.1
-0.1144 -13.3
-0.11415 -12.4
-0.11391 -11.5
-0.11367 -10.5
-0.11342 -9.4
-0.11318 -8.3
-0.11293 -7.2
-0.11269 -6.0
-0.11245 -4.8
-0.1122 -3.6
-0.11196 -2.3
-0.11171 -1.0
-0.11147 0.2
-0.11123 1.5
-0.11098 2.8
-0.11074 4.0
-0.11049 5.3
-0.11025 6.5
-0.11 7.7
-0.10976 8.8
-0.10952 9.9
-0.10927 11.0
-0.10903 12.0
-0.10878 12.9
-0.10854 13.8
-0.1083 14.6
-0.10805 15.4
-0.10781 16.1
-0.10756 16.6
-0.10732 17.1
-0.10707 17.6
-0.10683 17.9
-0.10659 18.1
-0.10634 18.3
-0.1061 18.3
-0.10585 18.3
-0.10561 18.2
-0.10537 17.9
-0.10512 17.6
-0.10488 17.2
-0.10463 16.7
-0.10439 16.1
-0.10415 15.4
-0.1039 14.7
-0.10366 13.8
-0.10341 12.9
-0.10317 12.0
-0.10292 10.9
-0.10268 9.8
-0.10244 8.7
-0.10219 7.5
-0.10195 6.2
-0.1017 5.0
-0.10146 3.7
-0.10122 2.3
-0.10097 1.0
-0.10073 -0.4
-0.10048 -1.7
-0.10024 -3.1
-0.09999 -4.4
-0.09975 -5.7
-0.09951 -7.0
-0.09926 -8.2
-0.09902 -9.4
-0.09877 -10.6
-0.09853 -11.7
-0.09829 -12.7
-0.09804 -13.7
-0.0978 -14.6
-0.09755 -15.4
-0.09731 -16.2
-0.09706 -16.8
-0.09682 -17.4
-0.09658 -17.9
-0.09633 -18.2
-0.09609 -18.5
-0.09584 -18.7
-0.0956 -18.8
-0.09536 -18.7
-0.09511 -18.6
-0.09487 -18.4
-0.09462 -18.0
-0.09438 -17.6
-0.09414 -17.1
-0.09389 -16.4
-0.09365 -15.7
-0.0934 -14.9
-0.09316 -14.0
-0.09291 -13.0
-0.09267 -12.0
-0.09243 -10.8
-0.09218 -9.6
-0.09194 -8.4
-0.09169 -7.1
-0.09145 -5.8
-0.09121 -4.4
-0.09096 -3.0
-0.09072 -1.6
-0.09047 -0.1
-0.09023 1.3
-0.08998 2.7
-0.08974 4.1
-0.0895 5.5
-0.08925 6.9
-0.08901 8.2
-0.08876 9.5
-0.08852 10.8
-0.08828 11.9
-0.08803 13.0
-0.08779 14.1
-0.08754 15.0
-0.0873 15.9
-0.08706 16.7
-0.08681 17.4
-0.08657 18.0
-0.08632 18.4
-0.08608 18.8
-0.08583 19.1
-0.08559 19.2
-0.08535 19.3
-0.0851 19.2
-0.08486 19.0
-0.08461 18.7
-0.08437 18.3
-0.08413 17.7
-0.08388 17.1
-0.08364 16.3
-0.08339 15.5
-0.08315 14.6
-0.0829 13.5
-0.08266 12.4
-0.08242 11.2
-0.08217 10.0
-0.08193 8.7
-0.08168 7.3
-0.08144 5.8
-0.0812 4.4
-0.08095 2.9
-0.08071 1.4
-0.08046 -0.2
-0.08022 -1.7
-0.07998 -3.2
-0.07973 -4.7
-0.07949 -6.2
-0.07924 -7.7
-0.079 -9.1
-0.07875 -10.4
-0.07851 -11.7
-0.07827 -13.0
-0.07802 -14.1
-0.07778 -15.1
-0.07753 -16.1
-0.07729 -17.0
-0.07705 -17.7
-0.0768 -18.4
-0.07656 -18.9
-0.07631 -19.3
-0.07607 -19.6
-0.07582 -19.8
-0.07558 -19.8
-0.07534 -19.7
-0.07509 -19.5
-0.07485 -19.1
-0.0746 -18.7
-0.07436 -18.1
-0.07412 -17.4
-0.07387 -16.5
-0.07363 -15.6
-0.07338 -14.5
-0.07314 -13.4
-0.0729 -12.2
-0.07265 -10.8
-0.07241 -9.4
-0.07216 -8.0
-0.07192 -6.5
-0.07167 -4.9
-0.07143 -3.3
-0.07119 -1.7
-0.07094 0.0
-0.0707 1.6
-0.07045 3.3
-0.07021 4.9
-0.06997 6.5
-0.06972 8.1
-0.06948 9.6
-0.06923 11.0
-0.06899 12.4
-0.06874 13.7
-0.0685 14.9
-0.06826 16.0
-0.06801 17.0
-0.06777 17.9
-0.06752 18.6
-0.06728 19.2
-0.06704 19.7
-0.06679 20.1
-0.06655 20.3
-0.0663 20.4
-0.06606 20.3
-0.06581 20.1
-0.06557 19.8
-0.06533 19.3
-0.06508 18.6
-0.06484 17.9
-0.06459 17.0
-0.06435 16.0
-0.06411 14.8
-0.06386 13.6
-0.06362 12.2
-0.06337 10.8
-0.06313 9.2
-0.06289 7.6
-0.06264 6.0
-0.0624 4.2
-0.06215 2.5
-0.06191 0.7
-0.06166 -1.1
-0.06142 -2.8
-0.06118 -4.6
-0.06093 -6.4
-0.06069 -8.0
-0.06044 -9.7
-0.0602 -11.3
-0.05996 -12.8
-0.05971 -14.2
-0.05947 -15.5
-0.05922 -16.6
-0.05898 -17.7
-0.05873 -18.6
-0.05849 -19.4
-0.05825 -20.1
-0.058 -20.6
-0.05776 -20.9
-0.05751 -21.1
-0.05727 -21.1
-0.05703 -20.9
-0.05678 -20.6
-0.05654 -20.1
-0.05629 -19.5
-0.05605 -18.7
-0.05581 -17.7
-0.05556 -16.6
-0.05532 -15.4
-0.05507 -14.0
-0.05483 -12.6
-0.05458 -11.0
-0.05434 -9.3
-0.0541 -7.5
-0.05385 -5.7
-0.05361 -3.8
-0.05336 -1.9
-0.05312 0.0
-0.05288 2.0
-0.05263 3.9
-0.05239 5.8
-0.05214 7.7
-0.0519 9.5
-0.05165 11.3
-0.05141 12.9
-0.05117 14.5
-0.05092 15.9
-0.05068 17.2
-0.05043 18.4
-0.05019 19.4
-0.04995 20.3
-0.0497 20.9
-0.04946 21.4
-0.04921 21.8
-0.04897 21.9
-0.04873 21.8
-0.04848 21.6
-0.04824 21.1
-0.04799 20.5
-0.04775 19.7
-0.0475 18.7
-0.04726 17.5
-0.04702 16.2
-0.04677 14.8
-0.04653 13.1
-0.04628 11.4
-0.04604 9.6
-0.0458 7.6
-0.04555 5.6
-0.04531 3.5
-0.04506 1.4
-0.04482 -0.8
-0.04457 -2.9
-0.04433 -5.0
-0.04409 -7.1
-0.04384 -9.2
-0.0436 -11.1
-0.04335 -13.0
-0.04311 -14.7
-0.04287 -16.3
-0.04262 -17.8
-0.04238 -19.1
-0.04213 -20.2
-0.04189 -21.2
-0.04165 -21.9
-0.0414 -22.4
-0.04116 -22.7
-0.04091 -22.8
-0.04067 -22.7
-0.04042 -22.3
-0.04018 -21.7
-0.03994 -20.9
-0.03969 -19.9
-0.03945 -18.6
-0.0392 -17.2
-0.03896 -15.6
-0.03872 -13.8
-0.03847 -11.9
-0.03823 -9.8
-0.03798 -7.7
-0.03774 -5.4
-0.03749 -3.0
-0.03725 -0.7
-0.03701 1.7
-0.03676 4.1
-0.03652 6.5
-0.03627 8.8
-0.03603 11.0
-0.03579 13.1
-0.03554 15.1
-0.0353 17.0
-0.03505 18.6
-0.03481 20.1
-0.03456 21.3
-0.03432 22.4
-0.03408 23.1
-0.03383 23.6
-0.03359 23.9
-0.03334 23.9
-0.0331 23.6
-0.03286 23.0
-0.03261 22.2
-0.03237 21.1
-0.03212 19.8
-0.03188 18.2
-0.03164 16.4
-0.03139 14.3
-0.03115 12.1
-0.0309 9.8
-0.03066 7.3
-0.03041 4.7
-0.03017 2.0
-0.02993 -0.7
-0.02968 -3.4
-0.02944 -6.2
-0.02919 -8.8
-0.02895 -11.4
-0.02871 -13.8
-0.02846 -16.1
-0.02822 -18.1
-0.02797 -20.0
-0.02773 -21.6
-0.02748 -23.0
-0.02724 -24.0
-0.027 -24.8
-0.02675 -25.2
-0.02651 -25.3
-0.02626 -25.0
-0.02602 -24.4
-0.02578 -23.5
-0.02553 -22.2
-0.02529 -20.7
-0.02504 -18.8
-0.0248 -16.6
-0.02456 -14.2
-0.02431 -11.6
-0.02407 -8.7
-0.02382 -5.8
-0.02358 -2.7
-0.02333 0.5
-0.02309 3.6
-0.02285 6.8
-0.0226 9.9
-0.02236 12.8
-0.02211 15.6
-0.02187 18.2
-0.02163 20.5
-0.02138 22.5
-0.02114 24.2
-0.02089 25.5
-0.02065 26.4
-0.0204 26.9
-0.02016 27.0
-0.01992 26.6
-0.01967 25.8
-0.01943 24.5
-0.01918 22.8
-0.01894 20.7
-0.0187 18.2
-0.01845 15.4
-0.01821 12.2
-0.01796 8.9
-0.01772 5.3
-0.01748 1.6
-0.01723 -2.2
-0.01699 -6.0
-0.01674 -9.8
-0.0165 -13.4
-0.01625 -16.7
-0.01601 -19.8
-0.01577 -22.6
-0.01552 -24.9
-0.01528 -26.8
-0.01503 -28.2
-0.01479 -29.0
-0.01455 -29.2
-0.0143 -28.8
-0.01406 -27.8
-0.01381 -26.2
-0.01357 -23.9
-0.01332 -21.2
-0.01308 -17.9
-0.01284 -14.1
-0.01259 -10.0
-0.01235 -5.5
-0.0121 -0.9
-0.01186 3.9
-0.01162 8.6
-0.01137 13.2
-0.01113 17.6
-0.01088 21.6
-0.01064 25.1
-0.0104 28.0
-0.01015 30.2
-0.00991 31.6
-0.00966 32.2
-0.00942 31.8
-0.00917 30.6
-0.00893 28.4
-0.00869 25.3
-0.00844 21.4
-0.0082 16.7
-0.00795 11.3
-0.00771 5.5
-0.00747 -0.7
-0.00722 -7.0
-0.00698 -13.2
-0.00673 -19.1
-0.00649 -24.5
-0.00624 -29.1
-0.006 -32.7
-0.00576 -35.1
-0.00551 -36.1
-0.00527 -35.7
-0.00502 -33.7
-0.00478 -30.1
-0.00454 -25.1
-0.00429 -18.6
-0.00405 -11.0
-0.0038 -2.5
-0.00356 6.4
-0.00331 15.3
-0.00307 23.7
-0.00283 31.1
-0.00258 36.8
-0.00234 40.4
-0.00209 41.4
-0.00185 39.6
-0.00161 34.6
-0.00136 26.6
-0.00112 15.8
-0.00087 3.1
-0.00063 -10.7
-0.00039 -24.1
-0.00014 -35.5
0.0001 -42.9
0.00035 -44.6
0.00059 -39.8
0.00084 -28.6
0.00108 -12.6
0.00132 5.5
0.00157 22.0
0.00181 33.5
0.00206 37.5
0.0023 33.2
0.00254 22.0
0.00279 6.9
0.00303 -8.2
0.00328 -19.7
0.00352 -25.1
0.00377 -23.7
0.00401 -16.6
0.00425 -6.3
0.0045 4.1
0.00474 11.9
0.00499 15.4
0.00523 14.4
0.00547 9.7
0.00572 3.1
0.00596 -3.2
0.00621 -7.7
0.00645 -9.4
0.00669 -8.2
0.00694 -5.0
0.00718 -0.9
0.00743 2.8
0.00767 5.1
0.00792 5.6
0.00816 4.5
0.0084 2.3
0.00865 -0.2
0.00889 -2.2
0.00914 -3.3
0.00938 -3.3
0.00962 -2.4
0.00987 -0.9
0.01011 0.5
0.01036 1.6
0.0106 2.1
0.01085 1.9
0.01109 1.2
0.01133 0.3
0.01158 -0.6
0.01182 -1.1
0.01207 -1.3
0.01231 -1.0
0.01255 -0.6
0.0128 0.0
0.01304 0.5
0.01329 0.8
0.01353 0.8
0.01377 0.6
0.01402 0.2
0.01426 -0.1
0.01451 -0.4
0.01475 -0.5
0.015 -0.4
0.01524 -0.3
0.01548 0.0
0.01573 0.1
0.01597 0.3
0.01622 0.3
0.01646 0.2
0.0167 0.1
0.01695 0.0
0.01719 -0.1
0.01744 -0.2
0.01768 -0.2
0.01793 -0.1
0.01817 0.0
0.01841 0.0
0.01866 0.0
0.0189 0.1
0.01915 0.1
0.01939 0.0
0.01963 0.0
0.01988 0.0
0.02012 0.0
0.02037 0.0
0.02061 0.0
0.02085 0.0
0.0211 0.0
0.02134 0.0
0.02159 0.0
0.02183 0.0
0.02208 0.0
0.02232 0.0
0.02256 0.0
0.02281 0.0
0.02305 0.0
0.0233 0.0
0.02354 0.0
0.02378 0.0
0.02403 0.0
0.02427 0.0
0.02452 0.0
0.02476 0.0
0.02501 0.0
0.02525 0.0
0.02549 0.0
0.02574 0.0
0.02598 0.0
0.02623 0.0
0.02647 0.0
0.02671 0.0
0.02696 0.0
0.0272 0.0
0.02745 0.0
0.02769 0.0
0.02794 0.0
0.02818 0.0
0.02842 0.0
0.02867 0.0
0.02891 0.0
0.02916 0.0
0.0294 0.0
0.02964 0.0
0.02989 0.0
0.03013 0.0
0.03038 0.0
0.03062 0.0
0.03086 0.0
0.03111 0.0
0.03135 0.0
0.0316 0.0
0.03184 0.0
0.03209 0.0
0.03233 0.0
0.03257 0.0
0.03282 0.0
0.03306 0.0
0.03331 0.0
0.03355 0.0
0.03379 0.0
0.03404 0.0
0.03428 0.0
0.03453 0.0
0.03477 0.0
0.03502 0.0
0.03526 0.0
0.0355 0.0
0.03575 0.0
0.03599 0.0
0.03624 0.0
0.03648 0.0
0.03672 0.0
0.03697 0.0
0.03721 0.0
0.03746 0.0
0.0377 0.0
0.03794 0.0
0.03819 0.0
0.03843 0.0
0.03868 0.0
0.03892 0.0
0.03917 0.0
0.03941 0.0
0.03965 0.0
0.0399 0.0
0.04014 0.0
0.04039 0.0
0.04063 0.0
0.04087 0.0
0.04112 0.0
0.04136 0.0
0.04161 0.0
0.04185 0.0
0.0421 0.0
0.04234 0.0
0.04258 0.0
0.04283 0.0
0.04307 0.0
0.04332 0.0
0.04356 0.0
0.0438 0.0
0.04405 0.0
0.04429 0.0
0.04454 0.0
0.04478 0.0
0.04502 0.0
0.04527 0.0
0.04551 0.0
0.04576 0.0
0.046 0.0
0.04625 0.0
0.04649 0.0
0.04673 0.0
0.04698 0.0
0.04722 0.0
0.04747 0.0
0.04771 0.0
0.04795 0.0
0.0482 0.0
0.04844 0.0
0.04869 0.0
0.04893 0.0
0.04918 0.0
0.04942 0.0
0.04966 0.0
0.04991 0.0
0.05015 0.0
0.0504 0.0
0.05064 0.0
0.05088 0.0
0.05113 0.0
0.05137 0.0
0.05162 0.0
0.05186 0.0
0.0521 0.0
0.05235 0.0
0.05259 0.0
0.05284 0.0
0.05308 0.0
0.05333 0.0
0.05357 0.0
0.05381 0.0
0.05406 0.0
0.0543 0.0
0.05455 0.0
0.05479 0.0
0.05503 0.0
0.05528 0.0
0.05552 0.0
0.05577 0.0
0.05601 0.0
0.05626 0.0
0.0565 0.0
0.05674 0.0
0.05699 0.0
0.05723 0.0
0.05748 0.0
0.05772 0.0
0.05796 0.0
0.05821 0.0
0.05845 0.0
0.0587 0.0
0.05894 0.0
0.05919 0.0
0.05943 0.0
0.05967 0.0
0.05992 0.0
0.06016 0.0
0.06041 0.0
0.06065 0.0
0.06089 0.0
0.06114 0.0
0.06138 0.0
0.06163 0.0
0.06187 0.0
0.06211 0.0
0.06236 0.0
0.0626 0.0
0.06285 0.0
0.06309 0.0
0.06334 0.0
0.06358 0.0
0.06382 0.0
0.06407 0.0
0.06431 0.0
0.06456 0.0
0.0648 0.0
0.06504 0.0
0.06529 0.0
0.06553 0.0
0.06578 0.0
0.06602 0.0
0.06627 0.0
0.06651 0.0
0.06675 0.0
0.067 0.0
0.06724 0.0
0.06749 0.0
0.06773 0.0
0.06797 0.0
0.06822 0.0
0.06846 0.0
0.06871 0.0
0.06895 0.0
0.06919 0.0
0.06944 0.0
0.06968 0.0
0.06993 0.0
0.07017 0.0
0.07042 0.0
0.07066 0.0
0.0709 0.0
0.07115 0.0
0.07139 0.0
0.07164 0.0
0.07188 0.0
0.07212 0.0
0.07237 0.0
0.07261 0.0
0.07286 0.0
0.0731 0.0
0.07335 0.0
0.07359 0.0
0.07383 0.0
0.07408 0.0
0.07432 0.0
0.07457 0.0
0.07481 0.0
0.07505 0.0
0.0753 0.0
0.07554 0.0
0.07579 0.0
0.07603 0.0
0.07627 0.0
0.07652 0.0
0.07676 0.0
0.07701 0.0
0.07725 0.0
0.0775 0.0
0.07774 0.0
0.07798 0.0
0.07823 0.0
0.07847 0.0
0.07872 0.0
0.07896 0.0
0.0792 0.0
0.07945 0.0
0.07969 0.0
0.07994 0.0
0.08018 0.0
0.08043 0.0
0.08067 0.0
0.08091 0.0
0.08116 0.0
0.0814 0.0
0.08165 0.0
0.08189 0.0
0.08213 0.0
0.08238 0.0
0.08262 0.0
0.08287 0.0
0.08311 0.0
0.08335 0.0
0.0836 0.0
0.08384 0.0
0.08409 0.0
0.08433 0.0
0.08458 0.0
0.08482 0.0
0.08506 0.0
0.08531 0.0
0.08555 0.0
0.0858 0.0
0.08604 0.0
0.08628 0.0
0.08653 0.0
0.08677 0.0
0.08702 0.0
0.08726 0.0
0.08751 0.0
0.08775 0.0
0.08799 0.0
0.08824 0.0
0.08848 0.0
0.08873 0.0
0.08897 0.0
0.08921 0.0
0.08946 0.0
0.0897 0.0
0.08995 0.0
0.09019 0.0
0.09044 0.0
0.09068 0.0
0.09092 0.0
0.09117 0.0
0.09141 0.0
0.09166 0.0
0.0919 0.0
0.09214 0.0
0.09239 0.0
0.09263 0.0
0.09288 0.0
0.09312 0.0
0.09336 0.0
0.09361 0.0
0.09385 0.0
0.0941 0.0
0.09434 0.0
0.09459 0.0
0.09483 0.0
0.09507 0.0
0.09532 0.0
0.09556 0.0
0.09581 0.0
0.09605 0.0
0.09629 0.0
0.09654 0.0
0.09678 0.0
0.09703 0.0
0.09727 0.0
0.09752 0.0
0.09776 0.0
0.098 0.0
0.09825 0.0
0.09849 0.0
0.09874 0.0
0.09898 0.0
0.09922 0.0
0.09947 0.0
0.09971 0.0
0.09996 0.0
0.1002 0.0
0.10044 0.0
0.10069 0.0
0.10093 0.0
0.10118 0.0
0.10142 0.0
0.10167 0.0
0.10191 0.0
0.10215 0.0
0.1024 0.0
0.10264 0.0
0.10289 0.0
0.10313 0.0
0.10337 0.0
0.10362 0.0
0.10386 0.0
0.10411 0.0
0.10435 0.0
0.1046 0.0
0.10484 0.0
0.10508 0.0
0.10533 0.0
0.10557 0.0
0.10582 0.0
0.10606 0.0
0.1063 0.0
0.10655 0.0
0.10679 0.0
0.10704 0.0
0.10728 0.0
0.10752 0.0
0.10777 0.0
0.10801 0.0
0.10826 0.0
0.1085 0.0
0.10875 0.0
0.10899 0.0
0.10923 0.0
0.10948 0.0
0.10972 0.0
0.10997 0.0
0.11021 0.0
0.11045 0.0
0.1107 0.0
0.11094 0.0
0.11119 0.0
0.11143 0.0
0.11168 0.0
0.11192 0.0
0.11216 0.0
0.11241 0.0
0.11265 0.0
0.1129 0.0
0.11314 0.0
0.11338 0.0
