t strain*1e23
-0.38446 -8.9
-0.38422 -8.9
-0.38397 -8.9
-0.38373 -8.9
-0.38348 -8.9
-0.38324 -8.8
-0.383 -8.8
-0.38275 -8.7
-0.38251 -8.7
-0.38226 -8.6
-0.38202 -8.5
-0.38177 -8.4
-0.38153 -8.3
-0.38129 -8.2
-0.38104 -8.1
-0.3808 -8.0
-0.38055 -7.8
-0.38031 -7.7
-0.38007 -7.5
-0.37982 -7.3
-0.37958 -7.1
-0.37933 -7.0
-0.37909 -6.8
-0.37885 -6.6
-0.3786 -6.3
-0.37836 -6.1
-0.37811 -5.9
-0.37787 -5.7
-0.37762 -5.4
-0.37738 -5.2
-0.37714 -4.9
-0.37689 -4.7
-0.37665 -4.4
-0.3764 -4.1
-0.37616 -3.9
-0.37592 -3.6
-0.37567 -3.3
-0.37543 -3.0
-0.37518 -2.7
-0.37494 -2.4
-0.37469 -2.1
-0.37445 -1.8
-0.37421 -1.5
-0.37396 -1.2
-0.37372 -0.9
-0.37347 -0.6
-0.37323 -0.3
-0.37299 0.0
-0.37274 0.3
-0.3725 0.6
-0.37225 0.9
-0.37201 1.3
-0.37177 1.6
-0.37152 1.9
-0.37128 2.2
-0.37103 2.5
-0.37079 2.8
-0.37054 3.1
-0.3703 3.3
-0.37006 3.6
-0.36981 3.9
-0.36957 4.2
-0.36932 4.5
-0.36908 4.7
-0.36884 5.0
-0.36859 5.3
-0.36835 5.5
-0.3681 5.7
-0.36786 6.0
-0.36761 6.2
-0.36737 6.4
-0.36713 6.7
-0.36688 6.9
-0.36664 7.1
-0.36639 7.3
-0.36615 7.4
-0.36591 7.6
-0.36566 7.8
-0.36542 7.9
-0.36517 8.1
-0.36493 8.2
-0.36469 8.3
-0.36444 8.4
-0.3642 8.6
-0.36395 8.7
-0.36371 8.7
-0.36346 8.8
-0.36322 8.9
-0.36298 8.9
-0.36273 9.0
-0.36249 9.0
-0.36224 9.0
-0.362 9.0
-0.36176 9.0
-0.36151 9.0
-0.36127 9.0
-0.36102 9.0
-0.36078 8.9
-0.36053 8.9
-0.36029 8.8
-0.36005 8.7
-0.3598 8.6
-0.35956 8.5
-0.35931 8.4
-0.35907 8.3
-0.35883 8.2
-0.35858 8.0
-0.35834 7.9
-0.35809 7.7
-0.35785 7.6
-0.3576 7.4
-0.35736 7.2
-0.35712 7.0
-0.35687 6.8
-0.35663 6.6
-0.35638 6.4
-0.35614 6.1
-0.3559 5.9
-0.35565 5.7
-0.35541 5.4
-0.35516 5.2
-0.35492 4.9
-0.35468 4.6
-0.35443 4.3
-0.35419 4.1
-0.35394 3.8
-0.3537 3.5
-0.35345 3.2
-0.35321 2.9
-0.35297 2.6
-0.35272 2.3
-0.35248 2.0
-0.35223 1.7
-0.35199 1.3
-0.35175 1.0
-0.3515 0.7
-0.35126 0.4
-0.35101 0.0
-0.35077 -0.3
-0.35052 -0.6
-0.35028 -0.9
-0.35004 -1.2
-0.34979 -1.5
-0.34955 -1.8
-0.3493 -2.2
-0.34906 -2.5
-0.34882 -2.8
-0.34857 -3.1
-0.34833 -3.4
-0.34808 -3.7
-0.34784 -4.0
-0.3476 -4.3
-0.34735 -4.5
-0.34711 -4.8
-0.34686 -5.1
-0.34662 -5.3
-0.34637 -5.6
-0.34613 -5.9
-0.34589 -6.1
-0.34564 -6.3
-0.3454 -6.6
-0.34515 -6.8
-0.34491 -7.0
-0.34467 -7.2
-0.34442 -7.4
-0.34418 -7.6
-0.34393 -7.8
-0.34369 -7.9
-0.34344 -8.1
-0.3432 -8.2
-0.34296 -8.4
-0.34271 -8.5
-0.34247 -8.6
-0.34222 -8.7
-0.34198 -8.8
-0.34174 -8.9
-0.34149 -9.0
-0.34125 -9.0
-0.341 -9.1
-0.34076 -9.1
-0.34052 -9.1
-0.34027 -9.2
-0.34003 -9.2
-0.33978 -9.1
-0.33954 -9.1
-0.33929 -9.1
-0.33905 -9.1
-0.33881 -9.0
-0.33856 -8.9
-0.33832 -8.9
-0.33807 -8.8
-0.33783 -8.7
-0.33759 -8.6
-0.33734 -8.4
-0.3371 -8.3
-0.33685 -8.2
-0.33661 -8.0
-0.33636 -7.8
-0.33612 -7.7
-0.33588 -7.5
-0.33563 -7.3
-0.33539 -7.1
-0.33514 -6.9
-0.3349 -6.7
-0.33466 -6.4
-0.33441 -6.2
-0.33417 -5.9
-0.33392 -5.7
-0.33368 -5.4
-0.33344 -5.2
-0.33319 -4.9
-0.33295 -4.6
-0.3327 -4.3
-0.33246 -4.0
-0.33221 -3.7
-0.33197 -3.4
-0.33173 -3.1
-0.33148 -2.8
-0.33124 -2.5
-0.33099 -2.2
-0.33075 -1.8
-0.33051 -1.5
-0.33026 -1.2
-0.33002 -0.9
-0.32977 -0.5
-0.32953 -0.2
-0.32928 0.1
-0.32904 0.5
-0.3288 0.8
-0.32855 1.1
-0.32831 1.4
-0.32806 1.8
-0.32782 2.1
-0.32758 2.4
-0.32733 2.7
-0.32709 3.1
-0.32684 3.4
-0.3266 3.7
-0.32635 4.0
-0.32611 4.3
-0.32587 4.6
-0.32562 4.9
-0.32538 5.1
-0.32513 5.4
-0.32489 5.7
-0.32465 5.9
-0.3244 6.2
-0.32416 6.4
-0.32391 6.7
-0.32367 6.9
-0.32343 7.1
-0.32318 7.3
-0.32294 7.5
-0.32269 7.7
-0.32245 7.9
-0.3222 8.1
-0.32196 8.2
-0.32172 8.4
-0.32147 8.5
-0.32123 8.7
-0.32098 8.8
-0.32074 8.9
-0.3205 9.0
-0.32025 9.1
-0.32001 9.1
-0.31976 9.2
-0.31952 9.2
-0.31927 9.3
-0.31903 9.3
-0.31879 9.3
-0.31854 9.3
-0.3183 9.3
-0.31805 9.2
-0.31781 9.2
-0.31757 9.2
-0.31732 9.1
-0.31708 9.0
-0.31683 8.9
-0.31659 8.8
-0.31635 8.7
-0.3161 8.6
-0.31586 8.5
-0.31561 8.3
-0.31537 8.2
-0.31512 8.0
-0.31488 7.8
-0.31464 7.6
-0.31439 7.4
-0.31415 7.2
-0.3139 7.0
-0.31366 6.8
-0.31342 6.5
-0.31317 6.3
-0.31293 6.0
-0.31268 5.8
-0.31244 5.5
-0.31219 5.2
-0.31195 4.9
-0.31171 4.6
-0.31146 4.3
-0.31122 4.0
-0.31097 3.7
-0.31073 3.4
-0.31049 3.1
-0.31024 2.8
-0.31 2.4
-0.30975 2.1
-0.30951 1.8
-0.30927 1.4
-0.30902 1.1
-0.30878 0.7
-0.30853 0.4
-0.30829 0.0
-0.30804 -0.3
-0.3078 -0.6
-0.30756 -1.0
-0.30731 -1.3
-0.30707 -1.7
-0.30682 -2.0
-0.30658 -2.3
-0.30634 -2.7
-0.30609 -3.0
-0.30585 -3.3
-0.3056 -3.6
-0.30536 -4.0
-0.30511 -4.3
-0.30487 -4.6
-0.30463 -4.9
-0.30438 -5.2
-0.30414 -5.5
-0.30389 -5.7
-0.30365 -6.0
-0.30341 -6.3
-0.30316 -6.5
-0.30292 -6.8
-0.30267 -7.0
-0.30243 -7.2
-0.30219 -7.5
-0.30194 -7.7
-0.3017 -7.9
-0.30145 -8.1
-0.30121 -8.2
-0.30096 -8.4
-0.30072 -8.5
-0.30048 -8.7
-0.30023 -8.8
-0.29999 -8.9
-0.29974 -9.0
-0.2995 -9.1
-0.29926 -9.2
-0.29901 -9.3
-0.29877 -9.3
-0.29852 -9.4
-0.29828 -9.4
-0.29803 -9.4
-0.29779 -9.4
-0.29755 -9.4
-0.2973 -9.4
-0.29706 -9.4
-0.29681 -9.3
-0.29657 -9.3
-0.29633 -9.2
-0.29608 -9.1
-0.29584 -9.0
-0.29559 -8.9
-0.29535 -8.8
-0.2951 -8.6
-0.29486 -8.5
-0.29462 -8.3
-0.29437 -8.1
-0.29413 -8.0
-0.29388 -7.8
-0.29364 -7.6
-0.2934 -7.3
-0.29315 -7.1
-0.29291 -6.9
-0.29266 -6.6
-0.29242 -6.4
-0.29218 -6.1
-0.29193 -5.8
-0.29169 -5.6
-0.29144 -5.3
-0.2912 -5.0
-0.29095 -4.7
-0.29071 -4.3
-0.29047 -4.0
-0.29022 -3.7
-0.28998 -3.4
-0.28973 -3.0
-0.28949 -2.7
-0.28925 -2.4
-0.289 -2.0
-0.28876 -1.7
-0.28851 -1.3
-0.28827 -1.0
-0.28802 -0.6
-0.28778 -0.2
-0.28754 0.1
-0.28729 0.5
-0.28705 0.8
-0.2868 1.2
-0.28656 1.5
-0.28632 1.9
-0.28607 2.2
-0.28583 2.6
-0.28558 2.9
-0.28534 3.3
-0.2851 3.6
-0.28485 3.9
-0.28461 4.3
-0.28436 4.6
-0.28412 4.9
-0.28387 5.2
-0.28363 5.5
-0.28339 5.8
-0.28314 6.1
-0.2829 6.4
-0.28265 6.6
-0.28241 6.9
-0.28217 7.1
-0.28192 7.4
-0.28168 7.6
-0.28143 7.8
-0.28119 8.0
-0.28094 8.2
-0.2807 8.4
-0.28046 8.6
-0.28021 8.7
-0.27997 8.9
-0.27972 9.0
-0.27948 9.1
-0.27924 9.2
-0.27899 9.3
-0.27875 9.4
-0.2785 9.5
-0.27826 9.5
-0.27802 9.5
-0.27777 9.6
-0.27753 9.6
-0.27728 9.6
-0.27704 9.6
-0.27679 9.5
-0.27655 9.5
-0.27631 9.4
-0.27606 9.4
-0.27582 9.3
-0.27557 9.2
-0.27533 9.1
-0.27509 8.9
-0.27484 8.8
-0.2746 8.7
-0.27435 8.5
-0.27411 8.3
-0.27386 8.1
-0.27362 7.9
-0.27338 7.7
-0.27313 7.5
-0.27289 7.2
-0.27264 7.0
-0.2724 6.7
-0.27216 6.5
-0.27191 6.2
-0.27167 5.9
-0.27142 5.6
-0.27118 5.3
-0.27094 5.0
-0.27069 4.7
-0.27045 4.4
-0.2702 4.0
-0.26996 3.7
-0.26971 3.3
-0.26947 3.0
-0.26923 2.6
-0.26898 2.3
-0.26874 1.9
-0.26849 1.6
-0.26825 1.2
-0.26801 0.8
-0.26776 0.4
-0.26752 0.0
-0.26727 -0.3
-0.26703 -0.7
-0.26678 -1.0
-0.26654 -1.4
-0.2663 -1.8
-0.26605 -2.1
-0.26581 -2.5
-0.26556 -2.9
-0.26532 -3.2
-0.26508 -3.6
-0.26483 -3.9
-0.26459 -4.3
-0.26434 -4.6
-0.2641 -4.9
-0.26385 -5.2
-0.26361 -5.6
-0.26337 -5.9
-0.26312 -6.2
-0.26288 -6.4
-0.26263 -6.7
-0.26239 -7.0
-0.26215 -7.3
-0.2619 -7.5
-0.26166 -7.7
-0.26141 -8.0
-0.26117 -8.2
-0.26093 -8.4
-0.26068 -8.6
-0.26044 -8.7
-0.26019 -8.9
-0.25995 -9.0
-0.2597 -9.2
-0.25946 -9.3
-0.25922 -9.4
-0.25897 -9.5
-0.25873 -9.6
-0.25848 -9.6
-0.25824 -9.7
-0.258 -9.7
-0.25775 -9.7
-0.25751 -9.7
-0.25726 -9.7
-0.25702 -9.7
-0.25677 -9.7
-0.25653 -9.6
-0.25629 -9.5
-0.25604 -9.5
-0.2558 -9.4
-0.25555 -9.3
-0.25531 -9.1
-0.25507 -9.0
-0.25482 -8.8
-0.25458 -8.7
-0.25433 -8.5
-0.25409 -8.3
-0.25385 -8.1
-0.2536 -7.9
-0.25336 -7.6
-0.25311 -7.4
-0.25287 -7.1
-0.25262 -6.9
-0.25238 -6.6
-0.25214 -6.3
-0.25189 -6.0
-0.25165 -5.7
-0.2514 -5.4
-0.25116 -5.0
-0.25092 -4.7
-0.25067 -4.4
-0.25043 -4.0
-0.25018 -3.7
-0.24994 -3.3
-0.24969 -2.9
-0.24945 -2.6
-0.24921 -2.2
-0.24896 -1.8
-0.24872 -1.4
-0.24847 -1.0
-0.24823 -0.6
-0.24799 -0.3
-0.24774 0.1
-0.2475 0.5
-0.24725 0.9
-0.24701 1.3
-0.24677 1.7
-0.24652 2.1
-0.24628 2.4
-0.24603 2.8
-0.24579 3.2
-0.24554 3.6
-0.2453 3.9
-0.24506 4.3
-0.24481 4.6
-0.24457 5.0
-0.24432 5.3
-0.24408 5.6
-0.24384 5.9
-0.24359 6.3
-0.24335 6.6
-0.2431 6.8
-0.24286 7.1
-0.24261 7.4
-0.24237 7.7
-0.24213 7.9
-0.24188 8.1
-0.24164 8.3
-0.24139 8.6
-0.24115 8.7
-0.24091 8.9
-0.24066 9.1
-0.24042 9.2
-0.24017 9.4
-0.23993 9.5
-0.23969 9.6
-0.23944 9.7
-0.2392 9.8
-0.23895 9.8
-0.23871 9.9
-0.23846 9.9
-0.23822 9.9
-0.23798 9.9
-0.23773 9.9
-0.23749 9.9
-0.23724 9.8
-0.237 9.7
-0.23676 9.7
-0.23651 9.6
-0.23627 9.4
-0.23602 9.3
-0.23578 9.2
-0.23553 9.0
-0.23529 8.8
-0.23505 8.6
-0.2348 8.4
-0.23456 8.2
-0.23431 8.0
-0.23407 7.8
-0.23383 7.5
-0.23358 7.2
-0.23334 7.0
-0.23309 6.7
-0.23285 6.4
-0.2326 6.0
-0.23236 5.7
-0.23212 5.4
-0.23187 5.0
-0.23163 4.7
-0.23138 4.3
-0.23114 4.0
-0.2309 3.6
-0.23065 3.2
-0.23041 2.8
-0.23016 2.4
-0.22992 2.0
-0.22968 1.6
-0.22943 1.2
-0.22919 0.8
-0.22894 0.4
-0.2287 0.0
-0.22845 -0.4
-0.22821 -0.8
-0.22797 -1.2
-0.22772 -1.6
-0.22748 -2.0
-0.22723 -2.4
-0.22699 -2.8
-0.22675 -3.2
-0.2265 -3.6
-0.22626 -3.9
-0.22601 -4.3
-0.22577 -4.7
-0.22552 -5.0
-0.22528 -5.4
-0.22504 -5.7
-0.22479 -6.1
-0.22455 -6.4
-0.2243 -6.7
-0.22406 -7.0
-0.22382 -7.3
-0.22357 -7.6
-0.22333 -7.8
-0.22308 -8.1
-0.22284 -8.3
-0.2226 -8.6
-0.22235 -8.8
-0.22211 -9.0
-0.22186 -9.1
-0.22162 -9.3
-0.22137 -9.5
-0.22113 -9.6
-0.22089 -9.7
-0.22064 -9.8
-0.2204 -9.9
-0.22015 -10.0
-0.21991 -10.0
-0.21967 -10.1
-0.21942 -10.1
-0.21918 -10.1
-0.21893 -10.1
-0.21869 -10.0
-0.21844 -10.0
-0.2182 -9.9
-0.21796 -9.9
-0.21771 -9.8
-0.21747 -9.6
-0.21722 -9.5
-0.21698 -9.4
-0.21674 -9.2
-0.21649 -9.0
-0.21625 -8.8
-0.216 -8.6
-0.21576 -8.4
-0.21552 -8.1
-0.21527 -7.9
-0.21503 -7.6
-0.21478 -7.3
-0.21454 -7.0
-0.21429 -6.7
-0.21405 -6.4
-0.21381 -6.1
-0.21356 -5.7
-0.21332 -5.4
-0.21307 -5.0
-0.21283 -4.6
-0.21259 -4.3
-0.21234 -3.9
-0.2121 -3.5
-0.21185 -3.1
-0.21161 -2.7
-0.21136 -2.3
-0.21112 -1.8
-0.21088 -1.4
-0.21063 -1.0
-0.21039 -0.6
-0.21014 -0.2
-0.2099 0.3
-0.20966 0.7
-0.20941 1.1
-0.20917 1.5
-0.20892 2.0
-0.20868 2.4
-0.20844 2.8
-0.20819 3.2
-0.20795 3.6
-0.2077 4.0
-0.20746 4.4
-0.20721 4.8
-0.20697 5.2
-0.20673 5.5
-0.20648 5.9
-0.20624 6.2
-0.20599 6.6
-0.20575 6.9
-0.20551 7.2
-0.20526 7.5
-0.20502 7.8
-0.20477 8.1
-0.20453 8.3
-0.20428 8.6
-0.20404 8.8
-0.2038 9.0
-0.20355 9.2
-0.20331 9.4
-0.20306 9.6
-0.20282 9.7
-0.20258 9.9
-0.20233 10.0
-0.20209 10.1
-0.20184 10.2
-0.2016 10.2
-0.20135 10.3
-0.20111 10.3
-0.20087 10.3
-0.20062 10.3
-0.20038 10.3
-0.20013 10.2
-0.19989 10.1
-0.19965 10.0
-0.1994 9.9
-0.19916 9.8
-0.19891 9.7
-0.19867 9.5
-0.19843 9.3
-0.19818 9.2
-0.19794 8.9
-0.19769 8.7
-0.19745 8.5
-0.1972 8.2
-0.19696 8.0
-0.19672 7.7
-0.19647 7.4
-0.19623 7.0
-0.19598 6.7
-0.19574 6.4
-0.1955 6.0
-0.19525 5.7
-0.19501 5.3
-0.19476 4.9
-0.19452 4.5
-0.19427 4.1
-0.19403 3.7
-0.19379 3.3
-0.19354 2.8
-0.1933 2.4
-0.19305 2.0
-0.19281 1.5
-0.19257 1.1
-0.19232 0.6
-0.19208 0.2
-0.19183 -0.2
-0.19159 -0.7
-0.19135 -1.1
-0.1911 -1.6
-0.19086 -2.0
-0.19061 -2.5
-0.19037 -2.9
-0.19012 -3.3
-0.18988 -3.8
-0.18964 -4.2
-0.18939 -4.6
-0.18915 -5.0
-0.1889 -5.4
-0.18866 -5.8
-0.18842 -6.1
-0.18817 -6.5
-0.18793 -6.9
-0.18768 -7.2
-0.18744 -7.5
-0.18719 -7.8
-0.18695 -8.1
-0.18671 -8.4
-0.18646 -8.7
-0.18622 -8.9
-0.18597 -9.2
-0.18573 -9.4
-0.18549 -9.6
-0.18524 -9.7
-0.185 -9.9
-0.18475 -10.1
-0.18451 -10.2
-0.18427 -10.3
-0.18402 -10.4
-0.18378 -10.4
-0.18353 -10.5
-0.18329 -10.5
-0.18304 -10.5
-0.1828 -10.5
-0.18256 -10.5
-0.18231 -10.4
-0.18207 -10.3
-0.18182 -10.2
-0.18158 -10.1
-0.18134 -10.0
-0.18109 -9.8
-0.18085 -9.7
-0.1806 -9.5
-0.18036 -9.3
-0.18011 -9.0
-0.17987 -8.8
-0.17963 -8.5
-0.17938 -8.2
-0.17914 -8.0
-0.17889 -7.6
-0.17865 -7.3
-0.17841 -7.0
-0.17816 -6.6
-0.17792 -6.2
-0.17767 -5.9
-0.17743 -5.5
-0.17719 -5.1
-0.17694 -4.6
-0.1767 -4.2
-0.17645 -3.8
-0.17621 -3.4
-0.17596 -2.9
-0.17572 -2.4
-0.17548 -2.0
-0.17523 -1.5
-0.17499 -1.1
-0.17474 -0.6
-0.1745 -0.1
-0.17426 0.4
-0.17401 0.8
-0.17377 1.3
-0.17352 1.8
-0.17328 2.2
-0.17303 2.7
-0.17279 3.2
-0.17255 3.6
-0.1723 4.1
-0.17206 4.5
-0.17181 4.9
-0.17157 5.3
-0.17133 5.8
-0.17108 6.2
-0.17084 6.5
-0.17059 6.9
-0.17035 7.3
-0.1701 7.6
-0.16986 8.0
-0.16962 8.3
-0.16937 8.6
-0.16913 8.8
-0.16888 9.1
-0.16864 9.4
-0.1684 9.6
-0.16815 9.8
-0.16791 10.0
-0.16766 10.2
-0.16742 10.3
-0.16718 10.4
-0.16693 10.5
-0.16669 10.6
-0.16644 10.7
-0.1662 10.7
-0.16595 10.7
-0.16571 10.7
-0.16547 10.7
-0.16522 10.7
-0.16498 10.6
-0.16473 10.5
-0.16449 10.4
-0.16425 10.3
-0.164 10.1
-0.16376 9.9
-0.16351 9.7
-0.16327 9.5
-0.16302 9.3
-0.16278 9.0
-0.16254 8.8
-0.16229 8.5
-0.16205 8.2
-0.1618 7.8
-0.16156 7.5
-0.16132 7.1
-0.16107 6.7
-0.16083 6.3
-0.16058 5.9
-0.16034 5.5
-0.1601 5.1
-0.15985 4.7
-0.15961 4.2
-0.15936 3.7
-0.15912 3.3
-0.15887 2.8
-0.15863 2.3
-0.15839 1.8
-0.15814 1.3
-0.1579 0.8
-0.15765 0.3
-0.15741 -0.2
-0.15717 -0.7
-0.15692 -1.2
-0.15668 -1.7
-0.15643 -2.2
-0.15619 -2.7
-0.15594 -3.1
-0.1557 -3.6
-0.15546 -4.1
-0.15521 -4.6
-0.15497 -5.0
-0.15472 -5.5
-0.15448 -5.9
-0.15424 -6.3
-0.15399 -6.7
-0.15375 -7.1
-0.1535 -7.5
-0.15326 -7.9
-0.15302 -8.2
-0.15277 -8.5
-0.15253 -8.9
-0.15228 -9.2
-0.15204 -9.4
-0.15179 -9.7
-0.15155 -9.9
-0.15131 -10.1
-0.15106 -10.3
-0.15082 -10.5
-0.15057 -10.6
-0.15033 -10.8
-0.15009 -10.9
-0.14984 -10.9
-0.1496 -11.0
-0.14935 -11.0
-0.14911 -11.0
-0.14886 -11.0
-0.14862 -10.9
-0.14838 -10.9
-0.14813 -10.8
-0.14789 -10.7
-0.14764 -10.5
-0.1474 -10.4
-0.14716 -10.2
-0.14691 -10.0
-0.14667 -9.7
-0.14642 -9.5
-0.14618 -9.2
-0.14594 -8.9
-0.14569 -8.6
-0.14545 -8.2
-0.1452 -7.9
-0.14496 -7.5
-0.14471 -7.1
-0.14447 -6.7
-0.14423 -6.3
-0.14398 -5.8
-0.14374 -5.4
-0.14349 -4.9
-0.14325 -4.5
-0.14301 -4.0
-0.14276 -3.5
-0.14252 -3.0
-0.14227 -2.4
-0.14203 -1.9
-0.14178 -1.4
-0.14154 -0.9
-0.1413 -0.3
-0.14105 0.2
-0.14081 0.7
-0.14056 1.3
-0.14032 1.8
-0.14008 2.3
-0.13983 2.8
-0.13959 3.3
-0.13934 3.9
-0.1391 4.4
-0.13885 4.8
-0.13861 5.3
-0.13837 5.8
-0.13812 6.3
-0.13788 6.7
-0.13763 7.1
-0.13739 7.5
-0.13715 7.9
-0.1369 8.3
-0.13666 8.7
-0.13641 9.0
-0.13617 9.3
-0.13593 9.6
-0.13568 9.9
-0.13544 10.1
-0.13519 10.4
-0.13495 10.6
-0.1347 10.8
-0.13446 10.9
-0.13422 11.0
-0.13397 11.1
-0.13373 11.2
-0.13348 11.3
-0.13324 11.3
-0.133 11.3
-0.13275 11.3
-0.13251 11.2
-0.13226 11.1
-0.13202 11.0
-0.13177 10.9
-0.13153 10.7
-0.13129 10.5
-0.13104 10.3
-0.1308 10.1
-0.13055 9.8
-0.13031 9.5
-0.13007 9.2
-0.12982 8.9
-0.12958 8.5
-0.12933 8.1
-0.12909 7.7
-0.12885 7.3
-0.1286 6.9
-0.12836 6.4
-0.12811 6.0
-0.12787 5.5
-0.12762 5.0
-0.12738 4.5
-0.12714 4.0
-0.12689 3.4
-0.12665 2.9
-0.1264 2.3
-0.12616 1.8
-0.12592 1.2
-0.12567 0.6
-0.12543 0.0
-0.12518 -0.5
-0.12494 -1.1
-0.12469 -1.6
-0.12445 -2.2
-0.12421 -2.8
-0.12396 -3.3
-0.12372 -3.9
-0.12347 -4.4
-0.12323 -4.9
-0.12299 -5.4
-0.12274 -5.9
-0.1225 -6.4
-0.12225 -6.9
-0.12201 -7.4
-0.12177 -7.8
-0.12152 -8.2
-0.12128 -8.6
-0.12103 -9.0
-0.12079 -9.3
-0.12054 -9.7
-0.1203 -10.0
-0.12006 -10.3
-0.11981 -10.5
-0.11957 -10.8
-0.11932 -11.0
-0.11908 -11.1
-0.11884 -11.3
-0.11859 -11.4
-0.11835 -11.5
-0.1181 -11.6
-0.11786 -11.6
-0.11761 -11.6
-0.11737 -11.6
-0.11713 -11.5
-0.11688 -11.4
-0.11664 -11.3
-0.11639 -11.2
-0.11615 -11.0
-0.11591 -10.8
-0.11566 -10.6
-0.11542 -10.3
-0.11517 -10.0
-0.11493 -9.7
-0.11469 -9.3
-0.11444 -9.0
-0.1142 -8.6
-0.11395 -8.2
-0.11371 -7.7
-0.11346 -7.3
-0.11322 -6.8
-0.11298 -6.3
-0.11273 -5.8
-0.11249 -5.3
-0.11224 -4.7
-0.112 -4.2
-0.11176 -3.6
-0.11151 -3.0
-0.11127 -2.4
-0.11102 -1.8
-0.11078 -1.2
-0.11053 -0.6
-0.11029 0.0
-0.11005 0.6
-0.1098 1.2
-0.10956 1.8
-0.10931 2.4
-0.10907 3.0
-0.10883 3.6
-0.10858 4.2
-0.10834 4.8
-0.10809 5.3
-0.10785 5.9
-0.1076 6.4
-0.10736 6.9
-0.10712 7.4
-0.10687 7.9
-0.10663 8.4
-0.10638 8.8
-0.10614 9.2
-0.1059 9.6
-0.10565 10.0
-0.10541 10.3
-0.10516 10.6
-0.10492 10.9
-0.10468 11.1
-0.10443 11.3
-0.10419 11.5
-0.10394 11.7
-0.1037 11.8
-0.10345 11.9
-0.10321 11.9
-0.10297 12.0
-0.10272 12.0
-0.10248 11.9
-0.10223 11.8
-0.10199 11.7
-0.10175 11.6
-0.1015 11.4
-0.10126 11.2
-0.10101 10.9
-0.10077 10.6
-0.10052 10.3
-0.10028 10.0
-0.10004 9.6
-0.09979 9.2
-0.09955 8.8
-0.0993 8.3
-0.09906 7.9
-0.09882 7.4
-0.09857 6.8
-0.09833 6.3
-0.09808 5.7
-0.09784 5.2
-0.0976 4.6
-0.09735 4.0
-0.09711 3.3
-0.09686 2.7
-0.09662 2.0
-0.09637 1.4
-0.09613 0.7
-0.09589 0.0
-0.09564 -0.6
-0.0954 -1.2
-0.09515 -1.9
-0.09491 -2.6
-0.09467 -3.2
-0.09442 -3.9
-0.09418 -4.5
-0.09393 -5.1
-0.09369 -5.7
-0.09344 -6.3
-0.0932 -6.9
-0.09296 -7.4
-0.09271 -8.0
-0.09247 -8.5
-0.09222 -8.9
-0.09198 -9.4
-0.09174 -9.8
-0.09149 -10.2
-0.09125 -10.6
-0.091 -10.9
-0.09076 -11.2
-0.09052 -11.5
-0.09027 -11.7
-0.09003 -11.9
-0.08978 -12.1
-0.08954 -12.2
-0.08929 -12.3
-0.08905 -12.4
-0.08881 -12.4
-0.08856 -12.3
-0.08832 -12.3
-0.08807 -12.2
-0.08783 -12.0
-0.08759 -11.9
-0.08734 -11.6
-0.0871 -11.4
-0.08685 -11.1
-0.08661 -10.8
-0.08636 -10.4
-0.08612 -10.0
-0.08588 -9.6
-0.08563 -9.1
-0.08539 -8.6
-0.08514 -8.1
-0.0849 -7.5
-0.08466 -7.0
-0.08441 -6.4
-0.08417 -5.7
-0.08392 -5.1
-0.08368 -4.4
-0.08344 -3.8
-0.08319 -3.1
-0.08295 -2.4
-0.0827 -1.7
-0.08246 -1.0
-0.08221 -0.2
-0.08197 0.5
-0.08173 1.2
-0.08148 1.9
-0.08124 2.6
-0.08099 3.4
-0.08075 4.1
-0.08051 4.7
-0.08026 5.4
-0.08002 6.1
-0.07977 6.7
-0.07953 7.3
-0.07928 7.9
-0.07904 8.5
-0.0788 9.0
-0.07855 9.6
-0.07831 10.0
-0.07806 10.5
-0.07782 10.9
-0.07758 11.3
-0.07733 11.6
-0.07709 11.9
-0.07684 12.2
-0.0766 12.4
-0.07635 12.6
-0.07611 12.7
-0.07587 12.8
-0.07562 12.8
-0.07538 12.8
-0.07513 12.8
-0.07489 12.7
-0.07465 12.6
-0.0744 12.4
-0.07416 12.2
-0.07391 11.9
-0.07367 11.6
-0.07343 11.2
-0.07318 10.9
-0.07294 10.4
-0.07269 10.0
-0.07245 9.4
-0.0722 8.9
-0.07196 8.3
-0.07172 7.7
-0.07147 7.1
-0.07123 6.4
-0.07098 5.7
-0.07074 5.0
-0.0705 4.3
-0.07025 3.5
-0.07001 2.7
-0.06976 2.0
-0.06952 1.2
-0.06927 0.4
-0.06903 -0.4
-0.06879 -1.2
-0.06854 -2.0
-0.0683 -2.8
-0.06805 -3.6
-0.06781 -4.4
-0.06757 -5.1
-0.06732 -5.9
-0.06708 -6.6
-0.06683 -7.3
-0.06659 -8.0
-0.06635 -8.6
-0.0661 -9.2
-0.06586 -9.8
-0.06561 -10.3
-0.06537 -10.9
-0.06512 -11.3
-0.06488 -11.7
-0.06464 -12.1
-0.06439 -12.5
-0.06415 -12.7
-0.0639 -13.0
-0.06366 -13.2
-0.06342 -13.3
-0.06317 -13.4
-0.06293 -13.4
-0.06268 -13.4
-0.06244 -13.3
-0.06219 -13.2
-0.06195 -13.0
-0.06171 -12.8
-0.06146 -12.5
-0.06122 -12.1
-0.06097 -11.7
-0.06073 -11.3
-0.06049 -10.8
-0.06024 -10.3
-0.06 -9.7
-0.05975 -9.1
-0.05951 -8.4
-0.05927 -7.7
-0.05902 -7.0
-0.05878 -6.3
-0.05853 -5.5
-0.05829 -4.7
-0.05804 -3.8
-0.0578 -3.0
-0.05756 -2.1
-0.05731 -1.2
-0.05707 -0.3
-0.05682 0.6
-0.05658 1.5
-0.05634 2.4
-0.05609 3.2
-0.05585 4.1
-0.0556 5.0
-0.05536 5.8
-0.05511 6.6
-0.05487 7.4
-0.05463 8.2
-0.05438 8.9
-0.05414 9.6
-0.05389 10.3
-0.05365 10.9
-0.05341 11.5
-0.05316 12.0
-0.05292 12.4
-0.05267 12.9
-0.05243 13.2
-0.05219 13.5
-0.05194 13.7
-0.0517 13.9
-0.05145 14.0
-0.05121 14.1
-0.05096 14.1
-0.05072 14.0
-0.05048 13.8
-0.05023 13.6
-0.04999 13.4
-0.04974 13.0
-0.0495 12.6
-0.04926 12.2
-0.04901 11.6
-0.04877 11.1
-0.04852 10.4
-0.04828 9.7
-0.04803 9.0
-0.04779 8.2
-0.04755 7.4
-0.0473 6.5
-0.04706 5.6
-0.04681 4.7
-0.04657 3.8
-0.04633 2.8
-0.04608 1.8
-0.04584 0.8
-0.04559 -0.3
-0.04535 -1.3
-0.0451 -2.3
-0.04486 -3.3
-0.04462 -4.3
-0.04437 -5.3
-0.04413 -6.3
-0.04388 -7.2
-0.04364 -8.1
-0.0434 -9.0
-0.04315 -9.8
-0.04291 -10.5
-0.04266 -11.3
-0.04242 -11.9
-0.04218 -12.5
-0.04193 -13.1
-0.04169 -13.6
-0.04144 -14.0
-0.0412 -14.3
-0.04095 -14.6
-0.04071 -14.8
-0.04047 -14.9
-0.04022 -14.9
-0.03998 -14.8
-0.03973 -14.7
-0.03949 -14.5
-0.03925 -14.2
-0.039 -13.8
-0.03876 -13.4
-0.03851 -12.8
-0.03827 -12.2
-0.03802 -11.5
-0.03778 -10.8
-0.03754 -10.0
-0.03729 -9.1
-0.03705 -8.1
-0.0368 -7.1
-0.03656 -6.1
-0.03632 -5.0
-0.03607 -3.9
-0.03583 -2.8
-0.03558 -1.6
-0.03534 -0.4
-0.0351 0.8
-0.03485 1.9
-0.03461 3.1
-0.03436 4.3
-0.03412 5.5
-0.03387 6.6
-0.03363 7.7
-0.03339 8.7
-0.03314 9.8
-0.0329 10.7
-0.03265 11.6
-0.03241 12.4
-0.03217 13.2
-0.03192 13.8
-0.03168 14.4
-0.03143 14.9
-0.03119 15.3
-0.03094 15.6
-0.0307 15.8
-0.03046 15.9
-0.03021 15.9
-0.02997 15.8
-0.02972 15.6
-0.02948 15.3
-0.02924 14.8
-0.02899 14.3
-0.02875 13.6
-0.0285 12.9
-0.02826 12.1
-0.02802 11.1
-0.02777 10.1
-0.02753 9.0
-0.02728 7.9
-0.02704 6.6
-0.02679 5.3
-0.02655 4.0
-0.02631 2.6
-0.02606 1.2
-0.02582 -0.2
-0.02557 -1.6
-0.02533 -3.1
-0.02509 -4.5
-0.02484 -5.9
-0.0246 -7.3
-0.02435 -8.6
-0.02411 -9.9
-0.02386 -11.1
-0.02362 -12.2
-0.02338 -13.2
-0.02313 -14.2
-0.02289 -15.0
-0.02264 -15.7
-0.0224 -16.3
-0.02216 -16.8
-0.02191 -17.1
-0.02167 -17.3
-0.02142 -17.3
-0.02118 -17.2
-0.02094 -16.9
-0.02069 -16.5
-0.02045 -15.9
-0.0202 -15.2
-0.01996 -14.4
-0.01971 -13.4
-0.01947 -12.2
-0.01923 -11.0
-0.01898 -9.6
-0.01874 -8.1
-0.01849 -6.6
-0.01825 -4.9
-0.01801 -3.2
-0.01776 -1.4
-0.01752 0.4
-0.01727 2.2
-0.01703 4.0
-0.01678 5.8
-0.01654 7.6
-0.0163 9.3
-0.01605 10.9
-0.01581 12.4
-0.01556 13.8
-0.01532 15.1
-0.01508 16.2
-0.01483 17.2
-0.01459 18.0
-0.01434 18.6
-0.0141 19.0
-0.01385 19.1
-0.01361 19.1
-0.01337 18.8
-0.01312 18.3
-0.01288 17.5
-0.01263 16.5
-0.01239 15.3
-0.01215 13.9
-0.0119 12.3
-0.01166 10.5
-0.01141 8.5
-0.01117 6.4
-0.01093 4.1
-0.01068 1.8
-0.01044 -0.6
-0.01019 -3.1
-0.00995 -5.5
-0.0097 -7.9
-0.00946 -10.3
-0.00922 -12.5
-0.00897 -14.5
-0.00873 -16.4
-0.00848 -18.0
-0.00824 -19.4
-0.008 -20.5
-0.00775 -21.2
-0.00751 -21.6
-0.00726 -21.6
-0.00702 -21.2
-0.00677 -20.4
-0.00653 -19.2
-0.00629 -17.6
-0.00604 -15.6
-0.0058 -13.3
-0.00555 -10.6
-0.00531 -7.6
-0.00507 -4.4
-0.00482 -1.0
-0.00458 2.6
-0.00433 6.1
-0.00409 9.6
-0.00385 13.0
-0.0036 16.1
-0.00336 18.8
-0.00311 21.2
-0.00287 23.0
-0.00262 24.2
-0.00238 24.7
-0.00214 24.5
-0.00189 23.4
-0.00165 21.5
-0.0014 18.8
-0.00116 15.3
-0.00092 11.1
-0.00067 6.3
-0.00043 1.0
-0.00018 -4.5
6e-05 -9.9
0.00031 -14.9
0.00055 -19.2
0.00079 -22.6
0.00104 -24.7
0.00128 -25.3
0.00153 -24.4
0.00177 -21.9
0.00201 -17.9
0.00226 -12.8
0.0025 -6.8
0.00275 -0.5
0.00299 5.7
0.00323 11.2
0.00348 15.6
0.00372 18.6
0.00397 19.9
0.00421 19.4
0.00446 17.3
0.0047 13.8
0.00494 9.3
0.00519 4.4
0.00543 -0.7
0.00568 -5.2
0.00592 -9.0
0.00616 -11.5
0.00641 -12.8
0.00665 -12.7
0.0069 -11.4
0.00714 -9.1
0.00739 -6.1
0.00763 -2.8
0.00787 0.4
0.00812 3.4
0.00836 5.6
0.00861 7.1
0.00885 7.7
0.00909 7.5
0.00934 6.5
0.00958 4.9
0.00983 3.0
0.01007 1.0
0.01031 -1.0
0.01056 -2.6
0.0108 -3.8
0.01105 -4.4
0.01129 -4.6
0.01154 -4.2
0.01178 -3.4
0.01202 -2.3
0.01227 -1.1
0.01251 0.0
0.01276 1.2
0.013 2.0
0.01324 2.5
0.01349 2.7
0.01373 2.6
0.01398 2.2
0.01422 1.7
0.01447 1.0
0.01471 0.2
0.01495 -0.5
0.0152 -1.0
0.01544 -1.4
0.01569 -1.6
0.01593 -1.6
0.01617 -1.4
0.01642 -1.1
0.01666 -0.7
0.01691 -0.3
0.01715 0.1
0.0174 0.5
0.01764 0.8
0.01788 0.9
0.01813 1.0
0.01837 0.9
0.01862 0.8
0.01886 0.5
0.0191 0.3
0.01935 0.0
0.01959 -0.2
0.01984 -0.4
0.02008 -0.5
0.02032 -0.6
0.02057 -0.6
0.02081 -0.5
0.02106 -0.4
0.0213 -0.2
0.02155 0.0
0.02179 0.0
0.02203 0.2
0.02228 0.3
0.02252 0.4
0.02277 0.4
0.02301 0.3
0.02325 0.3
0.0235 0.2
0.02374 0.0
0.02399 0.0
0.02423 -0.1
0.02448 -0.2
0.02472 -0.2
0.02496 -0.2
0.02521 -0.2
0.02545 -0.2
0.0257 -0.1
0.02594 0.0
0.02618 0.0
0.02643 0.0
0.02667 0.0
0.02692 0.1
0.02716 0.1
0.0274 0.1
0.02765 0.1
0.02789 0.0
0.02814 0.0
0.02838 0.0
0.02863 0.0
0.02887 0.0
0.02911 0.0
0.02936 0.0
0.0296 0.0
0.02985 0.0
0.03009 0.0
0.03033 0.0
0.03058 0.0
0.03082 0.0
0.03107 0.0
0.03131 0.0
0.03156 0.0
0.0318 0.0
0.03204 0.0
0.03229 0.0
0.03253 0.0
0.03278 0.0
0.03302 0.0
0.03326 0.0
0.03351 0.0
0.03375 0.0
0.034 0.0
0.03424 0.0
0.03448 0.0
0.03473 0.0
0.03497 0.0
0.03522 0.0
0.03546 0.0
0.03571 0.0
0.03595 0.0
0.03619 0.0
0.03644 0.0
0.03668 0.0
0.03693 0.0
0.03717 0.0
0.03741 0.0
0.03766 0.0
0.0379 0.0
0.03815 0.0
0.03839 0.0
0.03864 0.0
0.03888 0.0
0.03912 0.0
0.03937 0.0
0.03961 0.0
0.03986 0.0
0.0401 0.0
0.04034 0.0
0.04059 0.0
0.04083 0.0
0.04108 0.0
0.04132 0.0
0.04156 0.0
0.04181 0.0
0.04205 0.0
0.0423 0.0
0.04254 0.0
0.04279 0.0
0.04303 0.0
0.04327 0.0
0.04352 0.0
0.04376 0.0
0.04401 0.0
0.04425 0.0
0.04449 0.0
0.04474 0.0
0.04498 0.0
0.04523 0.0
0.04547 0.0
0.04572 0.0
0.04596 0.0
0.0462 0.0
0.04645 0.0
0.04669 0.0
0.04694 0.0
0.04718 0.0
0.04742 0.0
0.04767 0.0
0.04791 0.0
0.04816 0.0
0.0484 0.0
0.04865 0.0
0.04889 0.0
0.04913 0.0
0.04938 0.0
0.04962 0.0
0.04987 0.0
0.05011 0.0
0.05035 0.0
0.0506 0.0
0.05084 0.0
0.05109 0.0
0.05133 0.0
0.05157 0.0
0.05182 0.0
0.05206 0.0
0.05231 0.0
0.05255 0.0
0.0528 0.0
0.05304 0.0
0.05328 0.0
0.05353 0.0
0.05377 0.0
0.05402 0.0
0.05426 0.0
0.0545 0.0
0.05475 0.0
0.05499 0.0
0.05524 0.0
0.05548 0.0
0.05573 0.0
0.05597 0.0
0.05621 0.0
0.05646 0.0
0.0567 0.0
0.05695 0.0
0.05719 0.0
0.05743 0.0
0.05768 0.0
0.05792 0.0
0.05817 0.0
0.05841 0.0
0.05865 0.0
0.0589 0.0
0.05914 0.0
0.05939 0.0
0.05963 0.0
0.05988 0.0
0.06012 0.0
0.06036 0.0
0.06061 0.0
0.06085 0.0
0.0611 0.0
0.06134 0.0
0.06158 0.0
0.06183 0.0
0.06207 0.0
0.06232 0.0
0.06256 0.0
0.06281 0.0
0.06305 0.0
0.06329 0.0
0.06354 0.0
0.06378 0.0
0.06403 0.0
0.06427 0.0
0.06451 0.0
0.06476 0.0
0.065 0.0
0.06525 0.0
0.06549 0.0
0.06573 0.0
0.06598 0.0
0.06622 0.0
0.06647 0.0
0.06671 0.0
0.06696 0.0
0.0672 0.0
0.06744 0.0
0.06769 0.0
0.06793 0.0
0.06818 0.0
0.06842 0.0
0.06866 0.0
0.06891 0.0
0.06915 0.0
0.0694 0.0
0.06964 0.0
0.06989 0.0
0.07013 0.0
0.07037 0.0
0.07062 0.0
0.07086 0.0
0.07111 0.0
0.07135 0.0
0.07159 0.0
0.07184 0.0
0.07208 0.0
0.07233 0.0
0.07257 0.0
0.07281 0.0
0.07306 0.0
0.0733 0.0
0.07355 0.0
0.07379 0.0
0.07404 0.0
0.07428 0.0
0.07452 0.0
0.07477 0.0
0.07501 0.0
0.07526 0.0
0.0755 0.0
0.07574 0.0
0.07599 0.0
0.07623 0.0
0.07648 0.0
0.07672 0.0
0.07697 0.0
0.07721 0.0
0.07745 0.0
0.0777 0.0
0.07794 0.0
0.07819 0.0
0.07843 0.0
0.07867 0.0
0.07892 0.0
0.07916 0.0
0.07941 0.0
0.07965 0.0
0.0799 0.0
0.08014 0.0
0.08038 0.0
0.08063 0.0
0.08087 0.0
0.08112 0.0
0.08136 0.0
0.0816 0.0
0.08185 0.0
0.08209 0.0
0.08234 0.0
0.08258 0.0
0.08282 0.0
0.08307 0.0
0.08331 0.0
0.08356 0.0
0.0838 0.0
0.08405 0.0
0.08429 0.0
0.08453 0.0
0.08478 0.0
0.08502 0.0
0.08527 0.0
0.08551 0.0
0.08575 0.0
0.086 0.0
0.08624 0.0
0.08649 0.0
0.08673 0.0
0.08698 0.0
0.08722 0.0
0.08746 0.0
0.08771 0.0
0.08795 0.0
0.0882 0.0
0.08844 0.0
0.08868 0.0
0.08893 0.0
0.08917 0.0
0.08942 0.0
0.08966 0.0
0.0899 0.0
0.09015 0.0
0.09039 0.0
0.09064 0.0
0.09088 0.0
0.09113 0.0
0.09137 0.0
0.09161 0.0
0.09186 0.0
0.0921 0.0
0.09235 0.0
0.09259 0.0
0.09283 0.0
0.09308 0.0
0.09332 0.0
0.09357 0.0
0.09381 0.0
0.09406 0.0
0.0943 0.0
0.09454 0.0
0.09479 0.0
0.09503 0.0
0.09528 0.0
0.09552 0.0
0.09576 0.0
0.09601 0.0
0.09625 0.0
0.0965 0.0
0.09674 0.0
0.09698 0.0
0.09723 0.0
0.09747 0.0
0.09772 0.0
0.09796 0.0
0.09821 0.0
0.09845 0.0
0.09869 0.0
0.09894 0.0
0.09918 0.0
0.09943 0.0
0.09967 0.0
0.09991 0.0
0.10016 0.0
0.1004 0.0
0.10065 0.0
0.10089 0.0
0.10114 0.0
0.10138 0.0
0.10162 0.0
0.10187 0.0
0.10211 0.0
0.10236 0.0
0.1026 0.0
0.10284 0.0
0.10309 0.0
0.10333 0.0
0.10358 0.0
0.10382 0.0
0.10406 0.0
0.10431 0.0
0.10455 0.0
0.1048 0.0
0.10504 0.0
0.10529 0.0
0.10553 0.0
0.10577 0.0
0.10602 0.0
0.10626 0.0
0.10651 0.0
0.10675 0.0
0.10699 0.0
0.10724 0.0
0.10748 0.0
0.10773 0.0
0.10797 0.0
0.10822 0.0
0.10846 0.0
0.1087 0.0
0.10895 0.0
0.10919 0.0
0.10944 0.0
0.10968 0.0
0.10992 0.0
0.11017 0.0
0.11041 0.0
0.11066 0.0
0.1109 0.0
0.11115 0.0
0.11139 0.0
0.11163 0.0
0.11188 0.0
0.11212 0.0
0.11237 0.0
0.11261 0.0
0.11285 0.0
0.1131 0.0
0.11334 0.0
0.11359 0.0
0.11383 0.0
0.11407 0.0
0.11432 0.0
0.11456 0.0
0.11481 0.0
0.11505 0.0
0.1153 0.0
0.11554 0.0
0.11578 0.0
0.11603 0.0
0.11627 0.0
0.11652 0.0
0.11676 0.0
0.117 0.0
0.11725 0.0
0.11749 0.0
0.11774 0.0
0.11798 0.0
0.11823 0.0
0.11847 0.0
0.11871 0.0
0.11896 0.0
0.1192 0.0
0.11945 0.0
0.11969 0.0
0.11993 0.0
0.12018 0.0
0.12042 0.0
0.12067 0.0
0.12091 0.0
0.12115 0.0
0.1214 0.0
0.12164 0.0
0.12189 0.0
0.12213 0.0
0.12238 0.0
0.12262 0.0
0.12286 0.0
0.12311 0.0
0.12335 0.0
0.1236 0.0
0.12384 0.0
0.12408 0.0
0.12433 0.0
0.12457 0.0
0.12482 0.0
0.12506 0.0
0.12531 0.0
0.12555 0.0
0.12579 0.0
0.12604 0.0
0.12628 0.0
0.12653 0.0
0.12677 0.0
0.12701 0.0
0.12726 0.0
0.1275 0.0
0.12775 0.0
0.12799 0.0
0.12823 0.0
0.12848 0.0
0.12872 0.0
0.12897 0.0
0.12921 0.0
0.12946 0.0
0.1297 0.0
0.12994 0.0
0.13019 0.0
0.13043 0.0
0.13068 0.0
0.13092 0.0
0.13116 0.0
0.13141 0.0
0.13165 0.0
0.1319 0.0
0.13214 0.0
0.13239 0.0
0.13263 0.0
0.13287 0.0
0.13312 0.0
0.13336 0.0
0.13361 0.0
0.13385 0.0
0.13409 0.0
0.13434 0.0
0.13458 0.0
0.13483 0.0
0.13507 0.0
0.13531 0.0
0.13556 0.0
0.1358 0.0
0.13605 0.0
0.13629 0.0
0.13654 0.0
0.13678 0.0
0.13702 0.0
0.13727 0.0
0.13751 0.0
0.13776 0.0
0.138 0.0
0.13824 0.0
0.13849 0.0
0.13873 0.0
0.13898 0.0
0.13922 0.0
0.13947 0.0
0.13971 0.0
0.13995 0.0
0.1402 0.0
0.14044 0.0
0.14069 0.0
0.14093 0.0
0.14117 0.0
0.14142 0.0
0.14166 0.0
0.14191 0.0
0.14215 0.0
0.1424 0.0
0.14264 0.0
0.14288 0.0
0.14313 0.0
0.14337 0.0
0.14362 0.0
0.14386 0.0
0.1441 0.0
0.14435 0.0
0.14459 0.0
0.14484 0.0
0.14508 0.0
0.14532 0.0
0.14557 0.0
0.14581 0.0
0.14606 0.0
0.1463 0.0
0.14655 0.0
0.14679 0.0
0.14703 0.0
0.14728 0.0
0.14752 0.0
0.14777 0.0
0.14801 0.0
0.14825 0.0
0.1485 0.0
0.14874 0.0
0.14899 0.0
0.14923 0.0
0.14948 0.0
0.14972 0.0
0.14996 0.0
0.15021 0.0
0.15045 0.0
0.1507 0.0
0.15094 0.0
0.15118 0.0
0.15143 0.0
0.15167 0.0
0.15192 0.0
0.15216 0.0
0.1524 0.0
0.15265 0.0
0.15289 0.0
0.15314 0.0
0.15338 0.0
0.15363 0.0
0.15387 0.0
0.15411 0.0
0.15436 0.0
0.1546 0.0
0.15485 0.0
0.15509 0.0
0.15533 0.0
0.15558 0.0
0.15582 0.0
0.15607 0.0
0.15631 0.0
0.15656 0.0
0.1568 0.0
0.15704 0.0
0.15729 0.0
0.15753 0.0
0.15778 0.0
0.15802 0.0
0.15826 0.0
0.15851 0.0
0.15875 0.0
0.159 0.0
0.15924 0.0
0.15948 0.0
0.15973 0.0
0.15997 0.0
0.16022 0.0
0.16046 0.0
0.16071 0.0
0.16095 0.0
0.16119 0.0
0.16144 0.0
0.16168 0.0
0.16193 0.0
0.16217 0.0
0.16241 0.0
0.16266 0.0
0.1629 0.0
0.16315 0.0
0.16339 0.0
0.16364 0.0
0.16388 0.0
0.16412 0.0
0.16437 0.0
0.16461 0.0
0.16486 0.0
0.1651 0.0
0.16534 0.0
0.16559 0.0
0.16583 0.0
0.16608 0.0
0.16632 0.0
0.16656 0.0
0.16681 0.0
0.16705 0.0
0.1673 0.0
0.16754 0.0
0.16779 0.0
0.16803 0.0
0.16827 0.0
0.16852 0.0
0.16876 0.0
0.16901 0.0
0.16925 0.0
0.16949 0.0
0.16974 0.0
0.16998 0.0
0.17023 0.0
0.17047 0.0
0.17072 0.0
0.17096 0.0
0.1712 0.0
0.17145 0.0
0.17169 0.0
0.17194 0.0
0.17218 0.0
0.17242 0.0
0.17267 0.0
0.17291 0.0
0.17316 0.0
0.1734 0.0
0.17365 0.0
0.17389 0.0
0.17413 0.0
0.17438 0.0
0.17462 0.0
0.17487 0.0
0.17511 0.0
0.17535 0.0
0.1756 0.0
0.17584 0.0
0.17609 0.0
0.17633 0.0
0.17657 0.0
0.17682 0.0
0.17706 0.0
0.17731 0.0
0.17755 0.0
0.1778 0.0
0.17804 0.0
0.17828 0.0
0.17853 0.0
0.17877 0.0
0.17902 0.0
0.17926 0.0
0.1795 0.0
0.17975 0.0
0.17999 0.0
0.18024 0.0
0.18048 0.0
0.18073 0.0
0.18097 0.0
0.18121 0.0
0.18146 0.0
0.1817 0.0
